0 0.171484375 0.24444444444444444 0.19609375 0.16944444444444445
0 0.58671875 0.12569444444444444 0.078125 0.0625
0 0.38984375 0.03819444444444445 0.0453125 0.043055555555555555
0 0.604296875 0.26666666666666666 0.18046875 0.15
0 0.67734375 0.09722222222222222 0.0359375 0.03888888888888889
0 0.33046875 0.02638888888888889 0.0390625 0.027777777777777776
0 0.707421875 0.08888888888888889 0.03046875 0.041666666666666664
0 0.487890625 0.06319444444444444 0.05703125 0.06527777777777778
0 0.2265625 0.03888888888888889 0.0453125 0.041666666666666664
0 0.83359375 0.30416666666666664 0.065625 0.14166666666666666
0 0.746484375 0.17222222222222222 0.09765625 0.06666666666666667
0 0.18125 0.03819444444444445 0.040625 0.03194444444444444