1 0.7828125 0.3736111111111111 0.040625 0.2
1 0.804296875 0.46875 0.07109375 0.30694444444444446
1 0.72265625 0.37083333333333335 0.040625 0.2
0 0.442578125 0.2659722222222222 0.19453125 0.16805555555555557
0 0.63671875 0.175 0.153125 0.19166666666666668
0 0.507421875 0.07361111111111111 0.05859375 0.05
0 0.325390625 0.03194444444444444 0.03203125 0.030555555555555555
0 0.379296875 0.035416666666666666 0.04296875 0.0375
0 0.475390625 0.0375 0.03828125 0.025
0 0.80703125 0.21180555555555555 0.1265625 0.14305555555555555
0 0.413671875 0.03611111111111111 0.02421875 0.022222222222222223