1 0.782421875 0.3770833333333333 0.03984375 0.2013888888888889
1 0.721875 0.3715277777777778 0.0359375 0.19583333333333333
0 0.6 0.1451388888888889 0.0734375 0.0763888888888889
0 0.6625 0.09722222222222222 0.04375 0.058333333333333334
0 0.336328125 0.04722222222222222 0.05859375 0.05277777777777778
0 0.61953125 0.10069444444444445 0.0390625 0.04027777777777778
0 0.409765625 0.06041666666666667 0.04140625 0.04027777777777778
0 0.21484375 0.03819444444444445 0.0375 0.05416666666666667
0 0.744140625 0.15902777777777777 0.04921875 0.06527777777777778
0 0.4734375 0.06597222222222222 0.0328125 0.04027777777777778
0 0.51484375 0.034722222222222224 0.0375 0.03333333333333333
0 0.398828125 0.025694444444444443 0.03984375 0.029166666666666667
0 0.475 0.02847222222222222 0.0359375 0.034722222222222224