1 0.679296875 0.5583333333333333 0.07109375 0.3138888888888889
1 0.747265625 0.5569444444444445 0.06640625 0.3138888888888889
1 0.781640625 0.37083333333333335 0.03984375 0.19166666666666668
1 0.724609375 0.3638888888888889 0.03515625 0.18055555555555555
1 0.378125 0.3375 0.034375 0.20555555555555555
0 0.362109375 0.1736111111111111 0.10546875 0.11388888888888889
0 0.534375 0.2513888888888889 0.16875 0.1527777777777778
0 0.640234375 0.10486111111111111 0.06796875 0.05416666666666667
0 0.349609375 0.02638888888888889 0.04609375 0.03888888888888889
0 0.691796875 0.1486111111111111 0.05234375 0.075
0 0.769140625 0.2604166666666667 0.13984375 0.13472222222222222
1 0.84296875 0.4548611111111111 0.0328125 0.23194444444444445
0 0.278125 0.029166666666666667 0.0328125 0.05
0 0.219140625 0.03958333333333333 0.04921875 0.05416666666666667
0 0.857421875 0.2659722222222222 0.02734375 0.10972222222222222
0 0.401953125 0.025694444444444443 0.03203125 0.02638888888888889