1 0.81484375 0.45625 0.065625 0.2986111111111111
1 0.7921875 0.3763888888888889 0.040625 0.20277777777777778
1 0.736328125 0.38055555555555554 0.03671875 0.19444444444444445
0 0.3140625 0.29097222222222224 0.23125 0.19305555555555556
0 0.164453125 0.7486111111111111 0.32734375 0.49722222222222223
0 0.0578125 0.4305555555555556 0.1140625 0.16944444444444445
0 0.382421875 0.11597222222222223 0.06171875 0.06805555555555555
0 0.615234375 0.25625 0.17109375 0.13472222222222222
0 0.35546875 0.052083333333333336 0.059375 0.04861111111111111
0 0.21875 0.034027777777777775 0.04375 0.0375
0 0.501953125 0.059027777777777776 0.09296875 0.10694444444444444
0 0.408984375 0.058333333333333334 0.03046875 0.04722222222222222
0 0.321484375 0.030555555555555555 0.03515625 0.03888888888888889