1 0.814453125 0.4444444444444444 0.06484375 0.2777777777777778
1 0.7484375 0.475 0.0578125 0.2638888888888889
1 0.657421875 0.38125 0.04296875 0.18194444444444444
0 0.190234375 0.7486111111111111 0.37890625 0.5027777777777778
0 0.53671875 0.07708333333333334 0.0625 0.04583333333333333
0 0.472265625 0.034722222222222224 0.03515625 0.027777777777777776
0 0.76875 0.1701388888888889 0.0875 0.07361111111111111
0 0.846875 0.18055555555555555 0.0578125 0.06111111111111111
0 0.39765625 0.05347222222222222 0.059375 0.059722222222222225
0 0.29765625 0.02847222222222222 0.0640625 0.05416666666666667
0 0.22421875 0.03611111111111111 0.0484375 0.03888888888888889
0 0.364453125 0.03680555555555556 0.03515625 0.05138888888888889