1 0.78359375 0.37569444444444444 0.0421875 0.20416666666666666
1 0.721484375 0.36875 0.03515625 0.2013888888888889
0 0.335546875 0.04861111111111111 0.06328125 0.05277777777777778
0 0.776953125 0.18125 0.05078125 0.06805555555555555
0 0.39921875 0.05694444444444444 0.0390625 0.044444444444444446
0 0.20703125 0.08958333333333333 0.06875 0.05416666666666667
0 0.833203125 0.32708333333333334 0.06640625 0.13194444444444445
0 0.37421875 0.034027777777777775 0.0234375 0.03194444444444444
1 0.579296875 0.7340277777777777 0.13984375 0.4652777777777778
0 0.849609375 0.2388888888888889 0.04140625 0.07222222222222222
0 0.26484375 0.03333333333333333 0.0625 0.05555555555555555