1 0.81640625 0.45625 0.0671875 0.2986111111111111
1 0.7359375 0.38125 0.0359375 0.19305555555555556
1 0.79453125 0.3798611111111111 0.0390625 0.20694444444444443
0 0.15546875 0.37083333333333335 0.2953125 0.24166666666666667
0 0.087890625 0.7631944444444444 0.17421875 0.42916666666666664
0 0.50390625 0.06944444444444445 0.05625 0.041666666666666664
0 0.7609375 0.1625 0.0828125 0.07222222222222222
0 0.708984375 0.1076388888888889 0.03671875 0.04861111111111111
0 0.3484375 0.050694444444444445 0.05 0.043055555555555555
0 0.21953125 0.03611111111111111 0.0453125 0.03888888888888889
0 0.40625 0.059027777777777776 0.0296875 0.04583333333333333