1 0.76328125 0.4888888888888889 0.06875 0.2972222222222222
1 0.637109375 0.7743055555555556 0.09453125 0.4125
1 0.318359375 0.225 0.03515625 0.17222222222222222
1 0.29453125 0.23402777777777778 0.0296875 0.1625
0 0.551953125 0.10902777777777778 0.06640625 0.06805555555555555
0 0.6078125 0.21319444444444444 0.1515625 0.12916666666666668
0 0.79375 0.20347222222222222 0.078125 0.07916666666666666
0 0.834375 0.1875 0.071875 0.07222222222222222
0 0.720703125 0.12013888888888889 0.03203125 0.04583333333333333
0 0.37421875 0.1 0.09375 0.12777777777777777
0 0.21953125 0.025694444444444443 0.0375 0.03194444444444444
0 0.394921875 0.018055555555555554 0.04765625 0.03333333333333333