1 0.787109375 0.4423611111111111 0.05703125 0.2875
1 0.18984375 0.11875 0.015625 0.0875
0 0.14765625 0.37430555555555556 0.28125 0.2375
0 0.190234375 0.7493055555555556 0.37890625 0.5013888888888889
0 0.49765625 0.06805555555555555 0.0484375 0.041666666666666664
0 0.35703125 0.030555555555555555 0.053125 0.058333333333333334
0 0.301171875 0.03680555555555556 0.06484375 0.0625
0 0.216796875 0.03125 0.04140625 0.04861111111111111
0 0.828515625 0.2972222222222222 0.08046875 0.13333333333333333
0 0.712109375 0.18680555555555556 0.05078125 0.08472222222222223
0 0.68515625 0.12777777777777777 0.0703125 0.05277777777777778