1 0.715234375 0.6465277777777778 0.07734375 0.3958333333333333
1 0.782421875 0.34791666666666665 0.03828125 0.14583333333333334
0 0.577734375 0.13402777777777777 0.08515625 0.07083333333333333
0 0.3359375 0.04791666666666667 0.0640625 0.05416666666666667
0 0.50234375 0.15416666666666667 0.0765625 0.1
0 0.1875 0.08611111111111111 0.0609375 0.04722222222222222
0 0.399609375 0.06041666666666667 0.04296875 0.043055555555555555
0 0.4015625 0.035416666666666666 0.0390625 0.029166666666666667
0 0.50390625 0.035416666666666666 0.028125 0.020833333333333332
0 0.67421875 0.22916666666666666 0.1671875 0.18055555555555555
1 0.796484375 0.6847222222222222 0.06640625 0.36666666666666664
0 0.2640625 0.03333333333333333 0.0609375 0.05555555555555555
0 0.770703125 0.09305555555555556 0.01953125 0.03611111111111111