1 0.798046875 0.4840277777777778 0.07421875 0.3013888888888889
1 0.555859375 0.8777777777777778 0.10390625 0.24166666666666667
1 0.447265625 0.86875 0.12890625 0.2625
0 0.191015625 0.7423611111111111 0.38046875 0.5041666666666667
0 0.230078125 0.25069444444444444 0.31328125 0.35138888888888886
0 0.55078125 0.13125 0.065625 0.06805555555555555
0 0.596875 0.09583333333333334 0.0453125 0.05
0 0.368359375 0.027777777777777776 0.03046875 0.05
0 0.2953125 0.04236111111111111 0.0625 0.05416666666666667
0 0.491796875 0.034722222222222224 0.03046875 0.019444444444444445
0 0.82734375 0.2743055555555556 0.0828125 0.15138888888888888
0 0.741796875 0.17708333333333334 0.05390625 0.0763888888888889
0 0.2328125 0.0375 0.0375 0.044444444444444446