1 0.784375 0.42777777777777776 0.059375 0.2777777777777778
1 0.265625 0.13472222222222222 0.0203125 0.10277777777777777
0 0.190234375 0.7479166666666667 0.37890625 0.5041666666666667
0 0.396875 0.052083333333333336 0.05625 0.05694444444444444
0 0.796875 0.18263888888888888 0.0875 0.06805555555555555
0 0.764453125 0.1326388888888889 0.03203125 0.029166666666666667
0 0.647265625 0.13680555555555557 0.07734375 0.059722222222222225
0 0.3265625 0.05555555555555555 0.040625 0.041666666666666664
0 0.296484375 0.03819444444444445 0.06484375 0.06805555555555555
0 0.484765625 0.05138888888888889 0.07265625 0.1
0 0.22734375 0.035416666666666666 0.0421875 0.04861111111111111