1 0.789453125 0.4284722222222222 0.06015625 0.2763888888888889
1 0.2984375 0.15763888888888888 0.0234375 0.12638888888888888
0 0.190234375 0.75 0.37890625 0.5
0 0.367578125 0.025694444444444443 0.04140625 0.034722222222222224
0 0.4984375 0.07430555555555556 0.0578125 0.0625
0 0.473046875 0.03888888888888889 0.03359375 0.03611111111111111
0 0.724609375 0.24027777777777778 0.13671875 0.1361111111111111
0 0.616796875 0.07847222222222222 0.10078125 0.10972222222222222
0 0.29375 0.03680555555555556 0.05 0.05416666666666667
0 0.23125 0.03819444444444445 0.0421875 0.04583333333333333
0 0.729296875 0.1451388888888889 0.07890625 0.059722222222222225
0 0.853515625 0.2013888888888889 0.04140625 0.06944444444444445