1 0.805078125 0.4375 0.05859375 0.2916666666666667
1 0.726953125 0.37222222222222223 0.03671875 0.20277777777777778
1 0.784765625 0.3736111111111111 0.04453125 0.2
0 0.568359375 0.09166666666666666 0.06484375 0.05277777777777778
0 0.595703125 0.26319444444444445 0.18203125 0.1486111111111111
0 0.234375 0.034027777777777775 0.0859375 0.0625
0 0.481640625 0.03194444444444444 0.03203125 0.025
0 0.35546875 0.04861111111111111 0.0578125 0.058333333333333334
0 0.69453125 0.12777777777777777 0.03125 0.06666666666666667
0 0.80390625 0.28055555555555556 0.1265625 0.17777777777777778
0 0.2921875 0.041666666666666664 0.040625 0.03611111111111111
0 0.47890625 0.06458333333333334 0.0453125 0.04861111111111111