1 0.797265625 0.46111111111111114 0.06796875 0.3
1 0.714453125 0.36875 0.03828125 0.19583333333333333
0 0.126953125 0.28055555555555556 0.20234375 0.20277777777777778
0 0.387109375 0.16458333333333333 0.08515625 0.1125
0 0.645703125 0.10902777777777778 0.04296875 0.04861111111111111
0 0.6078125 0.08125 0.0640625 0.0763888888888889
0 0.36796875 0.03611111111111111 0.0375 0.03333333333333333
0 0.335546875 0.025 0.03203125 0.03888888888888889
0 0.483203125 0.04027777777777778 0.03515625 0.030555555555555555
1 0.780859375 0.3263888888888889 0.03984375 0.11944444444444445
0 0.69765625 0.1284722222222222 0.03125 0.05138888888888889