1 0.783203125 0.37569444444444444 0.03828125 0.20416666666666666
1 0.72109375 0.375 0.040625 0.18611111111111112
0 0.079296875 0.29305555555555557 0.15703125 0.2222222222222222
0 0.620703125 0.1486111111111111 0.06953125 0.10833333333333334
0 0.450390625 0.1451388888888889 0.09921875 0.13194444444444445
0 0.401171875 0.05625 0.04453125 0.04583333333333333
0 0.33828125 0.04583333333333333 0.0609375 0.05277777777777778
0 0.808203125 0.21736111111111112 0.09140625 0.10694444444444444
0 0.210546875 0.03819444444444445 0.04921875 0.04027777777777778
0 0.374609375 0.035416666666666666 0.02734375 0.029166666666666667
0 0.8390625 0.19236111111111112 0.0625 0.07361111111111111
0 0.269921875 0.03263888888888889 0.05859375 0.0625