1 0.567578125 0.3347222222222222 0.04921875 0.21388888888888888
1 0.71875 0.5652777777777778 0.0765625 0.3861111111111111
1 0.7828125 0.4583333333333333 0.0515625 0.23333333333333334
0 0.640234375 0.21388888888888888 0.13359375 0.13055555555555556
0 0.33671875 0.025694444444444443 0.0359375 0.03194444444444444
0 0.4875 0.12986111111111112 0.0421875 0.10138888888888889
1 0.583984375 0.32430555555555557 0.02578125 0.23472222222222222
0 0.74296875 0.17222222222222222 0.0859375 0.07777777777777778
0 0.697265625 0.12777777777777777 0.03359375 0.05277777777777778
0 0.3953125 0.025 0.0546875 0.04722222222222222
0 0.19375 0.06111111111111111 0.046875 0.05555555555555555
0 0.23125 0.02638888888888889 0.028125 0.03333333333333333
0 0.494140625 0.03680555555555556 0.02734375 0.02361111111111111