1 0.76328125 0.43680555555555556 0.04375 0.2263888888888889
1 0.53515625 0.3375 0.04375 0.18333333333333332
1 0.8140625 0.4513888888888889 0.059375 0.28888888888888886
1 0.71796875 0.41944444444444445 0.046875 0.21944444444444444
0 0.190234375 0.7479166666666667 0.37890625 0.5041666666666667
0 0.389453125 0.041666666666666664 0.04921875 0.03888888888888889
0 0.321484375 0.059722222222222225 0.05703125 0.03888888888888889
0 0.7203125 0.16666666666666666 0.0796875 0.07222222222222222
0 0.8390625 0.19722222222222222 0.0734375 0.06666666666666667
0 0.221875 0.03680555555555556 0.046875 0.0375
1 0.78828125 0.40347222222222223 0.0359375 0.2152777777777778