0 0.346875 0.030555555555555555 0.0296875 0.03333333333333333
0 0.494921875 0.12291666666666666 0.05703125 0.0875
0 0.582421875 0.09861111111111111 0.06796875 0.044444444444444446
0 0.214453125 0.034027777777777775 0.04921875 0.043055555555555555
0 0.301953125 0.02361111111111111 0.04140625 0.03611111111111111
0 0.4 0.041666666666666664 0.0421875 0.041666666666666664
0 0.374609375 0.03263888888888889 0.03046875 0.03194444444444444
0 0.81328125 0.17083333333333334 0.0703125 0.07777777777777778
0 0.61015625 0.07916666666666666 0.05625 0.04722222222222222
0 0.49296875 0.06666666666666667 0.0484375 0.03888888888888889
0 0.2796875 0.04027777777777778 0.0203125 0.03611111111111111