1 0.819921875 0.44375 0.05234375 0.24027777777777778
1 0.6921875 0.5270833333333333 0.06875 0.29583333333333334
0 0.1015625 0.2902777777777778 0.2015625 0.23055555555555557
0 0.3125 0.31805555555555554 0.2296875 0.18888888888888888
0 0.514453125 0.11875 0.07265625 0.059722222222222225
0 0.51953125 0.07291666666666667 0.0546875 0.04027777777777778
0 0.396484375 0.04027777777777778 0.04140625 0.03888888888888889
0 0.61953125 0.09513888888888888 0.0484375 0.09027777777777778
0 0.476953125 0.035416666666666666 0.03515625 0.02361111111111111
0 0.690625 0.13680555555555557 0.0671875 0.059722222222222225
0 0.806640625 0.18333333333333332 0.08515625 0.075
0 0.2625 0.041666666666666664 0.04375 0.03611111111111111
0 0.33203125 0.022916666666666665 0.0453125 0.0375
0 0.209765625 0.03125 0.03828125 0.0375
0 0.292578125 0.10416666666666667 0.07421875 0.06666666666666667