1 0.760546875 0.5729166666666666 0.07734375 0.37916666666666665
1 0.687890625 0.5472222222222223 0.07265625 0.32222222222222224
1 0.7828125 0.3486111111111111 0.0359375 0.15
1 0.727734375 0.35694444444444445 0.03828125 0.17777777777777778
0 0.534765625 0.24583333333333332 0.17265625 0.16944444444444445
0 0.13125 0.39305555555555555 0.2609375 0.25277777777777777
0 0.5859375 0.09444444444444444 0.0609375 0.04722222222222222
0 0.392578125 0.04236111111111111 0.04453125 0.04027777777777778
0 0.4890625 0.059722222222222225 0.04375 0.044444444444444446
0 0.84609375 0.3111111111111111 0.040625 0.11388888888888889
0 0.812890625 0.1840277777777778 0.09140625 0.08194444444444444
0 0.348828125 0.030555555555555555 0.03515625 0.027777777777777776