1 0.815625 0.4576388888888889 0.0671875 0.2986111111111111
1 0.7375 0.37777777777777777 0.040625 0.19444444444444445
1 0.28671875 0.4548611111111111 0.075 0.35694444444444445
0 0.10234375 0.375 0.203125 0.22777777777777777
0 0.18984375 0.7479166666666667 0.378125 0.5041666666666667
0 0.59296875 0.10138888888888889 0.071875 0.058333333333333334
0 0.315625 0.10972222222222222 0.084375 0.06666666666666667
0 0.769921875 0.14930555555555555 0.05546875 0.05694444444444444
0 0.65859375 0.22708333333333333 0.13125 0.13472222222222222
0 0.401953125 0.04513888888888889 0.04140625 0.0375
0 0.815625 0.22916666666666666 0.1046875 0.1111111111111111
1 0.798828125 0.3784722222222222 0.03984375 0.20416666666666666
0 0.351171875 0.05138888888888889 0.05390625 0.041666666666666664
0 0.21875 0.034722222222222224 0.04375 0.03888888888888889
0 0.32265625 0.02847222222222222 0.0328125 0.029166666666666667