1 0.78359375 0.3736111111111111 0.0375 0.20277777777777778
1 0.82265625 0.44513888888888886 0.0578125 0.2708333333333333
1 0.725 0.3736111111111111 0.0375 0.18888888888888888
1 0.60546875 0.8666666666666667 0.10625 0.2611111111111111
0 0.5328125 0.25555555555555554 0.16875 0.14722222222222223
0 0.5515625 0.12361111111111112 0.078125 0.06666666666666667
0 0.271484375 0.09236111111111112 0.07265625 0.04861111111111111
0 0.65859375 0.22847222222222222 0.10625 0.10138888888888889
0 0.669140625 0.1361111111111111 0.08828125 0.06944444444444445
0 0.212890625 0.034027777777777775 0.04140625 0.034722222222222224
0 0.8375 0.18194444444444444 0.0734375 0.08611111111111111
0 0.30234375 0.034722222222222224 0.06875 0.058333333333333334
0 0.35078125 0.025 0.0359375 0.03611111111111111
0 0.505078125 0.02847222222222222 0.04921875 0.034722222222222224