1 0.8140625 0.4652777777777778 0.071875 0.29444444444444445
1 0.61171875 0.8611111111111112 0.190625 0.2777777777777778
0 0.082421875 0.2826388888888889 0.16328125 0.23194444444444445
0 0.190625 0.7493055555555556 0.3796875 0.4986111111111111
0 0.59765625 0.20208333333333334 0.1375 0.12361111111111112
0 0.367578125 0.06666666666666667 0.05234375 0.041666666666666664
0 0.39765625 0.04583333333333333 0.040625 0.041666666666666664
0 0.23125 0.03333333333333333 0.0796875 0.06388888888888888
0 0.800390625 0.1638888888888889 0.08359375 0.06666666666666667
0 0.8546875 0.2604166666666667 0.0296875 0.06527777777777778
0 0.695703125 0.1423611111111111 0.03671875 0.06527777777777778
0 0.314453125 0.04652777777777778 0.05703125 0.0375