1 0.63046875 0.7861111111111111 0.1125 0.42777777777777776
1 0.115625 0.20555555555555555 0.0328125 0.1638888888888889
0 0.662890625 0.09861111111111111 0.03984375 0.044444444444444446
0 0.18125 0.07777777777777778 0.065625 0.06388888888888888
0 0.27890625 0.027777777777777776 0.08125 0.05277777777777778
0 0.48671875 0.034722222222222224 0.0328125 0.030555555555555555
0 0.5234375 0.03194444444444444 0.0390625 0.027777777777777776
0 0.191796875 0.02638888888888889 0.03828125 0.030555555555555555
0 0.371484375 0.021527777777777778 0.05859375 0.04027777777777778
0 0.36796875 0.03958333333333333 0.034375 0.043055555555555555
0 0.691796875 0.13541666666666666 0.03671875 0.05138888888888889