1 0.814453125 0.45694444444444443 0.06484375 0.29444444444444445
1 0.735546875 0.38055555555555554 0.03671875 0.19722222222222222
1 0.79453125 0.37916666666666665 0.0421875 0.2
0 0.10625 0.40347222222222223 0.2109375 0.22916666666666666
0 0.14765625 0.74375 0.29375 0.5013888888888889
0 0.39375 0.2722222222222222 0.215625 0.17777777777777778
0 0.4859375 0.04652777777777778 0.075 0.09027777777777778
0 0.351953125 0.052083333333333336 0.05703125 0.04861111111111111
0 0.219140625 0.034027777777777775 0.04296875 0.043055555555555555
0 0.409765625 0.05694444444444444 0.03515625 0.03888888888888889
0 0.32109375 0.029166666666666667 0.03125 0.03888888888888889