1 0.782421875 0.37569444444444444 0.03984375 0.20416666666666666
1 0.724609375 0.37430555555555556 0.03671875 0.19305555555555556
0 0.505859375 0.07847222222222222 0.06328125 0.05416666666666667
0 0.34140625 0.04583333333333333 0.0578125 0.04722222222222222
0 0.842578125 0.3125 0.04453125 0.11944444444444445
0 0.298046875 0.10347222222222222 0.06484375 0.05416666666666667
0 0.387109375 0.027777777777777776 0.04609375 0.03611111111111111
0 0.634765625 0.11388888888888889 0.06640625 0.05
0 0.670703125 0.1 0.03203125 0.03888888888888889
0 0.265234375 0.03680555555555556 0.05859375 0.0625
0 0.215234375 0.03819444444444445 0.04453125 0.05138888888888889