1 0.781640625 0.37777777777777777 0.03984375 0.20277777777777778
1 0.67890625 0.6395833333333333 0.08125 0.37083333333333335
1 0.73203125 0.45902777777777776 0.0484375 0.22916666666666666
1 0.8171875 0.44375 0.065625 0.2902777777777778
1 0.725390625 0.33611111111111114 0.03203125 0.125
0 0.486328125 0.2548611111111111 0.19453125 0.1486111111111111
0 0.607421875 0.09930555555555555 0.06484375 0.043055555555555555
0 0.360546875 0.04236111111111111 0.07109375 0.06527777777777778
0 0.23515625 0.09444444444444444 0.06875 0.04722222222222222
0 0.6640625 0.23333333333333334 0.09375 0.10277777777777777
0 0.828125 0.18958333333333333 0.084375 0.09027777777777778
0 0.687109375 0.1423611111111111 0.06015625 0.06527777777777778
0 0.3859375 0.1375 0.0625 0.08333333333333333
0 0.21796875 0.030555555555555555 0.046875 0.03611111111111111
0 0.282421875 0.03819444444444445 0.03671875 0.043055555555555555