1 0.61484375 0.7083333333333334 0.096875 0.41388888888888886
0 0.344921875 0.03333333333333333 0.03515625 0.03611111111111111
0 0.809765625 0.2375 0.11953125 0.13055555555555556
0 0.39609375 0.04513888888888889 0.0453125 0.043055555555555555
0 0.279296875 0.04375 0.05546875 0.04861111111111111
0 0.473828125 0.03680555555555556 0.03359375 0.02361111111111111
0 0.398046875 0.013888888888888888 0.04140625 0.025
0 0.6875 0.15069444444444444 0.0921875 0.0763888888888889
0 0.8203125 0.18125 0.090625 0.07361111111111111
0 0.2296875 0.0763888888888889 0.0734375 0.07222222222222222
0 0.21953125 0.029166666666666667 0.0546875 0.03611111111111111