1 0.804296875 0.44583333333333336 0.06796875 0.2861111111111111
1 0.71875 0.3729166666666667 0.034375 0.19305555555555556
1 0.781640625 0.37777777777777777 0.03984375 0.20555555555555555
0 0.128515625 0.3736111111111111 0.25546875 0.24722222222222223
0 0.53046875 0.075 0.090625 0.08611111111111111
0 0.38046875 0.03611111111111111 0.0328125 0.041666666666666664
0 0.214453125 0.0875 0.06640625 0.06111111111111111
0 0.337109375 0.025 0.03359375 0.027777777777777776
0 0.310546875 0.050694444444444445 0.04765625 0.04861111111111111
0 0.851171875 0.19791666666666666 0.04296875 0.05138888888888889
0 0.837109375 0.17916666666666667 0.05234375 0.05
0 0.22421875 0.03125 0.0484375 0.0375