1 0.729296875 0.48541666666666666 0.05703125 0.26805555555555555
1 0.8046875 0.4395833333333333 0.0640625 0.29305555555555557
1 0.781640625 0.3736111111111111 0.04140625 0.19444444444444445
1 0.723046875 0.3375 0.03984375 0.13055555555555556
0 0.333203125 0.28125 0.18671875 0.17083333333333334
0 0.2171875 0.0875 0.06875 0.06111111111111111
0 0.377734375 0.027777777777777776 0.03671875 0.030555555555555555
0 0.4015625 0.1326388888888889 0.0859375 0.08194444444444444
0 0.77890625 0.16597222222222222 0.075 0.0763888888888889
0 0.21484375 0.03194444444444444 0.046875 0.03888888888888889
0 0.282421875 0.03680555555555556 0.04140625 0.04027777777777778
0 0.408203125 0.04861111111111111 0.04921875 0.06666666666666667