1 0.769140625 0.47152777777777777 0.05703125 0.24861111111111112
1 0.21953125 0.36875 0.053125 0.2263888888888889
1 0.71171875 0.47708333333333336 0.059375 0.25416666666666665
1 0.12421875 0.14375 0.0171875 0.0763888888888889
1 0.82890625 0.44166666666666665 0.059375 0.2611111111111111
1 0.78203125 0.33402777777777776 0.040625 0.11805555555555555
0 0.537109375 0.25277777777777777 0.17421875 0.14722222222222223
1 0.721875 0.3194444444444444 0.0375 0.08888888888888889
0 0.83515625 0.27708333333333335 0.071875 0.0875
0 0.72265625 0.2513888888888889 0.1390625 0.10833333333333334
0 0.675 0.16319444444444445 0.071875 0.08472222222222223
0 0.805859375 0.1638888888888889 0.06015625 0.07777777777777778
0 0.494140625 0.13125 0.04921875 0.08472222222222223
0 0.21796875 0.03680555555555556 0.053125 0.043055555555555555