1 0.058984375 0.23472222222222222 0.02890625 0.13333333333333333
0 0.37421875 0.2965277777777778 0.228125 0.1986111111111111
0 0.203515625 0.22569444444444445 0.17421875 0.15416666666666667
0 0.8421875 0.22847222222222222 0.059375 0.1125
0 0.318359375 0.025694444444444443 0.04296875 0.029166666666666667
0 0.492578125 0.06944444444444445 0.04921875 0.041666666666666664
0 0.384765625 0.03958333333333333 0.04921875 0.04027777777777778
0 0.22109375 0.035416666666666666 0.05625 0.04027777777777778
0 0.4671875 0.03333333333333333 0.028125 0.027777777777777776
0 0.68125 0.08402777777777778 0.053125 0.07361111111111111
0 0.707421875 0.11805555555555555 0.02734375 0.05277777777777778