1 0.5921875 0.8055555555555556 0.159375 0.3861111111111111
0 0.5625 0.08541666666666667 0.05625 0.05694444444444444
0 0.65625 0.0875 0.0515625 0.08333333333333333
0 0.703515625 0.12569444444444444 0.03359375 0.04583333333333333
0 0.7296875 0.11666666666666667 0.0203125 0.030555555555555555
0 0.354296875 0.04583333333333333 0.04140625 0.03611111111111111
0 0.383984375 0.03888888888888889 0.03515625 0.044444444444444446
0 0.503515625 0.035416666666666666 0.02734375 0.02361111111111111
0 0.16875 0.027777777777777776 0.01875 0.019444444444444445
0 0.203125 0.034722222222222224 0.03125 0.03888888888888889
0 0.22421875 0.022222222222222223 0.0359375 0.030555555555555555