1 0.782421875 0.3763888888888889 0.03984375 0.20277777777777778
1 0.722265625 0.3715277777777778 0.03671875 0.19583333333333333
0 0.21875 0.3402777777777778 0.25625 0.23333333333333334
0 0.037890625 0.24027777777777778 0.07421875 0.18055555555555555
0 0.58125 0.125 0.0546875 0.06666666666666667
0 0.819140625 0.22291666666666668 0.08359375 0.10138888888888889
0 0.4015625 0.05625 0.04375 0.04861111111111111
0 0.340625 0.04652777777777778 0.05625 0.05416666666666667
0 0.3734375 0.034027777777777775 0.025 0.029166666666666667
0 0.705078125 0.2013888888888889 0.09765625 0.1111111111111111
0 0.264453125 0.027777777777777776 0.06171875 0.04722222222222222