1 0.18125 0.43194444444444446 0.0609375 0.2361111111111111
1 0.815625 0.4548611111111111 0.0671875 0.3013888888888889
1 0.734375 0.3770833333333333 0.040625 0.1986111111111111
0 0.18984375 0.7465277777777778 0.378125 0.5069444444444444
0 0.215625 0.3145833333333333 0.2421875 0.20416666666666666
0 0.637890625 0.10347222222222222 0.05703125 0.04583333333333333
1 0.8 0.3861111111111111 0.0375 0.20555555555555555
0 0.786328125 0.13402777777777777 0.13046875 0.14027777777777778
0 0.35234375 0.050694444444444445 0.0515625 0.043055555555555555
0 0.21875 0.034722222222222224 0.0453125 0.03888888888888889
0 0.321875 0.02638888888888889 0.03125 0.03333333333333333
0 0.401953125 0.04375 0.04296875 0.04027777777777778