0 0.42265625 0.26666666666666666 0.2015625 0.16666666666666666
0 0.38515625 0.03194444444444444 0.0421875 0.041666666666666664
0 0.328125 0.027083333333333334 0.0453125 0.034722222222222224
0 0.583984375 0.09097222222222222 0.05859375 0.043055555555555555
0 0.407421875 0.04027777777777778 0.03828125 0.03888888888888889
0 0.283203125 0.04236111111111111 0.03671875 0.043055555555555555
0 0.732421875 0.14930555555555555 0.08515625 0.0625
0 0.8578125 0.20347222222222222 0.03125 0.04861111111111111
0 0.70390625 0.09375 0.040625 0.05416666666666667
0 0.48828125 0.0625 0.0546875 0.05277777777777778
0 0.21953125 0.034722222222222224 0.059375 0.05
0 0.179296875 0.0798611111111111 0.04921875 0.05138888888888889