1 0.781640625 0.4722222222222222 0.07421875 0.2972222222222222
1 0.518359375 0.9208333333333333 0.13671875 0.15833333333333333
0 0.087109375 0.40694444444444444 0.17265625 0.19166666666666668
0 0.190234375 0.7513888888888889 0.37890625 0.49166666666666664
0 0.62265625 0.2743055555555556 0.1734375 0.13472222222222222
0 0.659375 0.12708333333333333 0.0890625 0.0625
0 0.394921875 0.030555555555555555 0.03828125 0.027777777777777776
0 0.346875 0.027777777777777776 0.0484375 0.05277777777777778
0 0.287890625 0.03194444444444444 0.04453125 0.05555555555555555
0 0.2109375 0.03333333333333333 0.0453125 0.044444444444444446
0 0.414453125 0.05694444444444444 0.04609375 0.044444444444444446