1 0.815234375 0.45694444444444443 0.06640625 0.2972222222222222
1 0.289453125 0.3951388888888889 0.05390625 0.24305555555555555
1 0.748828125 0.38263888888888886 0.03359375 0.19027777777777777
0 0.189453125 0.7472222222222222 0.37734375 0.5027777777777778
0 0.3109375 0.1 0.08125 0.06388888888888888
0 0.49765625 0.06805555555555555 0.05 0.03888888888888889
0 0.36015625 0.05138888888888889 0.05 0.03611111111111111
0 0.40703125 0.04027777777777778 0.0328125 0.03611111111111111
1 0.801953125 0.3902777777777778 0.04296875 0.2361111111111111
0 0.7234375 0.25972222222222224 0.16875 0.12222222222222222
0 0.74609375 0.1527777777777778 0.0796875 0.06666666666666667
0 0.219140625 0.03611111111111111 0.04453125 0.03888888888888889
0 0.3203125 0.027777777777777776 0.034375 0.03611111111111111