1 0.709765625 0.5347222222222222 0.06953125 0.34444444444444444
1 0.808203125 0.44305555555555554 0.06171875 0.28888888888888886
1 0.786328125 0.375 0.04609375 0.2
1 0.7296875 0.35 0.034375 0.15833333333333333
0 0.394140625 0.27847222222222223 0.21953125 0.1763888888888889
0 0.569140625 0.08541666666666667 0.07109375 0.059722222222222225
0 0.250390625 0.09513888888888888 0.07421875 0.04861111111111111
0 0.485546875 0.17152777777777778 0.08828125 0.0875
0 0.6375 0.10416666666666667 0.05625 0.05
0 0.683203125 0.12291666666666666 0.04765625 0.06805555555555555
0 0.38203125 0.05555555555555555 0.065625 0.05555555555555555
0 0.491796875 0.06944444444444445 0.05078125 0.041666666666666664
0 0.303125 0.041666666666666664 0.05625 0.03888888888888889