1 0.803125 0.46458333333333335 0.071875 0.30416666666666664
1 0.729296875 0.375 0.03828125 0.19722222222222222
1 0.783203125 0.37083333333333335 0.03828125 0.19444444444444445
0 0.312109375 0.33819444444444446 0.22734375 0.20416666666666666
0 0.581640625 0.12569444444444444 0.05859375 0.0625
0 0.644140625 0.10416666666666667 0.04453125 0.05
0 0.543359375 0.07916666666666666 0.05546875 0.041666666666666664
0 0.396484375 0.03888888888888889 0.04140625 0.03888888888888889
0 0.4828125 0.06736111111111111 0.0375 0.034722222222222224
0 0.35390625 0.030555555555555555 0.025 0.030555555555555555
0 0.30390625 0.029861111111111113 0.0359375 0.03194444444444444
0 0.48828125 0.03680555555555556 0.03125 0.020833333333333332
0 0.790625 0.17569444444444443 0.0953125 0.07361111111111111
0 0.23125 0.022222222222222223 0.0328125 0.030555555555555555