1 0.81328125 0.45555555555555555 0.065625 0.2916666666666667
1 0.73515625 0.3798611111111111 0.0359375 0.19305555555555556
1 0.79140625 0.37777777777777777 0.0484375 0.20277777777777778
0 0.31171875 0.3013888888888889 0.234375 0.18611111111111112
0 0.024609375 0.7180555555555556 0.04765625 0.30277777777777776
0 0.484765625 0.06458333333333334 0.04609375 0.043055555555555555
0 0.353515625 0.049305555555555554 0.04765625 0.04027777777777778
0 0.659765625 0.14097222222222222 0.08203125 0.05416666666666667
0 0.849609375 0.19027777777777777 0.05234375 0.06388888888888888
0 0.219140625 0.034722222222222224 0.04609375 0.03611111111111111
0 0.319140625 0.029861111111111113 0.03671875 0.034722222222222224