1 0.78203125 0.3763888888888889 0.0390625 0.20277777777777778
1 0.71953125 0.36666666666666664 0.0421875 0.19444444444444445
0 0.0375 0.24097222222222223 0.0734375 0.18194444444444444
0 0.618359375 0.10972222222222222 0.04609375 0.05277777777777778
0 0.64140625 0.14930555555555555 0.0484375 0.06805555555555555
0 0.339453125 0.04791666666666667 0.05859375 0.05138888888888889
0 0.384765625 0.03125 0.03984375 0.034722222222222224
0 0.400390625 0.059722222222222225 0.04453125 0.044444444444444446
0 0.47578125 0.034027777777777775 0.0421875 0.02361111111111111
0 0.7484375 0.1638888888888889 0.0578125 0.08333333333333333
0 0.265234375 0.030555555555555555 0.06171875 0.05277777777777778