1 0.781640625 0.3763888888888889 0.03984375 0.20277777777777778
1 0.725 0.375 0.0375 0.19444444444444445
0 0.26328125 0.21736111111111112 0.1734375 0.14305555555555555
0 0.521484375 0.08472222222222223 0.06796875 0.05
0 0.65625 0.10486111111111111 0.0375 0.04583333333333333
0 0.34296875 0.04652777777777778 0.0546875 0.04861111111111111
0 0.39921875 0.025694444444444443 0.040625 0.034722222222222224
0 0.68671875 0.09097222222222222 0.0265625 0.04027777777777778
0 0.270703125 0.03680555555555556 0.08984375 0.07083333333333333
0 0.73828125 0.15763888888888888 0.084375 0.07916666666666666
0 0.219140625 0.035416666666666666 0.04609375 0.05694444444444444