1 0.823046875 0.4527777777777778 0.04921875 0.225
0 0.061328125 0.3111111111111111 0.12109375 0.19166666666666668
0 0.676171875 0.09791666666666667 0.03359375 0.0375
0 0.31953125 0.06527777777777778 0.071875 0.075
0 0.816796875 0.19375 0.08515625 0.07916666666666666
0 0.8546875 0.18680555555555556 0.04375 0.059722222222222225
0 0.70625 0.08611111111111111 0.034375 0.044444444444444446
0 0.71796875 0.1736111111111111 0.0546875 0.075
0 0.191015625 0.03263888888888889 0.04140625 0.034722222222222224
0 0.337109375 0.022222222222222223 0.05390625 0.041666666666666664
0 0.40859375 0.029861111111111113 0.0234375 0.02638888888888889