0 0.59296875 0.17708333333333334 0.16875 0.15138888888888888
0 0.430078125 0.27291666666666664 0.20390625 0.17083333333333334
0 0.32734375 0.10277777777777777 0.0859375 0.06666666666666667
0 0.660546875 0.10555555555555556 0.03515625 0.04722222222222222
0 0.028515625 0.2902777777777778 0.05546875 0.21666666666666667
0 0.40078125 0.03333333333333333 0.034375 0.03333333333333333
0 0.631640625 0.1125 0.04296875 0.05
0 0.316796875 0.03333333333333333 0.01953125 0.03888888888888889
0 0.49453125 0.03333333333333333 0.0296875 0.022222222222222223
0 0.701953125 0.09305555555555556 0.02890625 0.03333333333333333
0 0.7359375 0.15 0.0640625 0.10555555555555556
0 0.34140625 0.02361111111111111 0.034375 0.027777777777777776