1 0.7828125 0.35694444444444445 0.0375 0.16944444444444445
1 0.659375 0.6708333333333333 0.0984375 0.38333333333333336
0 0.566015625 0.19305555555555556 0.12734375 0.10833333333333334
0 0.4 0.05763888888888889 0.040625 0.043055555555555555
0 0.55546875 0.12708333333333333 0.1046875 0.059722222222222225
0 0.491796875 0.03333333333333333 0.04140625 0.022222222222222223
0 0.373828125 0.034722222222222224 0.02578125 0.030555555555555555
0 0.709765625 0.08819444444444445 0.03515625 0.04583333333333333
0 0.336328125 0.052083333333333336 0.05546875 0.04583333333333333
0 0.2484375 0.09444444444444444 0.0671875 0.044444444444444446
0 0.30625 0.0375 0.0328125 0.03333333333333333
0 0.841796875 0.3173611111111111 0.04765625 0.1486111111111111
0 0.22734375 0.024305555555555556 0.0296875 0.02361111111111111
0 0.27421875 0.022222222222222223 0.0375 0.03888888888888889