1 0.599609375 0.8576388888888888 0.10859375 0.2791666666666667
1 0.662109375 0.5902777777777778 0.07890625 0.38055555555555554
1 0.712890625 0.7194444444444444 0.11328125 0.5027777777777778
0 0.527734375 0.15763888888888888 0.10703125 0.09305555555555556
0 0.390234375 0.04097222222222222 0.04609375 0.043055555555555555
0 0.835546875 0.28888888888888886 0.06640625 0.15
0 0.666015625 0.13472222222222222 0.07890625 0.05555555555555555
0 0.340234375 0.03263888888888889 0.04140625 0.0375
0 0.2875 0.04097222222222222 0.0421875 0.04861111111111111
0 0.216015625 0.03333333333333333 0.05078125 0.041666666666666664
0 0.484375 0.03611111111111111 0.034375 0.022222222222222223