1 0.803515625 0.4625 0.07109375 0.3
1 0.782421875 0.3701388888888889 0.03828125 0.19583333333333333
1 0.728125 0.3729166666666667 0.034375 0.19583333333333333
0 0.299609375 0.2076388888888889 0.15546875 0.1375
0 0.51796875 0.12986111111111112 0.065625 0.07916666666666666
0 0.50078125 0.06805555555555555 0.0515625 0.041666666666666664
0 0.31640625 0.025 0.04375 0.044444444444444446
0 0.6578125 0.1076388888888889 0.0390625 0.04861111111111111
0 0.372265625 0.03611111111111111 0.04296875 0.03888888888888889
0 0.84140625 0.25416666666666665 0.059375 0.09722222222222222
0 0.66171875 0.2708333333333333 0.15625 0.1361111111111111
0 0.778125 0.16944444444444445 0.09375 0.075