1 0.82109375 0.4375 0.0578125 0.2638888888888889
1 0.45703125 0.2604166666666667 0.015625 0.12361111111111112
0 0.373046875 0.03680555555555556 0.02734375 0.03194444444444444
0 0.48984375 0.03194444444444444 0.0359375 0.025
0 0.65703125 0.18958333333333333 0.2078125 0.20694444444444443
0 0.34765625 0.03194444444444444 0.0328125 0.041666666666666664
0 0.545703125 0.11805555555555555 0.06015625 0.075
0 0.405859375 0.04513888888888889 0.03671875 0.04583333333333333
0 0.55 0.09097222222222222 0.046875 0.0375
0 0.78671875 0.11944444444444445 0.18125 0.16944444444444445
0 0.23046875 0.03263888888888889 0.0375 0.04027777777777778
0 0.280078125 0.02638888888888889 0.03671875 0.03888888888888889