1 0.709765625 0.4701388888888889 0.06484375 0.2763888888888889
1 0.8140625 0.44513888888888886 0.0609375 0.2791666666666667
1 0.761328125 0.5451388888888888 0.05859375 0.3013888888888889
0 0.18984375 0.7486111111111111 0.378125 0.5
0 0.491015625 0.02847222222222222 0.04765625 0.03194444444444444
0 0.52421875 0.07708333333333334 0.0703125 0.06805555555555555
0 0.386328125 0.03611111111111111 0.04296875 0.03888888888888889
0 0.81171875 0.18611111111111112 0.0890625 0.06944444444444445
0 0.81015625 0.2986111111111111 0.1171875 0.125
0 0.68828125 0.11736111111111111 0.065625 0.0625
0 0.319140625 0.03125 0.07421875 0.059722222222222225
0 0.22421875 0.03263888888888889 0.0421875 0.034722222222222224