1 0.805078125 0.4701388888888889 0.07109375 0.29305555555555557
1 0.657421875 0.5729166666666666 0.07109375 0.3597222222222222
1 0.713671875 0.5875 0.06484375 0.35
0 0.15 0.3159722222222222 0.2984375 0.3541666666666667
0 0.1890625 0.7444444444444445 0.3765625 0.5027777777777778
0 0.837890625 0.2388888888888889 0.06328125 0.1
0 0.665234375 0.17916666666666667 0.09140625 0.11944444444444445
0 0.62265625 0.11041666666666666 0.0453125 0.05138888888888889
0 0.24609375 0.044444444444444446 0.0546875 0.058333333333333334
0 0.66328125 0.09791666666666667 0.0359375 0.04583333333333333
0 0.30703125 0.0375 0.046875 0.030555555555555555
0 0.475 0.035416666666666666 0.034375 0.02361111111111111
0 0.359375 0.03888888888888889 0.03125 0.03888888888888889