1 0.72578125 0.5340277777777778 0.0640625 0.31527777777777777
1 0.776953125 0.43819444444444444 0.04921875 0.22083333333333333
0 0.1875 0.2465277777777778 0.203125 0.1986111111111111
0 0.5390625 0.11458333333333333 0.0765625 0.0625
0 0.61484375 0.0875 0.0625 0.08333333333333333
0 0.521875 0.07361111111111111 0.0484375 0.03888888888888889
0 0.373828125 0.030555555555555555 0.01953125 0.041666666666666664
0 0.211328125 0.035416666666666666 0.04453125 0.04583333333333333
0 0.280859375 0.04027777777777778 0.02890625 0.04722222222222222
0 0.80859375 0.18055555555555555 0.0890625 0.07222222222222222
0 0.69609375 0.1326388888888889 0.0578125 0.05694444444444444
0 0.34375 0.02638888888888889 0.0421875 0.041666666666666664
0 0.2921875 0.019444444444444445 0.0359375 0.03611111111111111
0 0.391015625 0.04583333333333333 0.04765625 0.03333333333333333
0 0.4 0.022222222222222223 0.0328125 0.025