1 0.730859375 0.5048611111111111 0.07421875 0.3402777777777778
1 0.60703125 0.34097222222222223 0.0375 0.17083333333333334
0 0.550390625 0.12222222222222222 0.07421875 0.06666666666666667
0 0.36171875 0.0375 0.046875 0.05
0 0.301953125 0.08541666666666667 0.08046875 0.07916666666666666
0 0.55390625 0.09097222222222222 0.053125 0.0375
0 0.85 0.28888888888888886 0.040625 0.13055555555555556
0 0.725390625 0.10347222222222222 0.28046875 0.17083333333333334
0 0.405859375 0.025694444444444443 0.03671875 0.03194444444444444
0 0.29453125 0.027083333333333334 0.0390625 0.03194444444444444
0 0.31015625 0.022222222222222223 0.040625 0.030555555555555555
0 0.229296875 0.03125 0.03828125 0.0375