1 0.8109375 0.44583333333333336 0.06875 0.2833333333333333
1 0.683203125 0.5444444444444444 0.06328125 0.3277777777777778
1 0.728515625 0.6201388888888889 0.06171875 0.3402777777777778
0 0.18984375 0.7486111111111111 0.378125 0.5027777777777778
0 0.52421875 0.07569444444444444 0.065625 0.05694444444444444
0 0.66875 0.11180555555555556 0.0640625 0.07361111111111111
0 0.737109375 0.2638888888888889 0.16953125 0.1388888888888889
0 0.84375 0.1701388888888889 0.065625 0.04861111111111111
0 0.370703125 0.03888888888888889 0.08671875 0.075
0 0.28359375 0.02638888888888889 0.0453125 0.03333333333333333
0 0.2296875 0.0375 0.0453125 0.03611111111111111