1 0.813671875 0.46597222222222223 0.07421875 0.30416666666666664
0 0.360546875 0.11527777777777778 0.09296875 0.08055555555555556
0 0.18984375 0.75 0.378125 0.5
0 0.656640625 0.10416666666666667 0.04296875 0.058333333333333334
0 0.338671875 0.030555555555555555 0.02578125 0.030555555555555555
0 0.276171875 0.04652777777777778 0.06796875 0.05416666666666667
0 0.407421875 0.03263888888888889 0.07890625 0.05694444444444444
0 0.5171875 0.075 0.04375 0.041666666666666664
0 0.215625 0.024305555555555556 0.0390625 0.0375
0 0.286328125 0.04791666666666667 0.03984375 0.04861111111111111
0 0.479296875 0.07361111111111111 0.04453125 0.05