1 0.66484375 0.6736111111111112 0.0890625 0.34444444444444444
1 0.7828125 0.37569444444444444 0.040625 0.20416666666666666
1 0.723828125 0.37083333333333335 0.03515625 0.19444444444444445
1 0.8203125 0.4479166666666667 0.0640625 0.29305555555555557
0 0.534375 0.25555555555555554 0.1703125 0.15555555555555556
0 0.575 0.12361111111111112 0.0796875 0.06388888888888888
0 0.555859375 0.19166666666666668 0.13671875 0.1
0 0.3359375 0.03819444444444445 0.071875 0.06527777777777778
0 0.708984375 0.1423611111111111 0.09140625 0.06805555555555555
0 0.80390625 0.2791666666666667 0.134375 0.11666666666666667
0 0.221875 0.08125 0.0671875 0.0625
0 0.23515625 0.030555555555555555 0.0453125 0.03611111111111111
0 0.476953125 0.02361111111111111 0.04921875 0.044444444444444446
0 0.396484375 0.025 0.04296875 0.03888888888888889