0 0.536328125 0.08055555555555556 0.06171875 0.04722222222222222
0 0.63671875 0.27569444444444446 0.140625 0.15138888888888888
0 0.476171875 0.03125 0.04140625 0.03194444444444444
0 0.251171875 0.09305555555555556 0.07265625 0.044444444444444446
0 0.6546875 0.1388888888888889 0.10625 0.075
0 0.7484375 0.25763888888888886 0.1453125 0.13194444444444445
0 0.76640625 0.16180555555555556 0.0625 0.0625
0 0.8296875 0.18541666666666667 0.0625 0.07083333333333333
0 0.216796875 0.029861111111111113 0.05703125 0.05138888888888889
0 0.383984375 0.02638888888888889 0.02890625 0.03611111111111111
0 0.41015625 0.02847222222222222 0.0203125 0.03194444444444444