1 0.806640625 0.4388888888888889 0.06328125 0.28055555555555556
1 0.762890625 0.4201388888888889 0.05390625 0.24861111111111112
1 0.7265625 0.3729166666666667 0.0359375 0.20694444444444443
0 0.533203125 0.26458333333333334 0.17109375 0.1597222222222222
0 0.5546875 0.08125 0.0703125 0.05694444444444444
0 0.638671875 0.1111111111111111 0.05546875 0.05555555555555555
0 0.605859375 0.08888888888888889 0.04140625 0.03611111111111111
0 0.638671875 0.20902777777777778 0.13828125 0.1125
0 0.216015625 0.075 0.06640625 0.07777777777777778
0 0.364453125 0.04791666666666667 0.06484375 0.04583333333333333
1 0.790625 0.33055555555555555 0.040625 0.10833333333333334
0 0.700390625 0.11597222222222223 0.03515625 0.05416666666666667
0 0.28984375 0.04375 0.053125 0.04027777777777778