1 0.76328125 0.4375 0.0515625 0.21944444444444444
1 0.817578125 0.44583333333333336 0.07109375 0.26666666666666666
1 0.72421875 0.36875 0.0359375 0.19583333333333333
1 0.072265625 0.37222222222222223 0.04296875 0.2111111111111111
0 0.5390625 0.2548611111111111 0.175 0.14583333333333334
0 0.39765625 0.025 0.04375 0.044444444444444446
0 0.52421875 0.15486111111111112 0.1046875 0.08194444444444444
0 0.475 0.03194444444444444 0.040625 0.027777777777777776
0 0.53671875 0.11875 0.06875 0.05416666666666667
0 0.647265625 0.14375 0.06796875 0.06527777777777778
0 0.27265625 0.034722222222222224 0.0640625 0.06111111111111111
0 0.214453125 0.03611111111111111 0.04609375 0.04722222222222222
0 0.7265625 0.25277777777777777 0.14375 0.11666666666666667
0 0.819921875 0.25833333333333336 0.11171875 0.10833333333333334
0 0.77734375 0.1625 0.109375 0.09444444444444444
1 0.800390625 0.4048611111111111 0.03046875 0.13194444444444445