1 0.798046875 0.5229166666666667 0.07109375 0.3347222222222222
1 0.61953125 0.7965277777777777 0.2125 0.40694444444444444
0 0.18984375 0.7479166666666667 0.378125 0.4986111111111111
0 0.3484375 0.2847222222222222 0.1578125 0.21944444444444444
0 0.401171875 0.04791666666666667 0.04296875 0.043055555555555555
0 0.842578125 0.23402777777777778 0.05703125 0.10972222222222222
0 0.476171875 0.29097222222222224 0.05703125 0.11527777777777778
0 0.47890625 0.029861111111111113 0.040625 0.034722222222222224
0 0.473046875 0.45902777777777776 0.07734375 0.2152777777777778
0 0.212109375 0.03263888888888889 0.04296875 0.04027777777777778
0 0.737109375 0.23333333333333334 0.21796875 0.2722222222222222