0 0.53203125 0.25277777777777777 0.1640625 0.15
0 0.384765625 0.13402777777777777 0.07265625 0.09861111111111111
0 0.594921875 0.1125 0.08359375 0.05555555555555555
0 0.64765625 0.08819444444444445 0.0578125 0.07361111111111111
0 0.534375 0.07708333333333334 0.05 0.043055555555555555
0 0.328515625 0.02361111111111111 0.03828125 0.030555555555555555
0 0.645703125 0.23472222222222222 0.13359375 0.1388888888888889
0 0.387890625 0.03263888888888889 0.04609375 0.043055555555555555
0 0.296484375 0.027777777777777776 0.04140625 0.030555555555555555
0 0.491796875 0.03194444444444444 0.03046875 0.019444444444444445
0 0.8328125 0.16805555555555557 0.0734375 0.08611111111111111
0 0.731640625 0.14305555555555555 0.07734375 0.058333333333333334
0 0.209375 0.029861111111111113 0.04375 0.0375