1 0.365234375 0.34930555555555554 0.04921875 0.19583333333333333
1 0.815234375 0.4576388888888889 0.06796875 0.2986111111111111
1 0.748828125 0.37777777777777777 0.03359375 0.2
1 0.797265625 0.37916666666666665 0.04453125 0.2
1 0.600390625 0.8291666666666667 0.12109375 0.3388888888888889
0 0.189453125 0.7465277777777778 0.37734375 0.5041666666666667
0 0.34140625 0.11180555555555556 0.0890625 0.07083333333333333
0 0.5703125 0.08680555555555555 0.0640625 0.04861111111111111
0 0.38203125 0.0375 0.03125 0.03333333333333333
0 0.40078125 0.06180555555555556 0.034375 0.04027777777777778
0 0.341015625 0.034722222222222224 0.05390625 0.041666666666666664
0 0.22265625 0.034722222222222224 0.0421875 0.03888888888888889
0 0.746875 0.16597222222222222 0.0984375 0.07916666666666666
0 0.849609375 0.20347222222222222 0.04609375 0.0625