1 0.778125 0.49027777777777776 0.06875 0.31666666666666665
1 0.73671875 0.4527777777777778 0.05625 0.2916666666666667
1 0.673046875 0.6076388888888888 0.06640625 0.3486111111111111
0 0.212109375 0.22430555555555556 0.20859375 0.1763888888888889
0 0.386328125 0.041666666666666664 0.04140625 0.041666666666666664
0 0.34609375 0.03125 0.04375 0.04027777777777778
0 0.599609375 0.13472222222222222 0.08046875 0.06111111111111111
0 0.277734375 0.049305555555555554 0.07578125 0.05416666666666667
0 0.217578125 0.029166666666666667 0.05546875 0.05
0 0.805078125 0.17569444444444443 0.08984375 0.06527777777777778
0 0.287109375 0.041666666666666664 0.03515625 0.044444444444444446