1 0.7875 0.37777777777777777 0.040625 0.20555555555555555
1 0.72265625 0.3729166666666667 0.034375 0.19027777777777777
0 0.213671875 0.22847222222222222 0.18046875 0.17083333333333334
0 0.544921875 0.13333333333333333 0.06640625 0.07777777777777778
0 0.691796875 0.14583333333333334 0.04921875 0.06666666666666667
0 0.85078125 0.2513888888888889 0.0375 0.08055555555555556
0 0.60546875 0.1125 0.0515625 0.09166666666666666
0 0.338671875 0.049305555555555554 0.06015625 0.05416666666666667
0 0.21015625 0.034722222222222224 0.0453125 0.03888888888888889
0 0.3734375 0.035416666666666666 0.025 0.029166666666666667
0 0.27109375 0.035416666666666666 0.0546875 0.0625
0 0.4109375 0.05625 0.05 0.043055555555555555