1 0.811328125 0.4548611111111111 0.06640625 0.29305555555555557
1 0.73671875 0.38055555555555554 0.0359375 0.19444444444444445
1 0.787890625 0.3736111111111111 0.04765625 0.2
0 0.055078125 0.6125 0.10859375 0.2638888888888889
0 0.34765625 0.18888888888888888 0.1375 0.11944444444444445
0 0.36953125 0.10208333333333333 0.0859375 0.06805555555555555
0 0.655078125 0.11041666666666666 0.05390625 0.04583333333333333
0 0.505859375 0.075 0.05234375 0.03888888888888889
0 0.771484375 0.14583333333333334 0.05390625 0.06388888888888888
0 0.4765625 0.05347222222222222 0.0421875 0.029166666666666667
0 0.8578125 0.1125 0.0390625 0.06666666666666667
0 0.351953125 0.05138888888888889 0.05234375 0.03888888888888889
0 0.361328125 0.024305555555555556 0.06484375 0.04583333333333333
0 0.243359375 0.022222222222222223 0.04140625 0.03888888888888889