0 0.13172743055555555 0.8236882716049383 0.2625868055555556 0.35262345679012347
0 0.3090277777777778 0.30246913580246915 0.2387152777777778 0.19135802469135801
0 0.6644965277777778 0.1527777777777778 0.07465277777777778 0.08333333333333333
0 0.6065538194444444 0.2179783950617284 0.15147569444444445 0.11959876543209877
0 0.7777777777777778 0.16898148148148148 0.07378472222222222 0.06635802469135803
0 0.2743055555555556 0.19984567901234568 0.1996527777777778 0.16512345679012347
0 0.3865017361111111 0.03279320987654321 0.037760416666666664 0.031635802469135804
0 0.4090711805555556 0.06558641975308642 0.04123263888888889 0.041666666666666664
0 0.2921006944444444 0.0933641975308642 0.09114583333333333 0.0787037037037037
0 0.3168402777777778 0.05092592592592592 0.04861111111111111 0.040123456790123455
0 0.8493923611111112 0.18248456790123457 0.041666666666666664 0.06095679012345679
1 0.7059461805555556 0.5154320987654321 0.06640625 0.2839506172839506
1 0.7819010416666666 0.38348765432098764 0.047309027777777776 0.2021604938271605
0 0.3129340277777778 0.024305555555555556 0.043402777777777776 0.02854938271604938
0 0.24934895833333334 0.04205246913580247 0.046440972222222224 0.04089506172839506
0 0.19270833333333334 0.03973765432098766 0.04079861111111111 0.036265432098765434
0 0.22547743055555555 0.033950617283950615 0.031684027777777776 0.038580246913580245
0 0.4733072916666667 0.041666666666666664 0.029947916666666668 0.027777777777777776
0 0.7165798611111112 0.12885802469135801 0.04600694444444445 0.06172839506172839
0 0.7454427083333334 0.11805555555555555 0.026475694444444444 0.043209876543209874