0 0.2990451388888889 0.028935185185185185 0.04079861111111111 0.02854938271604938
0 0.6692708333333334 0.17862654320987653 0.0763888888888889 0.08873456790123457
0 0.3383246527777778 0.04128086419753087 0.03602430555555555 0.03009259259259259
0 0.6206597222222222 0.12384259259259259 0.046875 0.06404320987654322
0 0.20703125 0.033179012345679014 0.035590277777777776 0.027777777777777776
0 0.4507378472222222 0.14930555555555555 0.08116319444444445 0.08719135802469136
0 0.24609375 0.03819444444444445 0.044270833333333336 0.03780864197530864
0 0.6786024305555556 0.10416666666666667 0.031684027777777776 0.035493827160493825
0 0.3778211805555556 0.050540123456790126 0.04470486111111111 0.033179012345679014
0 0.4676649305555556 0.037037037037037035 0.023871527777777776 0.021604938271604937
0 0.5052083333333334 0.04089506172839506 0.025173611111111112 0.020061728395061727
1 0.6208767361111112 0.6307870370370371 0.1072048611111111 0.3402777777777778
1 0.6202256944444444 0.8618827160493827 0.1423611111111111 0.27469135802469136
0 0.3756510416666667 0.02700617283950617 0.02734375 0.026234567901234566
0 0.6922743055555556 0.13425925925925927 0.030381944444444444 0.05864197530864197