0 0.08094618055555555 0.625 0.16102430555555555 0.3888888888888889
0 0.4409722222222222 0.15316358024691357 0.09895833333333333 0.09027777777777778
0 0.3671875 0.04822530864197531 0.044270833333333336 0.033179012345679014
0 0.3311631944444444 0.03742283950617284 0.03125 0.033179012345679014
0 0.8504774305555556 0.24729938271604937 0.03342013888888889 0.09182098765432099
0 0.7608506944444444 0.16203703703703703 0.07465277777777778 0.06944444444444445
0 0.4874131944444444 0.03665123456790124 0.034722222222222224 0.023919753086419752
0 0.6753472222222222 0.11651234567901235 0.06076388888888889 0.05092592592592592
0 0.22374131944444445 0.030478395061728395 0.06640625 0.05941358024691358
0 0.7552083333333334 0.08294753086419752 0.027777777777777776 0.036265432098765434
0 0.2734375 0.03510802469135803 0.019097222222222224 0.04243827160493827
1 0.8179253472222222 0.41242283950617287 0.040364583333333336 0.2152777777777778
0 0.3541666666666667 0.020833333333333332 0.07725694444444445 0.040123456790123455