0 0.2886284722222222 0.2048611111111111 0.1623263888888889 0.13194444444444445
0 0.8153211805555556 0.21450617283950618 0.08984375 0.10493827160493827
0 0.525390625 0.07908950617283951 0.05078125 0.03935185185185185
0 0.6002604166666666 0.16820987654320987 0.07899305555555555 0.10185185185185185
0 0.4748263888888889 0.06520061728395062 0.03298611111111111 0.03780864197530864
0 0.6412760416666666 0.10725308641975309 0.040364583333333336 0.06018518518518518
0 0.3426649305555556 0.04205246913580247 0.0724826388888889 0.05787037037037037
0 0.6121961805555556 0.11882716049382716 0.04123263888888889 0.05864197530864197
0 0.3960503472222222 0.053626543209876545 0.03428819444444445 0.036265432098765434
1 0.7326388888888888 0.6929012345679012 0.1918402777777778 0.44135802469135804
1 0.5512152777777778 0.8915895061728395 0.1189236111111111 0.21682098765432098
1 0.4835069444444444 0.8422067901234568 0.09895833333333333 0.31558641975308643
0 0.2016059027777778 0.037037037037037035 0.05078125 0.032407407407407406
0 0.2606336805555556 0.04436728395061729 0.05251736111111111 0.036265432098765434
0 0.2970920138888889 0.030478395061728395 0.053385416666666664 0.05015432098765432
0 0.4147135416666667 0.06365740740740741 0.032552083333333336 0.03935185185185185
0 0.7022569444444444 0.15200617283950618 0.051215277777777776 0.06172839506172839
0 0.705078125 0.11998456790123457 0.029079861111111112 0.034722222222222224