0 0.1410590277777778 0.2199074074074074 0.1762152777777778 0.1419753086419753
0 0.18467881944444445 0.7854938271604939 0.3606770833333333 0.42901234567901236
0 0.3713107638888889 0.11998456790123457 0.07942708333333333 0.07175925925925926
0 0.6065538194444444 0.10262345679012345 0.05685763888888889 0.044753086419753084
0 0.5 0.08449074074074074 0.05555555555555555 0.04552469135802469
0 0.6002604166666666 0.1423611111111111 0.08159722222222222 0.0625
0 0.5496961805555556 0.08680555555555555 0.055989583333333336 0.0470679012345679
0 0.7612847222222222 0.16898148148148148 0.08506944444444445 0.06018518518518518
0 0.3487413194444444 0.045910493827160496 0.038628472222222224 0.034722222222222224
0 0.3962673611111111 0.05941358024691358 0.043402777777777776 0.040123456790123455
0 0.212890625 0.040123456790123455 0.04210069444444445 0.030864197530864196
0 0.3103298611111111 0.048996913580246916 0.04600694444444445 0.034722222222222224
0 0.6423611111111112 0.08256172839506173 0.07378472222222222 0.07716049382716049
0 0.287109375 0.04205246913580247 0.029947916666666668 0.031635802469135804
0 0.474609375 0.060570987654320986 0.037760416666666664 0.03780864197530864
0 0.3884548611111111 0.021219135802469136 0.044270833333333336 0.031635802469135804
0 0.8537326388888888 0.19367283950617284 0.033854166666666664 0.05246913580246913
1 0.060546875 0.1724537037037037 0.018663194444444444 0.09182098765432099
0 0.2588975694444444 0.0466820987654321 0.045572916666666664 0.03780864197530864
0 0.4097222222222222 0.0628858024691358 0.042534722222222224 0.03935185185185185
0 0.380859375 0.036265432098765434 0.039496527777777776 0.024691358024691357
0 0.7875434027777778 0.15933641975308643 0.06553819444444445 0.05941358024691358
0 0.7107204861111112 0.13387345679012347 0.038628472222222224 0.04552469135802469
0 0.4704861111111111 0.02970679012345679 0.030381944444444444 0.033179012345679014
0 0.4759114583333333 0.03935185185185185 0.03342013888888889 0.020061728395061727
0 0.5160590277777778 0.030478395061728395 0.03993055555555555 0.03935185185185185