0 0.3365885416666667 0.3020833333333333 0.23914930555555555 0.2183641975308642
0 0.4911024305555556 0.08179012345679013 0.03689236111111111 0.044753086419753084
0 0.4055989583333333 0.05941358024691358 0.046440972222222224 0.038580246913580245
0 0.3298611111111111 0.05169753086419753 0.05295138888888889 0.046296296296296294
1 0.78515625 0.38503086419753085 0.046875 0.2021604938271605
1 0.7204861111111112 0.38233024691358025 0.03732638888888889 0.2044753086419753
0 0.8461371527777778 0.2056327160493827 0.047309027777777776 0.06095679012345679
0 0.7135416666666666 0.16280864197530864 0.078125 0.08487654320987655
0 0.728515625 0.11419753086419752 0.03689236111111111 0.041666666666666664
0 0.4800347222222222 0.036265432098765434 0.026909722222222224 0.033950617283950615
0 0.5164930555555556 0.03780864197530864 0.026909722222222224 0.024691358024691357
0 0.4989149305555556 0.03780864197530864 0.022135416666666668 0.024691358024691357
0 0.4060329861111111 0.030478395061728395 0.030815972222222224 0.036265432098765434
0 0.3723958333333333 0.03780864197530864 0.029513888888888888 0.033950617283950615
0 0.2827690972222222 0.04398148148148148 0.03689236111111111 0.044753086419753084
0 0.26953125 0.026234567901234566 0.06684027777777778 0.047839506172839504
0 0.3107638888888889 0.02700617283950617 0.025173611111111112 0.033950617283950615
0 0.21006944444444445 0.03896604938271605 0.043402777777777776 0.04089506172839506
0 0.16883680555555555 0.07214506172839506 0.028645833333333332 0.06558641975308642