0 0.13389756944444445 0.8159722222222222 0.2669270833333333 0.3680555555555556
0 0.5264756944444444 0.13618827160493827 0.13975694444444445 0.1597222222222222
0 0.6056857638888888 0.10841049382716049 0.055121527777777776 0.05015432098765432
0 0.2261284722222222 0.04243827160493827 0.049479166666666664 0.035493827160493825
0 0.2829861111111111 0.044753086419753084 0.036458333333333336 0.035493827160493825
0 0.3428819444444444 0.03125 0.042534722222222224 0.034722222222222224
0 0.6927083333333334 0.16473765432098766 0.050347222222222224 0.07175925925925926
1 0.7790798611111112 0.4556327160493827 0.0703125 0.2785493827160494
0 0.3023003472222222 0.028935185185185185 0.022135416666666668 0.03009259259259259
0 0.3602430555555556 0.058256172839506175 0.05642361111111111 0.03935185185185185
0 0.3923611111111111 0.045910493827160496 0.03819444444444445 0.04089506172839506
0 0.859375 0.20679012345679013 0.025173611111111112 0.046296296296296294
0 0.7769097222222222 0.10841049382716049 0.019097222222222224 0.03009259259259259