0 0.552734375 0.09837962962962964 0.0681423611111111 0.04398148148148148
0 0.3409288194444444 0.04359567901234568 0.045572916666666664 0.031635802469135804
0 0.3669704861111111 0.060570987654320986 0.05251736111111111 0.03935185185185185
0 0.6677517361111112 0.10493827160493827 0.04210069444444445 0.047839506172839504
0 0.23133680555555555 0.041666666666666664 0.03732638888888889 0.030864197530864196
0 0.2953559027777778 0.04938271604938271 0.05164930555555555 0.032407407407407406
0 0.4715711805555556 0.036265432098765434 0.030815972222222224 0.032407407407407406
0 0.205078125 0.033950617283950615 0.03515625 0.029320987654320986
0 0.3107638888888889 0.030478395061728395 0.044270833333333336 0.023919753086419752
1 0.201171875 0.13657407407407407 0.015190972222222222 0.08333333333333333
1 0.1875 0.13464506172839505 0.019097222222222224 0.08256172839506173
0 0.5119357638888888 0.02854938271604938 0.054253472222222224 0.043209876543209874
0 0.4108072916666667 0.059027777777777776 0.037760416666666664 0.036265432098765434
0 0.5518663194444444 0.0763888888888889 0.06380208333333333 0.035493827160493825
0 0.73828125 0.15817901234567902 0.07899305555555555 0.06018518518518518
0 0.16927083333333334 0.040123456790123455 0.026041666666666668 0.030864197530864196