0 0.2890625 0.03009259259259259 0.041666666666666664 0.027777777777777776
0 0.08094618055555555 0.6226851851851852 0.16102430555555555 0.38117283950617287
0 0.3756510416666667 0.028935185185185185 0.03602430555555555 0.0470679012345679
0 0.3313802083333333 0.03433641975308642 0.02734375 0.02854938271604938
0 0.1681857638888889 0.07021604938271606 0.025607638888888888 0.05246913580246913
0 0.21397569444444445 0.03665123456790124 0.026909722222222224 0.034722222222222224
0 0.466796875 0.035493827160493825 0.024739583333333332 0.026234567901234566
0 0.4906684027777778 0.036265432098765434 0.031684027777777776 0.024691358024691357
0 0.7526041666666666 0.16126543209876543 0.08159722222222222 0.06481481481481481
1 0.7905815972222222 0.43441358024691357 0.06032986111111111 0.24228395061728394
1 0.4839409722222222 0.30362654320987653 0.044270833333333336 0.14583333333333334
1 0.8194444444444444 0.4548611111111111 0.06510416666666667 0.2507716049382716
0 0.1896701388888889 0.043209876543209874 0.036458333333333336 0.030864197530864196