0 0.3654513888888889 0.11072530864197531 0.0920138888888889 0.0933641975308642
0 0.4194878472222222 0.2777777777777778 0.2131076388888889 0.16203703703703703
0 0.4965277777777778 0.07677469135802469 0.046875 0.03935185185185185
0 0.62890625 0.10532407407407407 0.046875 0.04243827160493827
0 0.3977864583333333 0.04552469135802469 0.04210069444444445 0.043209876543209874
0 0.1877170138888889 0.040123456790123455 0.04470486111111111 0.029320987654320986
0 0.2202690972222222 0.03202160493827161 0.03342013888888889 0.020833333333333332
0 0.6703559027777778 0.10802469135802469 0.031684027777777776 0.040123456790123455
0 0.3350694444444444 0.035493827160493825 0.03211805555555555 0.033950617283950615
1 0.6825086805555556 0.6431327160493827 0.07855902777777778 0.4035493827160494
0 0.4932725694444444 0.04050925925925926 0.03428819444444445 0.017746913580246913
0 0.7078993055555556 0.13233024691358025 0.034722222222222224 0.06558641975308642