0 0.185546875 0.785108024691358 0.3615451388888889 0.42978395061728397
0 0.5713975694444444 0.09799382716049383 0.07161458333333333 0.05555555555555555
0 0.4950086805555556 0.08140432098765432 0.05164930555555555 0.0470679012345679
0 0.3975694444444444 0.03742283950617284 0.042534722222222224 0.04861111111111111
0 0.7931857638888888 0.2881944444444444 0.14453125 0.16898148148148148
0 0.3285590277777778 0.05169753086419753 0.051215277777777776 0.035493827160493825
0 0.4105902777777778 0.06365740740740741 0.03732638888888889 0.03935185185185185
0 0.7775607638888888 0.16666666666666666 0.07074652777777778 0.06790123456790123
0 0.2931857638888889 0.04243827160493827 0.039496527777777776 0.032407407407407406
0 0.6536458333333334 0.11265432098765432 0.0842013888888889 0.06481481481481481
0 0.24088541666666666 0.04398148148148148 0.026909722222222224 0.027777777777777776
0 0.3587239583333333 0.04861111111111111 0.03428819444444445 0.032407407407407406
0 0.22569444444444445 0.03780864197530864 0.036458333333333336 0.033950617283950615
0 0.4806857638888889 0.04089506172839506 0.030815972222222224 0.029320987654320986
1 0.16688368055555555 0.13078703703703703 0.016059027777777776 0.0763888888888889
0 0.1740451388888889 0.04050925925925926 0.035590277777777776 0.02854938271604938
0 0.20421006944444445 0.03819444444444445 0.029947916666666668 0.023919753086419752
0 0.7020399305555556 0.10648148148148148 0.054253472222222224 0.0787037037037037
0 0.8142361111111112 0.16396604938271606 0.0625 0.07330246913580248