0 0.3732638888888889 0.06018518518518518 0.05555555555555555 0.040123456790123455
0 0.6106770833333334 0.10108024691358025 0.0685763888888889 0.05246913580246913
0 0.8415798611111112 0.32253086419753085 0.052083333333333336 0.1419753086419753
0 0.7947048611111112 0.16319444444444445 0.08072916666666667 0.06712962962962964
0 0.1976996527777778 0.03973765432098766 0.04383680555555555 0.034722222222222224
0 0.2669270833333333 0.043209876543209874 0.04861111111111111 0.041666666666666664
0 0.484375 0.04050925925925926 0.042534722222222224 0.03780864197530864
1 0.4683159722222222 0.3028549382716049 0.035590277777777776 0.17515432098765432
1 0.3205295138888889 0.7908950617283951 0.18359375 0.4182098765432099
1 0.7497829861111112 0.46489197530864196 0.07335069444444445 0.29398148148148145
0 0.5186631944444444 0.03742283950617284 0.026909722222222224 0.022376543209876542
0 0.4116753472222222 0.03433641975308642 0.021267361111111112 0.031635802469135804
0 0.3424479166666667 0.03973765432098766 0.029513888888888888 0.031635802469135804
0 0.2458767361111111 0.02816358024691358 0.020399305555555556 0.033179012345679014