0 0.5891927083333334 0.19753086419753085 0.12803819444444445 0.1095679012345679
0 0.5972222222222222 0.09722222222222222 0.057291666666666664 0.043209876543209874
0 0.21766493055555555 0.04243827160493827 0.04904513888888889 0.035493827160493825
0 0.3324652777777778 0.04359567901234568 0.049479166666666664 0.04552469135802469
0 0.3674045138888889 0.040123456790123455 0.029947916666666668 0.032407407407407406
0 0.7530381944444444 0.1574074074074074 0.07291666666666667 0.06018518518518518
0 0.7198350694444444 0.11651234567901235 0.032552083333333336 0.038580246913580245
0 0.6102430555555556 0.14930555555555555 0.10069444444444445 0.07021604938271606
0 0.80078125 0.10416666666666667 0.019097222222222224 0.020061728395061727
0 0.8394097222222222 0.11149691358024691 0.026041666666666668 0.03009259259259259
0 0.29296875 0.04938271604938271 0.05295138888888889 0.037037037037037035
0 0.2701822916666667 0.027391975308641976 0.055121527777777776 0.0470679012345679
1 0.045572916666666664 0.22839506172839505 0.016493055555555556 0.125
1 0.057074652777777776 0.17669753086419754 0.01953125 0.07098765432098765
1 0.2150607638888889 0.12808641975308643 0.018663194444444444 0.07407407407407407