0 0.095703125 0.2827932098765432 0.18098958333333334 0.19984567901234568
0 0.6282552083333334 0.10146604938271606 0.048177083333333336 0.05787037037037037
0 0.1796875 0.7951388888888888 0.3585069444444444 0.4097222222222222
0 0.5319010416666666 0.09027777777777778 0.061197916666666664 0.04938271604938271
0 0.3548177083333333 0.05594135802469136 0.05772569444444445 0.03780864197530864
0 0.21419270833333334 0.038580246913580245 0.04383680555555555 0.032407407407407406
0 0.2853732638888889 0.04436728395061729 0.039496527777777776 0.034722222222222224
0 0.3179253472222222 0.038580246913580245 0.026475694444444444 0.032407407407407406
0 0.3958333333333333 0.034722222222222224 0.05295138888888889 0.06790123456790123
0 0.7573784722222222 0.1705246913580247 0.051215277777777776 0.07407407407407407
0 0.3650173611111111 0.03009259259259259 0.041666666666666664 0.037037037037037035
1 0.7955729166666666 0.45987654320987653 0.0625 0.23919753086419754
1 0.09613715277777778 0.5578703703703703 0.08723958333333333 0.20987654320987653
0 0.240234375 0.03935185185185185 0.022135416666666668 0.033950617283950615
0 0.3422309027777778 0.04282407407407408 0.032552083333333336 0.02854938271604938