0 0.2699652777777778 0.19907407407407407 0.1935763888888889 0.18981481481481483
0 0.13368055555555555 0.4104938271604938 0.2664930555555556 0.26697530864197533
0 0.5286458333333334 0.25887345679012347 0.15885416666666666 0.1427469135802469
0 0.2523871527777778 0.03356481481481482 0.04904513888888889 0.04243827160493827
0 0.040581597222222224 0.29552469135802467 0.0802951388888889 0.12037037037037036
0 0.4830729166666667 0.14930555555555555 0.05555555555555555 0.08256172839506173
0 0.1909722222222222 0.03433641975308642 0.041666666666666664 0.02546296296296296
0 0.7094184027777778 0.11535493827160494 0.028211805555555556 0.0625
0 0.8266059027777778 0.21604938271604937 0.08289930555555555 0.10493827160493827
0 0.84765625 0.3256172839506173 0.026041666666666668 0.11574074074074074
1 0.6612413194444444 0.8009259259259259 0.08116319444444445 0.28858024691358025
1 0.5868055555555556 0.7650462962962963 0.1111111111111111 0.4251543209876543