0 0.3639322916666667 0.11651234567901235 0.09244791666666667 0.08487654320987655
0 0.3884548611111111 0.03742283950617284 0.042534722222222224 0.02854938271604938
0 0.2897135416666667 0.04359567901234568 0.04904513888888889 0.03935185185185185
0 0.333984375 0.04050925925925926 0.03602430555555555 0.031635802469135804
0 0.4715711805555556 0.040123456790123455 0.031684027777777776 0.024691358024691357
0 0.5299479166666666 0.02816358024691358 0.042534722222222224 0.02854938271604938
0 0.22374131944444445 0.03896604938271605 0.04296875 0.033179012345679014
0 0.014539930555555556 0.5181327160493827 0.028211805555555556 0.23996913580246915
1 0.6000434027777778 0.3429783950617284 0.05164930555555555 0.2029320987654321
1 0.4626736111111111 0.32600308641975306 0.03298611111111111 0.1875
0 0.19032118055555555 0.02854938271604938 0.061197916666666664 0.05555555555555555