0 0.08333333333333333 0.28510802469135804 0.1657986111111111 0.2199074074074074
0 0.1304253472222222 0.8190586419753086 0.2599826388888889 0.3618827160493827
0 0.6017795138888888 0.11072530864197531 0.06640625 0.05324074074074074
0 0.7766927083333334 0.16550925925925927 0.0993923611111111 0.08256172839506173
0 0.3196614583333333 0.032407407407407406 0.04296875 0.032407407407407406
0 0.6753472222222222 0.10725308641975309 0.036458333333333336 0.041666666666666664
0 0.3634982638888889 0.05709876543209876 0.055121527777777776 0.037037037037037035
0 0.474609375 0.06712962962962964 0.03428819444444445 0.044753086419753084
0 0.283203125 0.043209876543209874 0.03428819444444445 0.037037037037037035
1 0.6078559027777778 0.8013117283950617 0.1775173611111111 0.3958333333333333
0 0.2009548611111111 0.032407407407407406 0.025173611111111112 0.027777777777777776
0 0.22395833333333334 0.04243827160493827 0.04861111111111111 0.033950617283950615
0 0.24283854166666666 0.02816358024691358 0.023003472222222224 0.02700617283950617
0 0.3956163194444444 0.0466820987654321 0.023871527777777776 0.03935185185185185
0 0.4806857638888889 0.03819444444444445 0.03428819444444445 0.02854938271604938
0 0.6002604166666666 0.08641975308641975 0.06163194444444445 0.032407407407407406