0 0.5269097222222222 0.08950617283950617 0.06076388888888889 0.04938271604938271
0 0.5813802083333334 0.15625 0.08984375 0.06867283950617284
0 0.3159722222222222 0.04822530864197531 0.052083333333333336 0.03935185185185185
0 0.10112847222222222 0.34375 0.2013888888888889 0.36342592592592593
0 0.6009114583333334 0.10146604938271606 0.0681423611111111 0.04552469135802469
0 0.2367621527777778 0.041666666666666664 0.03602430555555555 0.040123456790123455
0 0.3776041666666667 0.036265432098765434 0.026041666666666668 0.027777777777777776
1 0.7803819444444444 0.3908179012345679 0.043402777777777776 0.21064814814814814
1 0.7204861111111112 0.3784722222222222 0.03732638888888889 0.2013888888888889
0 0.37890625 0.032407407407407406 0.044270833333333336 0.030864197530864196
0 0.3815104166666667 0.062114197530864196 0.057291666666666664 0.036265432098765434
0 0.328125 0.024305555555555556 0.05642361111111111 0.03935185185185185
0 0.4680989583333333 0.058256172839506175 0.022135416666666668 0.04243827160493827
0 0.6226128472222222 0.13425925925925927 0.07335069444444445 0.06018518518518518