0 0.201171875 0.7835648148148148 0.3971354166666667 0.43287037037037035
0 0.19422743055555555 0.04089506172839506 0.04296875 0.033950617283950615
0 0.3806423611111111 0.05941358024691358 0.05381944444444445 0.040123456790123455
0 0.3174913194444444 0.047839506172839504 0.05078125 0.041666666666666664
0 0.2604166666666667 0.04089506172839506 0.05295138888888889 0.035493827160493825
0 0.7545572916666666 0.16512345679012347 0.09765625 0.08950617283950617
0 0.4911024305555556 0.06828703703703703 0.024739583333333332 0.03935185185185185
0 0.3509114583333333 0.040123456790123455 0.03602430555555555 0.033950617283950615
1 0.5232204861111112 0.3074845679012346 0.04296875 0.1875
1 0.7877604166666666 0.4047067901234568 0.05381944444444445 0.2199074074074074
1 0.8133680555555556 0.3414351851851852 0.04079861111111111 0.11959876543209877
0 0.3561197916666667 0.04282407407407408 0.040364583333333336 0.03780864197530864
0 0.4715711805555556 0.0783179012345679 0.03602430555555555 0.05015432098765432
0 0.8522135416666666 0.2040895061728395 0.039496527777777776 0.04398148148148148
0 0.7380642361111112 0.11535493827160494 0.032552083333333336 0.04243827160493827