0 0.3765190972222222 0.05864197530864197 0.05251736111111111 0.038580246913580245
0 0.7269965277777778 0.11342592592592593 0.035590277777777776 0.05092592592592592
0 0.3025173611111111 0.033179012345679014 0.042534722222222224 0.029320987654320986
0 0.4689670138888889 0.038580246913580245 0.021267361111111112 0.032407407407407406
0 0.2643229166666667 0.04822530864197531 0.04600694444444445 0.03780864197530864
1 0.1618923611111111 0.1423611111111111 0.017361111111111112 0.08101851851851852
0 0.1818576388888889 0.041666666666666664 0.0390625 0.035493827160493825
0 0.2406684027777778 0.03780864197530864 0.022135416666666668 0.029320987654320986
0 0.3810763888888889 0.03433641975308642 0.04513888888888889 0.031635802469135804
0 0.4924045138888889 0.043209876543209874 0.025607638888888888 0.029320987654320986
0 0.7595486111111112 0.1728395061728395 0.07118055555555555 0.07253086419753087