0 0.8376736111111112 0.310570987654321 0.049479166666666664 0.13348765432098766
0 0.3639322916666667 0.05709876543209876 0.055989583333333336 0.038580246913580245
0 0.2966579861111111 0.04398148148148148 0.04991319444444445 0.040123456790123455
0 0.8302951388888888 0.1871141975308642 0.0798611111111111 0.0779320987654321
0 0.224609375 0.03356481481481482 0.053385416666666664 0.04398148148148148
0 0.4613715277777778 0.14853395061728394 0.0859375 0.09645061728395062
0 0.3984375 0.03510802469135803 0.03993055555555555 0.02854938271604938
0 0.3328993055555556 0.038580246913580245 0.022569444444444444 0.029320987654320986
1 0.7688802083333334 0.4888117283950617 0.06293402777777778 0.2908950617283951
0 0.7777777777777778 0.11188271604938271 0.026909722222222224 0.032407407407407406
0 0.1812065972222222 0.03780864197530864 0.037760416666666664 0.029320987654320986
0 0.3474392361111111 0.033179012345679014 0.03428819444444445 0.033950617283950615
0 0.4971788194444444 0.027391975308641976 0.0759548611111111 0.0470679012345679