0 0.7955729166666666 0.16280864197530864 0.07899305555555555 0.06172839506172839
0 0.349609375 0.055169753086419755 0.05685763888888889 0.04089506172839506
0 0.494140625 0.07947530864197531 0.04210069444444445 0.043209876543209874
0 0.2165798611111111 0.04089506172839506 0.04861111111111111 0.037037037037037035
0 0.2664930555555556 0.04243827160493827 0.044270833333333336 0.043209876543209874
0 0.5933159722222222 0.11612654320987655 0.0720486111111111 0.06712962962962964
0 0.6775173611111112 0.09259259259259259 0.04079861111111111 0.06944444444444445
0 0.4088541666666667 0.06442901234567901 0.04600694444444445 0.04552469135802469
0 0.3825954861111111 0.03587962962962963 0.03602430555555555 0.02854938271604938
0 0.6410590277777778 0.11188271604938271 0.04079861111111111 0.05401234567901234
1 0.7864583333333334 0.38503086419753085 0.042534722222222224 0.19907407407407407
1 0.7235243055555556 0.38078703703703703 0.04079861111111111 0.19521604938271606
0 0.015190972222222222 0.4984567901234568 0.029513888888888888 0.16512345679012347
0 0.5753038194444444 0.09915123456790123 0.062065972222222224 0.04861111111111111
0 0.48828125 0.04128086419753087 0.035590277777777776 0.02854938271604938
0 0.3582899305555556 0.030478395061728395 0.03428819444444445 0.02700617283950617