0 0.61328125 0.1732253086419753 0.0720486111111111 0.08873456790123457
0 0.6384548611111112 0.11226851851851852 0.04513888888888889 0.10725308641975309
0 0.2886284722222222 0.04552469135802469 0.044270833333333336 0.037037037037037035
0 0.3795572916666667 0.045910493827160496 0.032552083333333336 0.02854938271604938
0 0.4772135416666667 0.033179012345679014 0.04210069444444445 0.032407407407407406
0 0.8292100694444444 0.19290123456790123 0.07335069444444445 0.06481481481481481
0 0.6953125 0.10455246913580248 0.030381944444444444 0.03780864197530864
0 0.6688368055555556 0.11188271604938271 0.026909722222222224 0.044753086419753084
0 0.3344184027777778 0.03009259259259259 0.03428819444444445 0.026234567901234566
0 0.3135850694444444 0.03742283950617284 0.020399305555555556 0.02700617283950617
0 0.224609375 0.04128086419753087 0.048177083333333336 0.03009259259259259
0 0.4027777777777778 0.035493827160493825 0.03211805555555555 0.023148148148148147
0 0.20203993055555555 0.037037037037037035 0.031684027777777776 0.027777777777777776
1 0.5531684027777778 0.8823302469135802 0.16710069444444445 0.2337962962962963
1 0.5870225694444444 0.6678240740740741 0.1115451388888889 0.3263888888888889