0 0.3122829861111111 0.29822530864197533 0.2261284722222222 0.19675925925925927
0 0.3784722222222222 0.05324074074074074 0.043402777777777776 0.037037037037037035
0 0.7578125 0.11689814814814815 0.03125 0.036265432098765434
0 0.3491753472222222 0.02546296296296296 0.03515625 0.027777777777777776
0 0.2875434027777778 0.036265432098765434 0.039496527777777776 0.041666666666666664
0 0.7580295138888888 0.19135802469135801 0.0681423611111111 0.10802469135802469
1 0.7120225694444444 0.5972222222222222 0.07769097222222222 0.3595679012345679
1 0.6030815972222222 0.7673611111111112 0.1115451388888889 0.4513888888888889
1 0.16796875 0.13464506172839505 0.018229166666666668 0.08410493827160494
1 0.619140625 0.5671296296296297 0.09678819444444445 0.23765432098765432
0 0.2113715277777778 0.03896604938271605 0.03993055555555555 0.036265432098765434
0 0.4108072916666667 0.03125 0.020399305555555556 0.034722222222222224
0 0.4763454861111111 0.04050925925925926 0.03689236111111111 0.02854938271604938
0 0.5182291666666666 0.03819444444444445 0.0234375 0.020833333333333332
0 0.7076822916666666 0.10108024691358025 0.029947916666666668 0.040123456790123455