0 0.21158854166666666 0.33101851851851855 0.2756076388888889 0.2654320987654321
0 0.6671006944444444 0.1388888888888889 0.08854166666666667 0.06327160493827161
0 0.4871961805555556 0.026234567901234566 0.054253472222222224 0.05092592592592592
0 0.7003038194444444 0.2569444444444444 0.1801215277777778 0.13734567901234568
0 0.3891059027777778 0.03125 0.037760416666666664 0.02854938271604938
0 0.4114583333333333 0.05131172839506173 0.03732638888888889 0.034722222222222224
0 0.3298611111111111 0.05092592592592592 0.052083333333333336 0.044753086419753084
0 0.2827690972222222 0.04398148148148148 0.03428819444444445 0.040123456790123455
1 0.7858072916666666 0.3854166666666667 0.048177083333333336 0.19675925925925927
1 0.7371961805555556 0.37962962962962965 0.040364583333333336 0.19907407407407407
0 0.2109375 0.038580246913580245 0.043402777777777776 0.033950617283950615
0 0.24110243055555555 0.03009259259259259 0.020399305555555556 0.027777777777777776
0 0.349609375 0.03510802469135803 0.03602430555555555 0.04089506172839506