0 0.3804253472222222 0.13310185185185186 0.07942708333333333 0.08410493827160494
0 0.2484809027777778 0.04552469135802469 0.046440972222222224 0.038580246913580245
0 0.8298611111111112 0.1863425925925926 0.0763888888888889 0.06558641975308642
0 0.7875434027777778 0.2808641975308642 0.14713541666666666 0.1574074074074074
0 0.6358506944444444 0.1404320987654321 0.06770833333333333 0.14814814814814814
0 0.7072482638888888 0.12191358024691358 0.025607638888888888 0.044753086419753084
0 0.5930989583333334 0.11419753086419752 0.040364583333333336 0.047839506172839504
0 0.22743055555555555 0.03510802469135803 0.034722222222222224 0.02854938271604938
0 0.5143229166666666 0.035493827160493825 0.043402777777777776 0.029320987654320986
1 0.6872829861111112 0.5675154320987654 0.07769097222222222 0.3263888888888889
1 0.7641059027777778 0.45871913580246915 0.06032986111111111 0.22916666666666666