0 0.18446180555555555 0.7858796296296297 0.3611111111111111 0.42824074074074076
0 0.5703125 0.09722222222222222 0.0720486111111111 0.05709876543209876
0 0.6558159722222222 0.1099537037037037 0.0642361111111111 0.04398148148148148
0 0.3059895833333333 0.04861111111111111 0.04774305555555555 0.035493827160493825
0 0.3608940972222222 0.056712962962962965 0.05685763888888889 0.03780864197530864
0 0.8253038194444444 0.1693672839506173 0.062065972222222224 0.05015432098765432
0 0.4782986111111111 0.07291666666666667 0.03993055555555555 0.0470679012345679
0 0.8433159722222222 0.19637345679012347 0.052083333333333336 0.05478395061728395
0 0.3999565972222222 0.03279320987654321 0.028211805555555556 0.02854938271604938
0 0.23546006944444445 0.040123456790123455 0.029079861111111112 0.037037037037037035
0 0.3532986111111111 0.030864197530864196 0.034722222222222224 0.026234567901234566
0 0.4822048611111111 0.03125 0.04600694444444445 0.03780864197530864
1 0.3237847222222222 0.5713734567901234 0.08159722222222222 0.3387345679012346
1 0.7328559027777778 0.5300925925925926 0.07942708333333333 0.32253086419753085
0 0.1970486111111111 0.03125 0.06076388888888889 0.05015432098765432
0 0.3967013888888889 0.05864197530864197 0.035590277777777776 0.037037037037037035