0 0.185546875 0.7839506172839507 0.3615451388888889 0.43209876543209874
0 0.8235677083333334 0.18325617283950618 0.09071180555555555 0.0763888888888889
0 0.5557725694444444 0.08526234567901235 0.062065972222222224 0.0470679012345679
0 0.3823784722222222 0.05941358024691358 0.05642361111111111 0.040123456790123455
0 0.3146701388888889 0.047453703703703706 0.050347222222222224 0.04089506172839506
0 0.19661458333333334 0.04089506172839506 0.03993055555555555 0.032407407407407406
0 0.26171875 0.04243827160493827 0.052083333333333336 0.035493827160493825
0 0.3598090277777778 0.02546296296296296 0.035590277777777776 0.027777777777777776
1 0.7847222222222222 0.39853395061728397 0.078125 0.21219135802469136
1 0.12890625 0.24421296296296297 0.042534722222222224 0.1566358024691358
1 0.6703559027777778 0.6369598765432098 0.0837673611111111 0.44212962962962965
0 0.3587239583333333 0.0470679012345679 0.03689236111111111 0.040123456790123455
0 0.400390625 0.03125 0.028211805555555556 0.02546296296296296
0 0.4720052083333333 0.07947530864197531 0.03515625 0.04938271604938271
0 0.4730902777777778 0.05594135802469136 0.030381944444444444 0.03780864197530864