0 0.1853298611111111 0.7881944444444444 0.3602430555555556 0.4236111111111111
0 0.8302951388888888 0.1882716049382716 0.0763888888888889 0.07561728395061729
0 0.5720486111111112 0.09799382716049383 0.07291666666666667 0.05555555555555555
0 0.2055121527777778 0.08024691358024691 0.06640625 0.06172839506172839
0 0.4969618055555556 0.08140432098765432 0.05381944444444445 0.0470679012345679
0 0.3446180555555556 0.05555555555555555 0.059895833333333336 0.033950617283950615
0 0.654296875 0.11188271604938271 0.08550347222222222 0.06481481481481481
0 0.3986545138888889 0.03896604938271605 0.04123263888888889 0.0470679012345679
0 0.212890625 0.03896604938271605 0.04904513888888889 0.033179012345679014
0 0.3018663194444444 0.04398148148148148 0.029079861111111112 0.035493827160493825
0 0.2810329861111111 0.0470679012345679 0.03342013888888889 0.038580246913580245
1 0.1193576388888889 0.15354938271604937 0.019097222222222224 0.09259259259259259
1 0.130859375 0.14969135802469136 0.01953125 0.08796296296296297
0 0.4134114583333333 0.06712962962962964 0.032552083333333336 0.037037037037037035