0 0.2916666666666667 0.09953703703703703 0.07899305555555555 0.07098765432098765
0 0.2228732638888889 0.04128086419753087 0.04470486111111111 0.031635802469135804
0 0.6636284722222222 0.09837962962962964 0.043402777777777776 0.04398148148148148
0 0.6766493055555556 0.15817901234567902 0.0763888888888889 0.06790123456790123
0 0.3856336805555556 0.04861111111111111 0.039496527777777776 0.030864197530864196
0 0.3639322916666667 0.041666666666666664 0.029079861111111112 0.032407407407407406
0 0.2821180555555556 0.029320987654320986 0.027777777777777776 0.026234567901234566
0 0.7649739583333334 0.1527777777777778 0.07942708333333333 0.07716049382716049
0 0.4724392361111111 0.038580246913580245 0.030815972222222224 0.023148148148148147
0 0.3194444444444444 0.03935185185185185 0.035590277777777776 0.035493827160493825
0 0.4084201388888889 0.03819444444444445 0.026041666666666668 0.02854938271604938
1 0.6480034722222222 0.8136574074074074 0.1328125 0.37114197530864196
0 0.1675347222222222 0.046296296296296294 0.025173611111111112 0.033950617283950615
0 0.67578125 0.11766975308641975 0.0625 0.03935185185185185