0 0.3283420138888889 0.1111111111111111 0.0802951388888889 0.07253086419753087
0 0.1898871527777778 0.785108024691358 0.3728298611111111 0.42978395061728397
0 0.5713975694444444 0.09760802469135803 0.07161458333333333 0.05478395061728395
0 0.3454861111111111 0.05709876543209876 0.058159722222222224 0.037037037037037035
0 0.4984809027777778 0.08101851851851852 0.054253472222222224 0.046296296296296294
0 0.8055555555555556 0.1875 0.12065972222222222 0.15432098765432098
0 0.3901909722222222 0.04552469135802469 0.033854166666666664 0.032407407407407406
0 0.650390625 0.11805555555555555 0.0915798611111111 0.07098765432098765
0 0.22743055555555555 0.040123456790123455 0.043402777777777776 0.035493827160493825
0 0.3148871527777778 0.033950617283950615 0.03515625 0.029320987654320986
0 0.2847222222222222 0.046296296296296294 0.041666666666666664 0.033950617283950615
0 0.35546875 0.024691358024691357 0.033854166666666664 0.029320987654320986
0 0.1677517361111111 0.03973765432098766 0.024739583333333332 0.03009259259259259
1 0.7220052083333334 0.6338734567901234 0.09418402777777778 0.37114197530864196
1 0.4036458333333333 0.9155092592592593 0.12413194444444445 0.16898148148148148
1 0.7565104166666666 0.41782407407407407 0.04774305555555555 0.24459876543209877
0 0.7191840277777778 0.12229938271604938 0.036458333333333336 0.05169753086419753
0 0.4138454861111111 0.06635802469135803 0.032552083333333336 0.035493827160493825