0 0.1284722222222222 0.8206018518518519 0.2560763888888889 0.3587962962962963
0 0.11219618055555555 0.42322530864197533 0.2209201388888889 0.2631172839506173
0 0.3706597222222222 0.1716820987654321 0.11371527777777778 0.14429012345679013
0 0.4934895833333333 0.08140432098765432 0.042534722222222224 0.0470679012345679
0 0.2578125 0.09567901234567901 0.078125 0.05709876543209876
0 0.3153211805555556 0.05169753086419753 0.04904513888888889 0.037037037037037035
0 0.1291232638888889 0.2503858024691358 0.2026909722222222 0.1381172839506173
0 0.4867621527777778 0.03819444444444445 0.04296875 0.033179012345679014
0 0.69921875 0.15084876543209877 0.0876736111111111 0.08256172839506173
1 0.716796875 0.4251543209876543 0.053385416666666664 0.21450617283950618
1 0.7803819444444444 0.38387345679012347 0.04600694444444445 0.2029320987654321
0 0.845703125 0.19637345679012347 0.06901041666666667 0.06095679012345679
0 0.7211371527777778 0.11072530864197531 0.031684027777777776 0.03780864197530864
0 0.7463107638888888 0.11959876543209877 0.023871527777777776 0.038580246913580245
0 0.4064670138888889 0.032407407407407406 0.028211805555555556 0.032407407407407406
0 0.1955295138888889 0.03742283950617284 0.04123263888888889 0.034722222222222224
0 0.2476128472222222 0.038580246913580245 0.047309027777777776 0.038580246913580245
0 0.2918836805555556 0.032407407407407406 0.03428819444444445 0.030864197530864196
0 0.3522135416666667 0.034722222222222224 0.04210069444444445 0.030864197530864196