0 0.11588541666666667 0.2534722222222222 0.2309027777777778 0.3387345679012346
0 0.8059895833333334 0.21875 0.09027777777777778 0.09027777777777778
0 0.18424479166666666 0.7364969135802469 0.3676215277777778 0.5270061728395061
0 0.6169704861111112 0.11304012345679013 0.07508680555555555 0.06095679012345679
0 0.2990451388888889 0.04861111111111111 0.050347222222222224 0.033950617283950615
0 0.5360243055555556 0.09066358024691358 0.06684027777777778 0.04861111111111111
0 0.5091145833333334 0.08101851851851852 0.049479166666666664 0.037037037037037035
0 0.2348090277777778 0.04205246913580247 0.033854166666666664 0.031635802469135804
0 0.3658854166666667 0.056712962962962965 0.059895833333333336 0.04243827160493827
0 0.8081597222222222 0.16473765432098766 0.0546875 0.05015432098765432
0 0.4717881944444444 0.03973765432098766 0.033854166666666664 0.023919753086419752
1 0.06293402777777778 0.535108024691358 0.1015625 0.1736111111111111
0 0.16927083333333334 0.041666666666666664 0.025173611111111112 0.030864197530864196
0 0.322265625 0.04128086419753087 0.03342013888888889 0.03935185185185185
0 0.3791232638888889 0.03202160493827161 0.026475694444444444 0.02546296296296296
0 0.4659288194444444 0.061342592592592594 0.023871527777777776 0.036265432098765434
0 0.6553819444444444 0.11651234567901235 0.046875 0.05246913580246913
0 0.5980902777777778 0.09529320987654322 0.05295138888888889 0.036265432098765434
0 0.8335503472222222 0.19483024691358025 0.0759548611111111 0.06867283950617284