0 0.1857638888888889 0.7847222222222222 0.3628472222222222 0.4305555555555556
0 0.5939670138888888 0.0941358024691358 0.045572916666666664 0.043209876543209874
0 0.541015625 0.09375 0.06380208333333333 0.04552469135802469
0 0.6653645833333334 0.10493827160493827 0.03819444444444445 0.047839506172839504
0 0.5082465277777778 0.07523148148148148 0.042534722222222224 0.031635802469135804
0 0.7554253472222222 0.22029320987654322 0.10026041666666667 0.12731481481481483
0 0.3806423611111111 0.059799382716049385 0.0546875 0.04089506172839506
0 0.3127170138888889 0.047839506172839504 0.05164930555555555 0.041666666666666664
0 0.2300347222222222 0.037037037037037035 0.03298611111111111 0.030864197530864196
0 0.4772135416666667 0.08024691358024691 0.021267361111111112 0.037037037037037035
0 0.1812065972222222 0.03973765432098766 0.04470486111111111 0.034722222222222224
0 0.724609375 0.12114197530864197 0.047309027777777776 0.05555555555555555
1 0.7159288194444444 0.6674382716049383 0.11762152777777778 0.4506172839506173
1 0.6108940972222222 0.7966820987654321 0.10980902777777778 0.4050925925925926
0 0.2608506944444444 0.04243827160493827 0.050347222222222224 0.037037037037037035
0 0.3539496527777778 0.044753086419753084 0.04383680555555555 0.041666666666666664
0 0.470703125 0.05401234567901234 0.029079861111111112 0.032407407407407406
0 0.5123697916666666 0.07561728395061729 0.04991319444444445 0.037037037037037035