0 0.1833767361111111 0.7978395061728395 0.3598090277777778 0.404320987654321
0 0.1642795138888889 0.39467592592592593 0.2808159722222222 0.2816358024691358
0 0.6779513888888888 0.24189814814814814 0.15711805555555555 0.13040123456790123
0 0.2419704861111111 0.07561728395061729 0.0646701388888889 0.06172839506172839
0 0.3524305555555556 0.057484567901234566 0.05555555555555555 0.036265432098765434
0 0.5065104166666666 0.08526234567901235 0.0642361111111111 0.0470679012345679
0 0.8350694444444444 0.1878858024691358 0.0685763888888889 0.0763888888888889
0 0.5811631944444444 0.09992283950617284 0.059027777777777776 0.04861111111111111
0 0.4090711805555556 0.05787037037037037 0.038628472222222224 0.033950617283950615
0 0.6098090277777778 0.13695987654320987 0.08940972222222222 0.06558641975308642
0 0.283203125 0.045910493827160496 0.04470486111111111 0.034722222222222224
0 0.2261284722222222 0.038580246913580245 0.049479166666666664 0.033950617283950615
0 0.6206597222222222 0.11728395061728394 0.0859375 0.07098765432098765
0 0.7237413194444444 0.15470679012345678 0.09852430555555555 0.06867283950617284
1 0.6365017361111112 0.3557098765432099 0.04296875 0.20987654320987653
0 0.3129340277777778 0.043209876543209874 0.0234375 0.041666666666666664
0 0.19032118055555555 0.03665123456790124 0.046440972222222224 0.036265432098765434
0 0.4932725694444444 0.028935185185185185 0.061197916666666664 0.04243827160493827
0 0.47265625 0.04089506172839506 0.030381944444444444 0.023148148148148147