0 0.3044704861111111 0.2951388888888889 0.20789930555555555 0.2029320987654321
0 0.5661892361111112 0.2638888888888889 0.17664930555555555 0.1527777777777778
0 0.8430989583333334 0.19328703703703703 0.055989583333333336 0.05787037037037037
0 0.5015190972222222 0.10686728395061729 0.06032986111111111 0.05478395061728395
0 0.7955729166666666 0.3148148148148148 0.1293402777777778 0.14660493827160495
0 0.3213975694444444 0.05092592592592592 0.048177083333333336 0.035493827160493825
0 0.5015190972222222 0.07098765432098765 0.05078125 0.033950617283950615
0 0.1662326388888889 0.08449074074074074 0.027777777777777776 0.05015432098765432
0 0.3522135416666667 0.035493827160493825 0.038628472222222224 0.027777777777777776
0 0.3967013888888889 0.03433641975308642 0.04079861111111111 0.02700617283950617
0 0.6321614583333334 0.1412037037037037 0.0959201388888889 0.06635802469135803
0 0.24891493055555555 0.03125 0.05946180555555555 0.05632716049382716
0 0.7601996527777778 0.08217592592592593 0.020399305555555556 0.031635802469135804
0 0.7198350694444444 0.11651234567901235 0.037760416666666664 0.05401234567901234
1 0.4524739583333333 0.5416666666666666 0.07682291666666667 0.33796296296296297
0 0.2860243055555556 0.038580246913580245 0.022569444444444444 0.037037037037037035
0 0.4730902777777778 0.03935185185185185 0.03125 0.026234567901234566
0 0.6469184027777778 0.11419753086419752 0.06293402777777778 0.04938271604938271
0 0.3003472222222222 0.03510802469135803 0.021701388888888888 0.02854938271604938
0 0.18467881944444445 0.03587962962962963 0.04123263888888889 0.019290123456790122