0 0.11653645833333333 0.25578703703703703 0.17317708333333334 0.17978395061728394
0 0.5707465277777778 0.25578703703703703 0.1996527777777778 0.1427469135802469
0 0.3009982638888889 0.04976851851851852 0.048177083333333336 0.03935185185185185
0 0.3467881944444444 0.043209876543209874 0.036458333333333336 0.029320987654320986
0 0.3917100694444444 0.047453703703703706 0.047309027777777776 0.04089506172839506
0 0.7020399305555556 0.1597222222222222 0.055989583333333336 0.08487654320987655
0 0.7261284722222222 0.14351851851851852 0.050347222222222224 0.08333333333333333
0 0.8231336805555556 0.18055555555555555 0.08550347222222222 0.06790123456790123
0 0.4450954861111111 0.1419753086419753 0.09418402777777778 0.09259259259259259
0 0.1896701388888889 0.03780864197530864 0.04600694444444445 0.033950617283950615
0 0.24088541666666666 0.04282407407407408 0.03819444444444445 0.03009259259259259
0 0.4874131944444444 0.03935185185185185 0.036458333333333336 0.023148148148148147
1 0.8274739583333334 0.44367283950617287 0.05164930555555555 0.22376543209876543