0 0.2591145833333333 0.21412037037037038 0.1484375 0.1381172839506173
0 0.05360243055555555 0.30864197530864196 0.10633680555555555 0.26080246913580246
0 0.3812934027777778 0.04359567901234568 0.04296875 0.031635802469135804
0 0.6004774305555556 0.2646604938271605 0.18446180555555555 0.1527777777777778
0 0.330078125 0.030864197530864196 0.037760416666666664 0.027777777777777776
0 0.2842881944444444 0.08487654320987655 0.07899305555555555 0.06790123456790123
0 0.5661892361111112 0.07137345679012345 0.07682291666666667 0.08101851851851852
0 0.4034288194444444 0.1566358024691358 0.048177083333333336 0.08024691358024691
0 0.4915364583333333 0.08217592592592593 0.03428819444444445 0.03935185185185185
0 0.2074652777777778 0.04205246913580247 0.0390625 0.03780864197530864
0 0.7389322916666666 0.11496913580246913 0.02734375 0.040123456790123455
0 0.6818576388888888 0.13194444444444445 0.06770833333333333 0.046296296296296294
0 0.24110243055555555 0.034722222222222224 0.03515625 0.030864197530864196
0 0.2764756944444444 0.03510802469135803 0.025173611111111112 0.017746913580246913
0 0.76953125 0.09452160493827161 0.019965277777777776 0.019290123456790122
0 0.8604600694444444 0.20910493827160495 0.021267361111111112 0.040123456790123455
1 0.7619357638888888 0.5501543209876543 0.07769097222222222 0.32407407407407407