0 0.5692274305555556 0.18055555555555555 0.1228298611111111 0.11882716049382716
0 0.3318142361111111 0.026234567901234566 0.046440972222222224 0.035493827160493825
0 0.5201822916666666 0.09645061728395062 0.06901041666666667 0.11265432098765432
0 0.7615017361111112 0.22183641975308643 0.12196180555555555 0.11342592592592593
0 0.8036024305555556 0.21257716049382716 0.08637152777777778 0.09799382716049383
0 0.8016493055555556 0.17515432098765432 0.08680555555555555 0.06944444444444445
0 0.6755642361111112 0.1566358024691358 0.04383680555555555 0.07407407407407407
0 0.7745225694444444 0.11072530864197531 0.020399305555555556 0.02700617283950617
0 0.2033420138888889 0.030478395061728395 0.031684027777777776 0.02700617283950617
0 0.4861111111111111 0.04398148148148148 0.03298611111111111 0.021604938271604937
1 0.7183159722222222 0.4074074074074074 0.06076388888888889 0.21296296296296297