0 0.6603732638888888 0.10069444444444445 0.04296875 0.04398148148148148
0 0.4954427083333333 0.13001543209876543 0.04904513888888889 0.0763888888888889
0 0.3934461805555556 0.04089506172839506 0.03602430555555555 0.029320987654320986
0 0.7686631944444444 0.17939814814814814 0.0763888888888889 0.09027777777777778
0 0.3313802083333333 0.030478395061728395 0.03342013888888889 0.03780864197530864
1 0.4958767361111111 0.8283179012345679 0.12369791666666667 0.3433641975308642
1 0.5844184027777778 0.8329475308641975 0.1037326388888889 0.3341049382716049
0 0.20572916666666666 0.03279320987654321 0.035590277777777776 0.036265432098765434
0 0.2532552083333333 0.0466820987654321 0.054253472222222224 0.04089506172839506
0 0.3539496527777778 0.03125 0.021267361111111112 0.033179012345679014
0 0.4704861111111111 0.03896604938271605 0.026909722222222224 0.031635802469135804
0 0.6963975694444444 0.1381172839506173 0.04210069444444445 0.05555555555555555
0 0.7319878472222222 0.11651234567901235 0.046440972222222224 0.04938271604938271