0 0.5323350694444444 0.17978395061728394 0.11848958333333333 0.10339506172839506
0 0.56640625 0.09567901234567901 0.0625 0.05246913580246913
0 0.6538628472222222 0.1415895061728395 0.08723958333333333 0.05478395061728395
0 0.42578125 0.2854938271604938 0.2222222222222222 0.2021604938271605
0 0.4930555555555556 0.07561728395061729 0.042534722222222224 0.038580246913580245
0 0.6401909722222222 0.10339506172839506 0.03993055555555555 0.032407407407407406
0 0.20616319444444445 0.04398148148148148 0.035590277777777776 0.032407407407407406
0 0.7990451388888888 0.16589506172839505 0.0703125 0.05555555555555555
0 0.6773003472222222 0.10802469135802469 0.03602430555555555 0.038580246913580245
0 0.7782118055555556 0.09760802469135803 0.019097222222222224 0.019290123456790122
0 0.509765625 0.07291666666666667 0.04470486111111111 0.05015432098765432
0 0.3359375 0.04243827160493827 0.0859375 0.06172839506172839
0 0.4058159722222222 0.055169753086419755 0.04513888888888889 0.04243827160493827
0 0.470703125 0.033179012345679014 0.028211805555555556 0.038580246913580245
0 0.23893229166666666 0.03665123456790124 0.03342013888888889 0.031635802469135804
0 0.2775607638888889 0.04243827160493827 0.021267361111111112 0.037037037037037035
0 0.7259114583333334 0.11844135802469136 0.031684027777777776 0.04243827160493827
1 0.2931857638888889 0.35185185185185186 0.06901041666666667 0.20987654320987653