0 0.5399305555555556 0.24035493827160495 0.1579861111111111 0.1396604938271605
0 0.2834201388888889 0.32600308641975306 0.2595486111111111 0.22916666666666666
0 0.072265625 0.30516975308641975 0.14366319444444445 0.21219135802469136
0 0.5685763888888888 0.11728395061728394 0.058159722222222224 0.06327160493827161
0 0.4950086805555556 0.07484567901234568 0.046440972222222224 0.040123456790123455
0 0.359375 0.18364197530864199 0.13194444444444445 0.11265432098765432
0 0.630859375 0.10146604938271606 0.04383680555555555 0.03780864197530864
0 0.6553819444444444 0.13233024691358025 0.07118055555555555 0.05478395061728395
0 0.3229166666666667 0.04861111111111111 0.052083333333333336 0.040123456790123455
0 0.3947482638888889 0.06095679012345679 0.055121527777777776 0.038580246913580245
0 0.7471788194444444 0.21489197530864199 0.13585069444444445 0.10262345679012345
0 0.2482638888888889 0.03279320987654321 0.06163194444444445 0.05324074074074074
0 0.3895399305555556 0.03202160493827161 0.04210069444444445 0.02854938271604938
0 0.3990885416666667 0.11959876543209877 0.03428819444444445 0.044753086419753084
0 0.4800347222222222 0.03665123456790124 0.029513888888888888 0.019290123456790122
1 0.6825086805555556 0.6057098765432098 0.07682291666666667 0.3549382716049383
0 0.685546875 0.10609567901234568 0.024739583333333332 0.031635802469135804
0 0.70703125 0.10493827160493827 0.018229166666666668 0.035493827160493825
0 0.2845052083333333 0.03780864197530864 0.018663194444444444 0.033950617283950615
0 0.3674045138888889 0.04822530864197531 0.03689236111111111 0.02700617283950617
0 0.16905381944444445 0.040123456790123455 0.026475694444444444 0.030864197530864196