0 0.5271267361111112 0.08873456790123457 0.06032986111111111 0.04938271604938271
0 0.18033854166666666 0.314429012345679 0.3598090277777778 0.39737654320987653
0 0.2960069444444444 0.045910493827160496 0.051215277777777776 0.036265432098765434
0 0.6028645833333334 0.10069444444444445 0.0685763888888889 0.04552469135802469
0 0.8324652777777778 0.19521604938271606 0.0720486111111111 0.06790123456790123
0 0.3706597222222222 0.058256172839506175 0.051215277777777776 0.034722222222222224
0 0.3830295138888889 0.17939814814814814 0.08637152777777778 0.10570987654320987
0 0.2769097222222222 0.10300925925925926 0.0798611111111111 0.06404320987654322
1 0.7243923611111112 0.376929012345679 0.03993055555555555 0.2044753086419753
1 0.7803819444444444 0.3904320987654321 0.04513888888888889 0.21141975308641975
0 0.5894097222222222 0.13271604938271606 0.09635416666666667 0.05709876543209876
0 0.7508680555555556 0.11458333333333333 0.03298611111111111 0.04552469135802469
0 0.46484375 0.03819444444444445 0.010416666666666666 0.02546296296296296
0 0.4064670138888889 0.0466820987654321 0.04383680555555555 0.04243827160493827
0 0.3773871527777778 0.025848765432098766 0.024739583333333332 0.02700617283950617
0 0.3305121527777778 0.032407407407407406 0.022135416666666668 0.035493827160493825
0 0.21809895833333334 0.03819444444444445 0.04210069444444445 0.033179012345679014