0 0.6065538194444444 0.09799382716049383 0.06987847222222222 0.043209876543209874
0 0.501953125 0.07716049382716049 0.05164930555555555 0.041666666666666664
0 0.2565104166666667 0.09876543209876543 0.07378472222222222 0.05864197530864197
0 0.6575520833333334 0.13503086419753085 0.0842013888888889 0.06172839506172839
0 0.3645833333333333 0.041666666666666664 0.022569444444444444 0.030864197530864196
0 0.3843315972222222 0.034722222222222224 0.028211805555555556 0.023148148148148147
0 0.44140625 0.15162037037037038 0.09895833333333333 0.09490740740740741
0 0.22352430555555555 0.03510802469135803 0.042534722222222224 0.031635802469135804
0 0.8122829861111112 0.1875 0.08550347222222222 0.06790123456790123
0 0.19813368055555555 0.03896604938271605 0.038628472222222224 0.033179012345679014
0 0.16796875 0.03973765432098766 0.026909722222222224 0.023919753086419752
0 0.4819878472222222 0.04205246913580247 0.03689236111111111 0.020833333333333332
0 0.5177951388888888 0.04050925925925926 0.025173611111111112 0.011574074074074073
1 0.2302517361111111 0.7091049382716049 0.12890625 0.5046296296296297