0 0.4915364583333333 0.2658179012345679 0.2026909722222222 0.16898148148148148
0 0.5707465277777778 0.19020061728395063 0.12413194444444445 0.09799382716049383
0 0.2172309027777778 0.04243827160493827 0.046440972222222224 0.037037037037037035
0 0.3734809027777778 0.11342592592592593 0.07942708333333333 0.0787037037037037
0 0.4928385416666667 0.0798611111111111 0.040364583333333336 0.04243827160493827
0 0.6115451388888888 0.12268518518518519 0.044270833333333336 0.05864197530864197
0 0.5388454861111112 0.11998456790123457 0.07508680555555555 0.05787037037037037
1 0.7838541666666666 0.3854166666666667 0.04600694444444445 0.19984567901234568
1 0.7248263888888888 0.3777006172839506 0.03819444444444445 0.2029320987654321
0 0.6640625 0.09259259259259259 0.05295138888888889 0.07407407407407407
0 0.7708333333333334 0.15933641975308643 0.0798611111111111 0.07330246913580248
0 0.8394097222222222 0.18441358024691357 0.04600694444444445 0.05555555555555555
0 0.5592447916666666 0.10223765432098765 0.061197916666666664 0.05015432098765432
0 0.5392795138888888 0.0798611111111111 0.053385416666666664 0.036265432098765434
0 0.5134548611111112 0.03973765432098766 0.030381944444444444 0.02546296296296296
0 0.40625 0.06018518518518518 0.04861111111111111 0.033950617283950615
0 0.37890625 0.03202160493827161 0.042534722222222224 0.036265432098765434
0 0.3485243055555556 0.05092592592592592 0.0625 0.043209876543209874
0 0.3046875 0.043209876543209874 0.036458333333333336 0.038580246913580245
0 0.267578125 0.0466820987654321 0.04991319444444445 0.0470679012345679
0 0.859375 0.19328703703703703 0.03298611111111111 0.06867283950617284