0 0.1325954861111111 0.8190586419753086 0.2643229166666667 0.3618827160493827
0 0.6004774305555556 0.26967592592592593 0.1870659722222222 0.1396604938271605
0 0.3079427083333333 0.10262345679012345 0.07682291666666667 0.06635802469135803
0 0.5247395833333334 0.0763888888888889 0.058159722222222224 0.041666666666666664
0 0.6163194444444444 0.20794753086419754 0.1440972222222222 0.11033950617283951
0 0.677734375 0.10416666666666667 0.028211805555555556 0.037037037037037035
0 0.3973524305555556 0.05555555555555555 0.0681423611111111 0.05401234567901234
0 0.3111979166666667 0.02546296296296296 0.03125 0.027777777777777776
1 0.6809895833333334 0.6450617283950617 0.08680555555555555 0.35030864197530864
1 0.8294270833333334 0.4722222222222222 0.03993055555555555 0.19444444444444445
0 0.77734375 0.1693672839506173 0.08333333333333333 0.07021604938271606
0 0.8415798611111112 0.17476851851851852 0.05381944444444445 0.07484567901234568
0 0.7131076388888888 0.11458333333333333 0.03993055555555555 0.05015432098765432
0 0.6521267361111112 0.10725308641975309 0.04210069444444445 0.05092592592592592
0 0.1623263888888889 0.07021604938271606 0.015625 0.047839506172839504
0 0.2269965277777778 0.04050925925925926 0.04774305555555555 0.03009259259259259
0 0.3016493055555556 0.044753086419753084 0.05555555555555555 0.033950617283950615
0 0.3463541666666667 0.050540123456790126 0.033854166666666664 0.036265432098765434