0 0.032769097222222224 0.3020833333333333 0.0646701388888889 0.16743827160493827
0 0.5655381944444444 0.2534722222222222 0.171875 0.1412037037037037
0 0.6206597222222222 0.09992283950617284 0.06944444444444445 0.05324074074074074
0 0.8355034722222222 0.3013117283950617 0.05642361111111111 0.11651234567901235
0 0.03993055555555555 0.47646604938271603 0.07899305555555555 0.2029320987654321
0 0.3921440972222222 0.047839506172839504 0.047309027777777776 0.041666666666666664
0 0.7654079861111112 0.20640432098765432 0.09331597222222222 0.09953703703703703
0 0.3005642361111111 0.04976851851851852 0.048177083333333336 0.036265432098765434
0 0.3454861111111111 0.04359567901234568 0.03732638888888889 0.03009259259259259
0 0.7332899305555556 0.1392746913580247 0.054253472222222224 0.05787037037037037
0 0.23719618055555555 0.04243827160493827 0.03602430555555555 0.032407407407407406
0 0.1879340277777778 0.03896604938271605 0.046875 0.034722222222222224
0 0.3611111111111111 0.02854938271604938 0.04513888888888889 0.024691358024691357
0 0.501953125 0.04128086419753087 0.029079861111111112 0.019290123456790122
1 0.6744791666666666 0.4845679012345679 0.07725694444444445 0.2839506172839506