0 0.0779079861111111 0.30169753086419754 0.15494791666666666 0.20679012345679013
0 0.6252170138888888 0.10185185185185185 0.062065972222222224 0.044753086419753084
0 0.2584635416666667 0.08526234567901235 0.0759548611111111 0.06867283950617284
0 0.5457899305555556 0.09143518518518519 0.05946180555555555 0.04398148148148148
0 0.8198784722222222 0.30516975308641975 0.0876736111111111 0.15200617283950618
0 0.3756510416666667 0.12114197530864197 0.07508680555555555 0.08950617283950617
0 0.6759982638888888 0.16705246913580246 0.0724826388888889 0.07947530864197531
0 0.8226996527777778 0.1732253086419753 0.09765625 0.10108024691358025
0 0.4813368055555556 0.07445987654320987 0.04774305555555555 0.03935185185185185
0 0.5151909722222222 0.07445987654320987 0.044270833333333336 0.04552469135802469
0 0.3365885416666667 0.04050925925925926 0.08637152777777778 0.06095679012345679
0 0.3990885416666667 0.05439814814814815 0.05251736111111111 0.04552469135802469
0 0.19618055555555555 0.04205246913580247 0.04513888888888889 0.02854938271604938
0 0.22178819444444445 0.036265432098765434 0.029513888888888888 0.032407407407407406
0 0.2667100694444444 0.041666666666666664 0.04210069444444445 0.037037037037037035
0 0.5264756944444444 0.033950617283950615 0.035590277777777776 0.023148148148148147
1 0.22526041666666666 0.12770061728395063 0.019965277777777776 0.08256172839506173