0 0.1968315972222222 0.23765432098765432 0.1974826388888889 0.16358024691358025
0 0.3459201388888889 0.055169753086419755 0.0546875 0.03780864197530864
0 0.2673611111111111 0.03433641975308642 0.041666666666666664 0.0470679012345679
0 0.6720920138888888 0.1732253086419753 0.05251736111111111 0.09182098765432099
0 0.8109809027777778 0.18904320987654322 0.09418402777777778 0.08024691358024691
0 0.7146267361111112 0.12731481481481483 0.032552083333333336 0.04938271604938271
0 0.3865017361111111 0.03935185185185185 0.025607638888888888 0.027777777777777776
0 0.4021267361111111 0.03510802469135803 0.031684027777777776 0.031635802469135804
0 0.3268229166666667 0.036265432098765434 0.026041666666666668 0.029320987654320986
0 0.5069444444444444 0.04243827160493827 0.026041666666666668 0.016975308641975308
0 0.2267795138888889 0.04359567901234568 0.05164930555555555 0.04398148148148148
0 0.1911892361111111 0.02816358024691358 0.04383680555555555 0.0470679012345679
1 0.6551649305555556 0.7627314814814815 0.10894097222222222 0.4683641975308642
1 0.5661892361111112 0.7395833333333334 0.09505208333333333 0.4837962962962963
1 0.2934027777777778 0.30864197530864196 0.04600694444444445 0.17746913580246915
1 0.3283420138888889 0.27469135802469136 0.04383680555555555 0.18981481481481483