0 0.2521701388888889 0.09027777777777778 0.07118055555555555 0.05401234567901234
0 0.3426649305555556 0.036265432098765434 0.04383680555555555 0.041666666666666664
0 0.8346354166666666 0.19675925925925927 0.07378472222222222 0.07253086419753087
0 0.4657118055555556 0.03896604938271605 0.015625 0.031635802469135804
0 0.2823350694444444 0.03896604938271605 0.03342013888888889 0.036265432098765434
0 0.6998697916666666 0.15933641975308643 0.09331597222222222 0.07484567901234568
1 0.2065972222222222 0.12924382716049382 0.022569444444444444 0.08873456790123457
1 0.1586371527777778 0.23958333333333334 0.025607638888888888 0.14583333333333334
0 0.20985243055555555 0.031635802469135804 0.04210069444444445 0.038580246913580245
0 0.23350694444444445 0.035493827160493825 0.03819444444444445 0.033950617283950615
0 0.3695746527777778 0.032407407407407406 0.022135416666666668 0.030864197530864196
0 0.4856770833333333 0.03935185185185185 0.028645833333333332 0.026234567901234566
0 0.7328559027777778 0.12191358024691358 0.04123263888888889 0.05246913580246913