0 0.18489583333333334 0.7870370370370371 0.3602430555555556 0.42592592592592593
0 0.08658854166666667 0.3152006172839506 0.1723090277777778 0.2183641975308642
0 0.5724826388888888 0.09722222222222222 0.0703125 0.05401234567901234
0 0.3424479166666667 0.05555555555555555 0.0546875 0.035493827160493825
0 0.4965277777777778 0.08217592592592593 0.050347222222222224 0.04398148148148148
0 0.7756076388888888 0.19521604938271606 0.078125 0.09722222222222222
0 0.2248263888888889 0.038580246913580245 0.04774305555555555 0.037037037037037035
0 0.3851996527777778 0.04552469135802469 0.03342013888888889 0.032407407407407406
0 0.6519097222222222 0.11496913580246913 0.09288194444444445 0.07716049382716049
0 0.5240885416666666 0.0783179012345679 0.03428819444444445 0.03935185185185185
0 0.7990451388888888 0.16898148148148148 0.0625 0.06635802469135803
0 0.2842881944444444 0.045910493827160496 0.043402777777777776 0.034722222222222224
1 0.0642361111111111 0.1886574074074074 0.021701388888888888 0.06867283950617284
1 0.07769097222222222 0.18364197530864199 0.017361111111111112 0.07253086419753087
0 0.4155815972222222 0.06790123456790123 0.03515625 0.038580246913580245
0 0.4131944444444444 0.04205246913580247 0.017361111111111112 0.04398148148148148