0 0.5180121527777778 0.08294753086419752 0.05685763888888889 0.0470679012345679
0 0.5748697916666666 0.09066358024691358 0.05859375 0.0470679012345679
0 0.8404947916666666 0.19444444444444445 0.05946180555555555 0.06481481481481481
0 0.3958333333333333 0.04976851851851852 0.059027777777777776 0.05787037037037037
0 0.3567708333333333 0.027777777777777776 0.052083333333333336 0.04938271604938271
0 0.2009548611111111 0.03973765432098766 0.04774305555555555 0.034722222222222224
0 0.75390625 0.15084876543209877 0.06336805555555555 0.05632716049382716
1 0.011935763888888888 0.2029320987654321 0.023003472222222224 0.11419753086419752
0 0.2263454861111111 0.034722222222222224 0.024739583333333332 0.032407407407407406
0 0.2601996527777778 0.043209876543209874 0.05078125 0.033950617283950615
0 0.3038194444444444 0.03202160493827161 0.058159722222222224 0.05632716049382716
0 0.3489583333333333 0.04861111111111111 0.03732638888888889 0.041666666666666664
0 0.4778645833333333 0.062114197530864196 0.041666666666666664 0.06404320987654322
0 0.6551649305555556 0.10725308641975309 0.04470486111111111 0.044753086419753084
0 0.6846788194444444 0.10609567901234568 0.024739583333333332 0.04243827160493827
0 0.7139756944444444 0.10609567901234568 0.026909722222222224 0.034722222222222224