0 0.2901475694444444 0.31635802469135804 0.22960069444444445 0.20679012345679013
0 0.84375 0.24344135802469136 0.049479166666666664 0.10416666666666667
0 0.06228298611111111 0.5030864197530864 0.12369791666666667 0.2932098765432099
0 0.59375 0.2662037037037037 0.1675347222222222 0.14660493827160495
0 0.3687065972222222 0.04243827160493827 0.024739583333333332 0.030864197530864196
0 0.4055989583333333 0.05246913580246913 0.029079861111111112 0.029320987654320986
0 0.6434461805555556 0.11574074074074074 0.055989583333333336 0.047839506172839504
0 0.5015190972222222 0.040123456790123455 0.026475694444444444 0.021604938271604937
0 0.2510850694444444 0.031635802469135804 0.05164930555555555 0.05864197530864197
0 0.6792534722222222 0.10532407407407407 0.035590277777777776 0.04243827160493827
0 0.724609375 0.12191358024691358 0.047309027777777776 0.05092592592592592
0 0.6671006944444444 0.22723765432098766 0.14149305555555555 0.13040123456790123
0 0.21875 0.033950617283950615 0.03125 0.029320987654320986
0 0.6540798611111112 0.16898148148148148 0.10416666666666667 0.06018518518518518
0 0.4767795138888889 0.07677469135802469 0.026475694444444444 0.04552469135802469
1 0.8064236111111112 0.4471450617283951 0.058159722222222224 0.2368827160493827