0 0.2673611111111111 0.19560185185185186 0.1519097222222222 0.16280864197530864
0 0.3504774305555556 0.2951388888888889 0.1566840277777778 0.18287037037037038
0 0.3704427083333333 0.14351851851851852 0.05251736111111111 0.08641975308641975
0 0.4639756944444444 0.3005401234567901 0.05642361111111111 0.10262345679012345
0 0.20768229166666666 0.04436728395061729 0.037760416666666664 0.033179012345679014
0 0.5520833333333334 0.09143518518518519 0.022569444444444444 0.02700617283950617
0 0.8218315972222222 0.1886574074074074 0.08116319444444445 0.06095679012345679
0 0.7569444444444444 0.3013117283950617 0.19444444444444445 0.1720679012345679
0 0.6204427083333334 0.09722222222222222 0.11588541666666667 0.09259259259259259
0 0.734375 0.1253858024691358 0.09375 0.09645061728395062
0 0.2769097222222222 0.04282407407407408 0.0234375 0.03780864197530864
0 0.24153645833333334 0.03935185185185185 0.030815972222222224 0.037037037037037035
0 0.4763454861111111 0.038580246913580245 0.02734375 0.021604938271604937
0 0.5034722222222222 0.03935185185185185 0.026041666666666668 0.015432098765432098
1 0.7840711805555556 0.4660493827160494 0.06032986111111111 0.27314814814814814