0 0.3986545138888889 0.2700617283950617 0.2087673611111111 0.1728395061728395
0 0.3292100694444444 0.11381172839506173 0.09071180555555555 0.08410493827160494
0 0.5952690972222222 0.10570987654320987 0.06553819444444445 0.047839506172839504
0 0.6714409722222222 0.10185185185185185 0.04600694444444445 0.05246913580246913
0 0.13368055555555555 0.7905092592592593 0.2664930555555556 0.41898148148148145
0 0.3151041666666667 0.047839506172839504 0.04774305555555555 0.038580246913580245
0 0.5392795138888888 0.1257716049382716 0.06901041666666667 0.07253086419753087
0 0.3619791666666667 0.03896604938271605 0.028645833333333332 0.036265432098765434
0 0.486328125 0.038580246913580245 0.032552083333333336 0.026234567901234566
0 0.2747395833333333 0.03125 0.041666666666666664 0.03780864197530864
0 0.7621527777777778 0.1724537037037037 0.0703125 0.08873456790123457
0 0.40234375 0.037037037037037035 0.041666666666666664 0.032407407407407406
1 0.7274305555555556 0.38078703703703703 0.052083333333333336 0.19521604938271606
1 0.7799479166666666 0.3912037037037037 0.049479166666666664 0.2006172839506173
0 0.1974826388888889 0.03973765432098766 0.0390625 0.036265432098765434
0 0.24739583333333334 0.04436728395061729 0.046875 0.034722222222222224
0 0.5110677083333334 0.10493827160493827 0.06901041666666667 0.06018518518518518
0 0.7274305555555556 0.13310185185185186 0.03732638888888889 0.05632716049382716
0 0.7599826388888888 0.11265432098765432 0.026041666666666668 0.038580246913580245