0 0.13802083333333334 0.25887345679012347 0.2048611111111111 0.19367283950617284
0 0.3810763888888889 0.29398148148148145 0.1918402777777778 0.18209876543209877
0 0.3161892361111111 0.045910493827160496 0.046440972222222224 0.034722222222222224
0 0.3528645833333333 0.16126543209876543 0.12586805555555555 0.14969135802469136
0 0.3767361111111111 0.03973765432098766 0.024305555555555556 0.03009259259259259
0 0.2048611111111111 0.03665123456790124 0.03732638888888889 0.033179012345679014
0 0.8459201388888888 0.2033179012345679 0.04861111111111111 0.05941358024691358
0 0.3396267361111111 0.025848765432098766 0.03342013888888889 0.02700617283950617
0 0.4685329861111111 0.03935185185185185 0.025607638888888888 0.021604938271604937
0 0.4125434027777778 0.053626543209876545 0.026475694444444444 0.03009259259259259
0 0.5017361111111112 0.037037037037037035 0.028645833333333332 0.020061728395061727
1 0.6684027777777778 0.8252314814814815 0.1345486111111111 0.3479938271604938