0 0.5290798611111112 0.12384259259259259 0.06597222222222222 0.06867283950617284
0 0.375 0.16705246913580246 0.06770833333333333 0.10262345679012345
0 0.3292100694444444 0.050540123456790126 0.054253472222222224 0.03780864197530864
0 0.4027777777777778 0.062114197530864196 0.0546875 0.03780864197530864
0 0.2085503472222222 0.040123456790123455 0.03602430555555555 0.032407407407407406
0 0.3702256944444444 0.037037037037037035 0.04079861111111111 0.032407407407407406
0 0.7790798611111112 0.09876543209876543 0.022569444444444444 0.030864197530864196
1 0.7897135416666666 0.4652777777777778 0.062065972222222224 0.2824074074074074
0 0.2660590277777778 0.04359567901234568 0.052083333333333336 0.036265432098765434
0 0.2367621527777778 0.02854938271604938 0.024739583333333332 0.027777777777777776
0 0.4789496527777778 0.03935185185185185 0.031684027777777776 0.027777777777777776