0 0.2927517361111111 0.3194444444444444 0.2521701388888889 0.20679012345679013
0 0.3897569444444444 0.047839506172839504 0.03993055555555555 0.029320987654320986
0 0.3402777777777778 0.04243827160493827 0.026041666666666668 0.026234567901234566
0 0.27734375 0.046296296296296294 0.04513888888888889 0.032407407407407406
0 0.6473524305555556 0.2183641975308642 0.13585069444444445 0.125
0 0.3107638888888889 0.03202160493827161 0.035590277777777776 0.02546296296296296
0 0.212890625 0.03780864197530864 0.05164930555555555 0.032407407407407406
0 0.71875 0.15933641975308643 0.10503472222222222 0.08101851851851852
0 0.6072048611111112 0.15316358024691357 0.044270833333333336 0.05478395061728395
0 0.7686631944444444 0.09259259259259259 0.020833333333333332 0.033950617283950615
0 0.8040364583333334 0.10455246913580248 0.018663194444444444 0.03009259259259259
0 0.4798177083333333 0.043209876543209874 0.03428819444444445 0.020061728395061727
0 0.4900173611111111 0.023919753086419752 0.059895833333333336 0.044753086419753084
0 0.3602430555555556 0.033179012345679014 0.03993055555555555 0.024691358024691357
0 0.2361111111111111 0.02816358024691358 0.04079861111111111 0.033179012345679014
1 0.1779513888888889 0.4818672839506173 0.06076388888888889 0.30787037037037035
1 0.232421875 0.47530864197530864 0.05859375 0.33024691358024694