0 0.1851128472222222 0.7874228395061729 0.3624131944444444 0.4251543209876543
0 0.6143663194444444 0.10223765432098765 0.06032986111111111 0.04398148148148148
0 0.3513454861111111 0.05555555555555555 0.053385416666666664 0.037037037037037035
0 0.21484375 0.03973765432098766 0.042534722222222224 0.031635802469135804
0 0.6529947916666666 0.12229938271604938 0.05078125 0.04398148148148148
0 0.28515625 0.043209876543209874 0.043402777777777776 0.037037037037037035
0 0.4045138888888889 0.03780864197530864 0.03298611111111111 0.027777777777777776
0 0.40625 0.06867283950617284 0.024305555555555556 0.030864197530864196
0 0.6842447916666666 0.10416666666666667 0.026475694444444444 0.037037037037037035
0 0.4678819444444444 0.06095679012345679 0.026909722222222224 0.040123456790123455
1 0.541015625 0.7299382716049383 0.10546875 0.4645061728395062
0 0.236328125 0.03819444444444445 0.025607638888888888 0.02854938271604938
0 0.3389756944444444 0.030864197530864196 0.08854166666666667 0.06018518518518518
0 0.3943142361111111 0.048996913580246916 0.022135416666666668 0.031635802469135804
0 0.724609375 0.12307098765432099 0.029947916666666668 0.04089506172839506