0 0.5987413194444444 0.2604166666666667 0.1644965277777778 0.14583333333333334
0 0.1640625 0.2326388888888889 0.20399305555555555 0.22145061728395063
0 0.2957899305555556 0.04552469135802469 0.05164930555555555 0.038580246913580245
0 0.6673177083333334 0.12384259259259259 0.07161458333333333 0.05324074074074074
0 0.22526041666666666 0.02970679012345679 0.049479166666666664 0.04861111111111111
0 0.3654513888888889 0.06018518518518518 0.059895833333333336 0.040123456790123455
1 0.7133246527777778 0.5682870370370371 0.07335069444444445 0.38040123456790126
1 0.7606336805555556 0.4591049382716049 0.047309027777777776 0.27469135802469136
1 0.16080729166666666 0.10532407407407407 0.009982638888888888 0.0779320987654321
0 0.3220486111111111 0.04050925925925926 0.034722222222222224 0.0470679012345679
0 0.3537326388888889 0.034722222222222224 0.030381944444444444 0.030864197530864196
0 0.3806423611111111 0.03742283950617284 0.021701388888888888 0.036265432098765434
0 0.4166666666666667 0.05439814814814815 0.029513888888888888 0.03780864197530864
0 0.482421875 0.043209876543209874 0.03602430555555555 0.024691358024691357