0 0.54296875 0.1728395061728395 0.13368055555555555 0.14351851851851852
0 0.185546875 0.7835648148148148 0.3606770833333333 0.43287037037037035
0 0.3782552083333333 0.059027777777777776 0.05164930555555555 0.03935185185185185
0 0.6935763888888888 0.10339506172839506 0.033854166666666664 0.044753086419753084
0 0.2152777777777778 0.040123456790123455 0.044270833333333336 0.032407407407407406
0 0.2921006944444444 0.047453703703703706 0.042534722222222224 0.034722222222222224
0 0.7881944444444444 0.17785493827160495 0.0920138888888889 0.06404320987654322
0 0.7352430555555556 0.08757716049382716 0.028645833333333332 0.04861111111111111
1 0.3114149305555556 0.13541666666666666 0.016059027777777776 0.09490740740740741
1 0.2970920138888889 0.1381172839506173 0.01953125 0.10648148148148148
0 0.1833767361111111 0.03780864197530864 0.03602430555555555 0.032407407407407406
0 0.4110243055555556 0.06018518518518518 0.030381944444444444 0.038580246913580245