0 0.1291232638888889 0.8213734567901234 0.2556423611111111 0.35262345679012347
0 0.5698784722222222 0.08796296296296297 0.0685763888888889 0.05401234567901234
0 0.6453993055555556 0.09567901234567901 0.0546875 0.04938271604938271
0 0.3526475694444444 0.05555555555555555 0.047309027777777776 0.040123456790123455
0 0.4926215277777778 0.040123456790123455 0.035590277777777776 0.029320987654320986
0 0.7076822916666666 0.2010030864197531 0.1662326388888889 0.16280864197530864
0 0.2645399305555556 0.04436728395061729 0.045572916666666664 0.03780864197530864
0 0.3923611111111111 0.04359567901234568 0.07899305555555555 0.05324074074074074
1 0.783203125 0.3869598765432099 0.03689236111111111 0.20756172839506173
1 0.7313368055555556 0.3792438271604938 0.050347222222222224 0.19212962962962962
0 0.8587239583333334 0.20910493827160495 0.024739583333333332 0.04938271604938271
0 0.76953125 0.16396604938271606 0.042534722222222224 0.07330246913580248
0 0.6942274305555556 0.10185185185185185 0.029947916666666668 0.038580246913580245
0 0.1950954861111111 0.04205246913580247 0.04210069444444445 0.036265432098765434