0 0.08116319444444445 0.6234567901234568 0.16145833333333334 0.38271604938271603
0 0.11176215277777778 0.2692901234567901 0.1974826388888889 0.17901234567901234
0 0.6332465277777778 0.1381172839506173 0.09027777777777778 0.09104938271604938
0 0.3062065972222222 0.04513888888888889 0.04296875 0.034722222222222224
0 0.3717447916666667 0.04205246913580247 0.023003472222222224 0.036265432098765434
0 0.2649739583333333 0.04513888888888889 0.047309027777777776 0.033179012345679014
0 0.20247395833333334 0.036265432098765434 0.030815972222222224 0.030864197530864196
0 0.23546006944444445 0.03510802469135803 0.029079861111111112 0.034722222222222224
0 0.3450520833333333 0.03973765432098766 0.03298611111111111 0.03780864197530864
0 0.708984375 0.11304012345679013 0.032552083333333336 0.0470679012345679
0 0.4787326388888889 0.06597222222222222 0.019965277777777776 0.036265432098765434
0 0.7526041666666666 0.14621913580246915 0.049479166666666664 0.05324074074074074
0 0.4830729166666667 0.04050925925925926 0.030381944444444444 0.020833333333333332
0 0.3984375 0.03125 0.03211805555555555 0.02854938271604938
1 0.8426649305555556 0.38387345679012347 0.03342013888888889 0.19212962962962962
1 0.8036024305555556 0.4675925925925926 0.047309027777777776 0.21450617283950618