0 0.2986111111111111 0.33217592592592593 0.2222222222222222 0.2152777777777778
0 0.2107204861111111 0.03742283950617284 0.04210069444444445 0.034722222222222224
0 0.3498263888888889 0.11458333333333333 0.0703125 0.06712962962962964
0 0.5546875 0.20949074074074073 0.203125 0.26157407407407407
0 0.185546875 0.0763888888888889 0.05685763888888889 0.047839506172839504
0 0.08637152777777778 0.30787037037037035 0.171875 0.2037037037037037
0 0.3704427083333333 0.03587962962962963 0.04296875 0.02854938271604938
0 0.3967013888888889 0.16705246913580246 0.06597222222222222 0.11342592592592593
0 0.6690538194444444 0.21682098765432098 0.0802951388888889 0.125
0 0.7447916666666666 0.21720679012345678 0.11024305555555555 0.09799382716049383
0 0.7840711805555556 0.18441358024691357 0.0646701388888889 0.10802469135802469
0 0.6150173611111112 0.10262345679012345 0.050347222222222224 0.06018518518518518
1 0.5438368055555556 0.8167438271604939 0.1293402777777778 0.36496913580246915
0 0.8248697916666666 0.18248456790123457 0.04123263888888889 0.0625
0 0.7026909722222222 0.14467592592592593 0.0546875 0.06404320987654322
0 0.7582465277777778 0.11419753086419752 0.022569444444444444 0.029320987654320986
0 0.7799479166666666 0.10686728395061729 0.021701388888888888 0.031635802469135804