0 0.8109809027777778 0.3275462962962963 0.10546875 0.14891975308641975
0 0.3661024305555556 0.05439814814814815 0.04991319444444445 0.04243827160493827
0 0.5792100694444444 0.11342592592592593 0.055989583333333336 0.10648148148148148
0 0.4919704861111111 0.03973765432098766 0.03428819444444445 0.02854938271604938
0 0.19249131944444445 0.038580246913580245 0.039496527777777776 0.043209876543209874
0 0.28125 0.04552469135802469 0.03819444444444445 0.040123456790123455
0 0.8055555555555556 0.1739969135802469 0.1032986111111111 0.0763888888888889
1 0.7135416666666666 0.37808641975308643 0.042534722222222224 0.19907407407407407
1 0.7886284722222222 0.38850308641975306 0.042534722222222224 0.20910493827160495
0 0.7918836805555556 0.19791666666666666 0.07682291666666667 0.09490740740740741
0 0.6623263888888888 0.10378086419753087 0.042534722222222224 0.0470679012345679
0 0.7163628472222222 0.12654320987654322 0.030815972222222224 0.05555555555555555
0 0.4108072916666667 0.0470679012345679 0.039496527777777776 0.047839506172839504
0 0.3023003472222222 0.03125 0.031684027777777776 0.0470679012345679