0 0.6219618055555556 0.10262345679012345 0.05381944444444445 0.06172839506172839
0 0.3237847222222222 0.047453703703703706 0.052083333333333336 0.03780864197530864
0 0.392578125 0.16087962962962962 0.06553819444444445 0.11651234567901235
0 0.3754340277777778 0.04050925925925926 0.030381944444444444 0.031635802469135804
0 0.6877170138888888 0.12422839506172839 0.045572916666666664 0.044753086419753084
0 0.41015625 0.062114197530864196 0.033854166666666664 0.036265432098765434
0 0.4826388888888889 0.07253086419753087 0.022569444444444444 0.032407407407407406
0 0.7502170138888888 0.11882716049382716 0.026475694444444444 0.041666666666666664
0 0.7690972222222222 0.11072530864197531 0.016493055555555556 0.02700617283950617
0 0.859375 0.12152777777777778 0.015625 0.016203703703703703
0 0.23328993055555555 0.04089506172839506 0.04123263888888889 0.035493827160493825
0 0.20616319444444445 0.033950617283950615 0.026909722222222224 0.027777777777777776
0 0.2743055555555556 0.03279320987654321 0.021701388888888888 0.02700617283950617
0 0.3383246527777778 0.02816358024691358 0.06032986111111111 0.04089506172839506
0 0.4021267361111111 0.03356481481481482 0.03602430555555555 0.02854938271604938
1 0.5930989583333334 0.8746141975308642 0.13932291666666666 0.2492283950617284