0 0.6134982638888888 0.2542438271604938 0.1618923611111111 0.12885802469135801
0 0.07421875 0.4529320987654321 0.14756944444444445 0.28703703703703703
0 0.3528645833333333 0.05439814814814815 0.046875 0.036265432098765434
0 0.2897135416666667 0.04050925925925926 0.048177083333333336 0.03780864197530864
0 0.6605902777777778 0.10262345679012345 0.0546875 0.04938271604938271
0 0.7727864583333334 0.16782407407407407 0.06901041666666667 0.0625
0 0.4839409722222222 0.07291666666666667 0.042534722222222224 0.04861111111111111
0 0.2144097222222222 0.036265432098765434 0.04774305555555555 0.038580246913580245
0 0.4088541666666667 0.04976851851851852 0.028645833333333332 0.04089506172839506
0 0.3914930555555556 0.037037037037037035 0.026909722222222224 0.021604938271604937
0 0.7007378472222222 0.12229938271604938 0.03602430555555555 0.05324074074074074
1 0.6247829861111112 0.7249228395061729 0.10807291666666667 0.41280864197530864
1 0.1330295138888889 0.23032407407407407 0.02734375 0.1412037037037037
1 0.15104166666666666 0.22762345679012347 0.026909722222222224 0.13425925925925927
0 0.23046875 0.02546296296296296 0.046875 0.038580246913580245