0 0.5125868055555556 0.16358024691358025 0.109375 0.09722222222222222
0 0.1872829861111111 0.7430555555555556 0.3728298611111111 0.5108024691358025
0 0.2625868055555556 0.08834876543209877 0.08246527777777778 0.07021604938271606
0 0.4924045138888889 0.08333333333333333 0.04296875 0.044753086419753084
0 0.35546875 0.055169753086419755 0.052083333333333336 0.03780864197530864
0 0.5924479166666666 0.27237654320987653 0.1875 0.14506172839506173
0 0.2868923611111111 0.04552469135802469 0.043402777777777776 0.037037037037037035
0 0.4110243055555556 0.06790123456790123 0.035590277777777776 0.038580246913580245
0 0.5618489583333334 0.08989197530864197 0.06640625 0.05015432098765432
0 0.7515190972222222 0.18055555555555555 0.21397569444444445 0.22376543209876543
0 0.3211805555555556 0.03780864197530864 0.04600694444444445 0.041666666666666664
0 0.17252604166666666 0.059799382716049385 0.03515625 0.04089506172839506
0 0.3927951388888889 0.03279320987654321 0.03211805555555555 0.023919753086419752
1 0.5618489583333334 0.3341049382716049 0.05685763888888889 0.21450617283950618
1 0.7615017361111112 0.46026234567901236 0.062065972222222224 0.2337962962962963
1 0.6141493055555556 0.8248456790123457 0.11805555555555555 0.35030864197530864
1 0.6883680555555556 0.6126543209876543 0.12586805555555555 0.3611111111111111
0 0.1597222222222222 0.08487654320987655 0.013020833333333334 0.035493827160493825
0 0.232421875 0.040123456790123455 0.04123263888888889 0.030864197530864196
0 0.21571180555555555 0.02816358024691358 0.029513888888888888 0.034722222222222224
0 0.18424479166666666 0.03780864197530864 0.04296875 0.029320987654320986
0 0.3563368055555556 0.028935185185185185 0.03732638888888889 0.03009259259259259
0 0.3960503472222222 0.04861111111111111 0.03342013888888889 0.026234567901234566
0 0.509765625 0.07253086419753087 0.04210069444444445 0.043209876543209874
0 0.5549045138888888 0.10108024691358025 0.06987847222222222 0.046296296296296294
0 0.5987413194444444 0.09645061728395062 0.018663194444444444 0.047839506172839504