0 0.2947048611111111 0.0775462962962963 0.0703125 0.05632716049382716
0 0.5861545138888888 0.15046296296296297 0.1323784722222222 0.16203703703703703
0 0.3871527777777778 0.03202160493827161 0.044270833333333336 0.03009259259259259
0 0.2033420138888889 0.03587962962962963 0.02734375 0.023919753086419752
0 0.2326388888888889 0.024691358024691357 0.0390625 0.030864197530864196
0 0.7673611111111112 0.27121913580246915 0.15104166666666666 0.13194444444444445
0 0.7565104166666666 0.21373456790123457 0.11458333333333333 0.09722222222222222
0 0.6490885416666666 0.1412037037037037 0.04210069444444445 0.07253086419753087
0 0.6998697916666666 0.12808641975308643 0.038628472222222224 0.04938271604938271
0 0.7769097222222222 0.08950617283950617 0.021701388888888888 0.024691358024691357
0 0.5121527777777778 0.03935185185185185 0.022569444444444444 0.018518518518518517
0 0.4943576388888889 0.03896604938271605 0.019965277777777776 0.020833333333333332
0 0.1753472222222222 0.040123456790123455 0.042534722222222224 0.029320987654320986
1 0.3372395833333333 0.2916666666666667 0.03819444444444445 0.1728395061728395