0 0.13346354166666666 0.8256172839506173 0.2643229166666667 0.3487654320987654
0 0.19813368055555555 0.3487654320987654 0.2573784722222222 0.22530864197530864
0 0.1525607638888889 0.21026234567901234 0.1801215277777778 0.14891975308641975
0 0.49609375 0.1739969135802469 0.09809027777777778 0.10570987654320987
0 0.5518663194444444 0.11612654320987655 0.0681423611111111 0.0763888888888889
0 0.3624131944444444 0.04282407407407408 0.029513888888888888 0.03780864197530864
0 0.3133680555555556 0.05169753086419753 0.044270833333333336 0.033950617283950615
0 0.65234375 0.10686728395061729 0.04079861111111111 0.03780864197530864
0 0.2888454861111111 0.03587962962962963 0.04296875 0.033179012345679014
1 0.7254774305555556 0.3800154320987654 0.04904513888888889 0.19675925925925927
1 0.7858072916666666 0.38580246913580246 0.04210069444444445 0.2052469135802469
0 0.8270399305555556 0.2330246913580247 0.0881076388888889 0.09722222222222222
0 0.7152777777777778 0.14429012345679013 0.04079861111111111 0.06635802469135803
0 0.6883680555555556 0.10108024691358025 0.03819444444444445 0.05246913580246913
0 0.7536892361111112 0.11342592592592593 0.028211805555555556 0.05246913580246913
0 0.7784288194444444 0.11342592592592593 0.023871527777777776 0.029320987654320986
0 0.5575086805555556 0.12307098765432099 0.0646701388888889 0.05941358024691358
0 0.1599392361111111 0.08603395061728394 0.009982638888888888 0.0470679012345679
0 0.1953125 0.041666666666666664 0.04079861111111111 0.041666666666666664
0 0.23741319444444445 0.03935185185185185 0.026909722222222224 0.037037037037037035
0 0.3802083333333333 0.03819444444444445 0.03993055555555555 0.04398148148148148