0 0.13368055555555555 0.8233024691358025 0.2664930555555556 0.3533950617283951
0 0.3700086805555556 0.17515432098765432 0.10894097222222222 0.13271604938271606
0 0.03689236111111111 0.25578703703703703 0.07291666666666667 0.14429012345679013
0 0.2964409722222222 0.0466820987654321 0.052083333333333336 0.03780864197530864
0 0.3723958333333333 0.040123456790123455 0.030381944444444444 0.030864197530864196
0 0.7628038194444444 0.19521604938271606 0.10460069444444445 0.09722222222222222
0 0.8598090277777778 0.21412037037037038 0.022569444444444444 0.04861111111111111
0 0.4835069444444444 0.03780864197530864 0.036458333333333336 0.024691358024691357
1 0.7628038194444444 0.38580246913580246 0.038628472222222224 0.2021604938271605
0 0.22200520833333334 0.04050925925925926 0.04470486111111111 0.03780864197530864
0 0.3990885416666667 0.030478395061728395 0.031684027777777776 0.031635802469135804
0 0.7239583333333334 0.13310185185185186 0.08159722222222222 0.05632716049382716