0 0.13411458333333334 0.8005401234567902 0.2638888888888889 0.3958333333333333
0 0.6265190972222222 0.2368827160493827 0.14366319444444445 0.13580246913580246
0 0.5802951388888888 0.15239197530864199 0.09027777777777778 0.07330246913580248
0 0.3556857638888889 0.057484567901234566 0.054253472222222224 0.03780864197530864
0 0.2647569444444444 0.04282407407407408 0.046875 0.04243827160493827
0 0.6549479166666666 0.1381172839506173 0.0876736111111111 0.07561728395061729
0 0.3869357638888889 0.04552469135802469 0.038628472222222224 0.040123456790123455
0 0.6458333333333334 0.10648148148148148 0.06597222222222222 0.046296296296296294
1 0.7649739583333334 0.38503086419753085 0.04383680555555555 0.2037037037037037
1 0.8107638888888888 0.4347993827160494 0.057291666666666664 0.2368827160493827
1 0.8244357638888888 0.4409722222222222 0.06032986111111111 0.25848765432098764
0 0.8461371527777778 0.19830246913580246 0.04991319444444445 0.05401234567901234
0 0.7437065972222222 0.11805555555555555 0.03428819444444445 0.05401234567901234
0 0.185546875 0.03896604938271605 0.045572916666666664 0.04552469135802469
0 0.4869791666666667 0.04243827160493827 0.03298611111111111 0.030864197530864196
0 0.5177951388888888 0.040123456790123455 0.024305555555555556 0.026234567901234566