0 0.228515625 0.2349537037037037 0.17838541666666666 0.15817901234567902
0 0.08094618055555555 0.6215277777777778 0.1618923611111111 0.38657407407407407
0 0.2250434027777778 0.04205246913580247 0.04210069444444445 0.033179012345679014
0 0.7621527777777778 0.16705246913580246 0.0763888888888889 0.07175925925925926
0 0.3528645833333333 0.035493827160493825 0.034722222222222224 0.033950617283950615
0 0.3009982638888889 0.027391975308641976 0.030815972222222224 0.023919753086419752
0 0.16297743055555555 0.0798611111111111 0.015190972222222222 0.036265432098765434
0 0.3237847222222222 0.028935185185185185 0.03298611111111111 0.02854938271604938
0 0.408203125 0.04205246913580247 0.029947916666666668 0.03009259259259259
0 0.4752604166666667 0.03665123456790124 0.03298611111111111 0.022376543209876542
1 0.7805989583333334 0.4425154320987654 0.05685763888888889 0.2337962962962963