0 0.24153645833333334 0.09220679012345678 0.0681423611111111 0.05787037037037037
0 0.3020833333333333 0.030864197530864196 0.04600694444444445 0.032407407407407406
0 0.5913628472222222 0.2037037037037037 0.1488715277777778 0.1111111111111111
0 0.3639322916666667 0.043209876543209874 0.023003472222222224 0.026234567901234566
0 0.408203125 0.05246913580246913 0.023871527777777776 0.026234567901234566
0 0.509765625 0.07600308641975309 0.04904513888888889 0.03780864197530864
0 0.7575954861111112 0.16666666666666666 0.0802951388888889 0.06481481481481481
0 0.5859375 0.13464506172839505 0.0998263888888889 0.07175925925925926
0 0.2230902777777778 0.03356481481481482 0.04079861111111111 0.02546296296296296
0 0.1840277777777778 0.04089506172839506 0.03993055555555555 0.033950617283950615
0 0.7708333333333334 0.11149691358024691 0.022569444444444444 0.03009259259259259
0 0.4828559027777778 0.04243827160493827 0.03689236111111111 0.027777777777777776
1 0.466796875 0.6103395061728395 0.12890625 0.4722222222222222
1 0.6927083333333334 0.4664351851851852 0.0842013888888889 0.31867283950617287