0 0.3259548611111111 0.11921296296296297 0.0876736111111111 0.06867283950617284
0 0.353515625 0.055169753086419755 0.05251736111111111 0.03780864197530864
0 0.4963107638888889 0.08101851851851852 0.05164930555555555 0.04938271604938271
0 0.3224826388888889 0.03356481481481482 0.06336805555555555 0.05324074074074074
0 0.18272569444444445 0.07137345679012345 0.05555555555555555 0.05632716049382716
0 0.8452690972222222 0.19868827160493827 0.04904513888888889 0.0625
0 0.3999565972222222 0.04976851851851852 0.03602430555555555 0.03009259259259259
0 0.2465277777777778 0.03780864197530864 0.04513888888888889 0.040123456790123455
0 0.6716579861111112 0.11612654320987655 0.06032986111111111 0.05169753086419753
0 0.2087673611111111 0.034722222222222224 0.034722222222222224 0.026234567901234566
0 0.7413194444444444 0.14737654320987653 0.059895833333333336 0.06018518518518518
0 0.5483940972222222 0.08371913580246913 0.046440972222222224 0.04398148148148148
0 0.3917100694444444 0.03279320987654321 0.031684027777777776 0.023919753086419752
1 0.7052951388888888 0.7353395061728395 0.1996527777777778 0.41975308641975306
0 0.4717881944444444 0.062114197530864196 0.03298611111111111 0.02854938271604938
0 0.5128038194444444 0.036265432098765434 0.04296875 0.035493827160493825
0 0.4809027777777778 0.033179012345679014 0.043402777777777776 0.037037037037037035