0 0.5071614583333334 0.26697530864197533 0.18446180555555555 0.1574074074074074
0 0.1794704861111111 0.08217592592592593 0.05251736111111111 0.05169753086419753
0 0.5269097222222222 0.09066358024691358 0.06597222222222222 0.04398148148148148
0 0.3413628472222222 0.03819444444444445 0.07855902777777778 0.06095679012345679
0 0.2306857638888889 0.041666666666666664 0.04383680555555555 0.035493827160493825
0 0.69140625 0.13078703703703703 0.07291666666666667 0.05787037037037037
0 0.4878472222222222 0.03510802469135803 0.036458333333333336 0.03009259259259259
1 0.7404513888888888 0.4390432098765432 0.05295138888888889 0.24691358024691357
1 0.7860243055555556 0.4675925925925926 0.05555555555555555 0.24382716049382716
0 0.1762152777777778 0.04128086419753087 0.035590277777777776 0.031635802469135804
0 0.2925347222222222 0.030478395061728395 0.05381944444444445 0.05324074074074074
0 0.3958333333333333 0.05478395061728395 0.03298611111111111 0.038580246913580245
0 0.4177517361111111 0.06365740740740741 0.03428819444444445 0.04243827160493827
0 0.4711371527777778 0.06365740740740741 0.030815972222222224 0.0470679012345679
0 0.525390625 0.06905864197530864 0.04991319444444445 0.023919753086419752
0 0.8430989583333334 0.19907407407407407 0.055121527777777776 0.06172839506172839