0 0.18467881944444445 0.7874228395061729 0.3606770833333333 0.4251543209876543
0 0.5679253472222222 0.16242283950617284 0.10199652777777778 0.07947530864197531
0 0.3003472222222222 0.3128858024691358 0.24913194444444445 0.21373456790123457
0 0.3446180555555556 0.05709876543209876 0.059027777777777776 0.038580246913580245
0 0.4956597222222222 0.08217592592592593 0.050347222222222224 0.04552469135802469
0 0.5718315972222222 0.10030864197530864 0.07161458333333333 0.05092592592592592
0 0.3888888888888889 0.04513888888888889 0.035590277777777776 0.033179012345679014
0 0.18836805555555555 0.038580246913580245 0.043402777777777776 0.032407407407407406
0 0.8480902777777778 0.2013888888888889 0.044270833333333336 0.05555555555555555
0 0.4958767361111111 0.032407407407407406 0.039496527777777776 0.029320987654320986
0 0.4683159722222222 0.05324074074074074 0.027777777777777776 0.029320987654320986
0 0.5360243055555556 0.08063271604938271 0.03993055555555555 0.04089506172839506
0 0.6508246527777778 0.11728395061728394 0.08637152777777778 0.06635802469135803
0 0.2289496527777778 0.03973765432098766 0.04123263888888889 0.034722222222222224
0 0.2864583333333333 0.04552469135802469 0.0390625 0.038580246913580245
1 0.2437065972222222 0.18171296296296297 0.024739583333333332 0.05941358024691358
1 0.2621527777777778 0.17746913580246915 0.020833333333333332 0.06018518518518518
0 0.3240017361111111 0.03973765432098766 0.031684027777777776 0.02854938271604938
0 0.4140625 0.06751543209876543 0.033854166666666664 0.03780864197530864
0 0.7191840277777778 0.14776234567901234 0.042534722222222224 0.06712962962962964