0 0.3166232638888889 0.3109567901234568 0.2287326388888889 0.2191358024691358
0 0.1870659722222222 0.7430555555555556 0.3715277777777778 0.5046296296296297
0 0.6529947916666666 0.16473765432098766 0.055121527777777776 0.07484567901234568
0 0.4915364583333333 0.08179012345679013 0.039496527777777776 0.044753086419753084
0 0.23328993055555555 0.04128086419753087 0.03602430555555555 0.031635802469135804
0 0.5455729166666666 0.08526234567901235 0.059895833333333336 0.036265432098765434
0 0.6243489583333334 0.11458333333333333 0.05859375 0.04243827160493827
0 0.3567708333333333 0.055169753086419755 0.051215277777777776 0.04089506172839506
0 0.2884114583333333 0.04938271604938271 0.048177083333333336 0.035493827160493825
0 0.4112413194444444 0.06597222222222222 0.040364583333333336 0.03935185185185185
0 0.7471788194444444 0.16550925925925927 0.0724826388888889 0.07175925925925926
0 0.7252604166666666 0.11612654320987655 0.03732638888888889 0.0779320987654321
0 0.3919270833333333 0.02970679012345679 0.033854166666666664 0.019290123456790122
0 0.3439670138888889 0.04359567901234568 0.055989583333333336 0.04089506172839506
0 0.5002170138888888 0.03819444444444445 0.029079861111111112 0.022376543209876542
1 0.5668402777777778 0.8607253086419753 0.15364583333333334 0.2785493827160494
0 0.1877170138888889 0.03935185185185185 0.03602430555555555 0.030864197530864196
0 0.2866753472222222 0.023148148148148147 0.04296875 0.033950617283950615
0 0.400390625 0.050540123456790126 0.038628472222222224 0.03780864197530864
0 0.5542534722222222 0.10223765432098765 0.07118055555555555 0.04861111111111111
0 0.6729600694444444 0.12962962962962962 0.040364583333333336 0.05864197530864197