0 0.07573784722222222 0.24228395061728394 0.1506076388888889 0.14969135802469136
0 0.19661458333333334 0.2665895061728395 0.2230902777777778 0.18441358024691357
0 0.5562065972222222 0.09606481481481481 0.06032986111111111 0.0470679012345679
0 0.3487413194444444 0.05594135802469136 0.054253472222222224 0.04398148148148148
0 0.2144097222222222 0.04050925925925926 0.04600694444444445 0.036265432098765434
0 0.4930555555555556 0.08101851851851852 0.03993055555555555 0.040123456790123455
0 0.6325954861111112 0.08950617283950617 0.06987847222222222 0.08024691358024691
0 0.3897569444444444 0.04128086419753087 0.030381944444444444 0.02700617283950617
0 0.6840277777777778 0.1400462962962963 0.08333333333333333 0.0763888888888889
1 0.7252604166666666 0.3800154320987654 0.0390625 0.19830246913580246
1 0.7842881944444444 0.3854166666666667 0.044270833333333336 0.19830246913580246
0 0.857421875 0.19560185185185186 0.031684027777777776 0.04089506172839506
0 0.17447916666666666 0.06751543209876543 0.041666666666666664 0.05632716049382716
0 0.2654079861111111 0.043209876543209874 0.047309027777777776 0.038580246913580245
0 0.30078125 0.043209876543209874 0.029513888888888888 0.038580246913580245
0 0.4049479166666667 0.06404320987654322 0.051215277777777776 0.040123456790123455
0 0.4663628472222222 0.04089506172839506 0.025607638888888888 0.023148148148148147
0 0.4691840277777778 0.057484567901234566 0.024305555555555556 0.031635802469135804