0 0.08116319444444445 0.625 0.16145833333333334 0.3873456790123457
0 0.5661892361111112 0.11959876543209877 0.05946180555555555 0.06635802469135803
0 0.8400607638888888 0.17824074074074073 0.061197916666666664 0.06018518518518518
0 0.3302951388888889 0.044753086419753084 0.05555555555555555 0.043209876543209874
0 0.3723958333333333 0.050540123456790126 0.03211805555555555 0.03009259259259259
0 0.4976128472222222 0.03587962962962963 0.032552083333333336 0.02546296296296296
0 0.7250434027777778 0.11805555555555555 0.03689236111111111 0.05246913580246913
0 0.22764756944444445 0.029320987654320986 0.06987847222222222 0.05709876543209876
0 0.7608506944444444 0.1878858024691358 0.06336805555555555 0.08101851851851852
1 0.8200954861111112 0.4104938271604938 0.038628472222222224 0.21604938271604937
0 0.2836371527777778 0.023919753086419752 0.039496527777777776 0.046296296296296294
0 0.3459201388888889 0.020061728395061727 0.050347222222222224 0.038580246913580245