0 0.07725694444444445 0.42399691358024694 0.15364583333333334 0.2199074074074074
0 0.2152777777777778 0.03665123456790124 0.04861111111111111 0.03780864197530864
0 0.6404079861111112 0.10223765432098765 0.048177083333333336 0.0470679012345679
0 0.3331163194444444 0.05169753086419753 0.046440972222222224 0.033950617283950615
0 0.3899739583333333 0.046296296296296294 0.03342013888888889 0.033950617283950615
0 0.287109375 0.04205246913580247 0.045572916666666664 0.034722222222222224
0 0.3585069444444444 0.045910493827160496 0.036458333333333336 0.034722222222222224
0 0.6616753472222222 0.15856481481481483 0.0802951388888889 0.06404320987654322
0 0.404296875 0.02700617283950617 0.02734375 0.037037037037037035
1 0.2664930555555556 0.2692901234567901 0.04079861111111111 0.1743827160493827
1 0.2877604166666667 0.27044753086419754 0.0234375 0.1566358024691358
1 0.8385416666666666 0.439429012345679 0.041666666666666664 0.21373456790123457
0 0.673828125 0.10300925925925926 0.029947916666666668 0.033179012345679014