0 0.08116319444444445 0.6242283950617284 0.16145833333333334 0.38425925925925924
0 0.3778211805555556 0.05632716049382716 0.055989583333333336 0.038580246913580245
0 0.3012152777777778 0.030864197530864196 0.03298611111111111 0.026234567901234566
0 0.3287760416666667 0.03665123456790124 0.029079861111111112 0.031635802469135804
0 0.23524305555555555 0.03433641975308642 0.03211805555555555 0.03935185185185185
0 0.4796006944444444 0.027391975308641976 0.04513888888888889 0.04089506172839506
0 0.6861979166666666 0.11882716049382716 0.04774305555555555 0.05401234567901234
0 0.27734375 0.03202160493827161 0.021701388888888888 0.031635802469135804
0 0.3934461805555556 0.02816358024691358 0.029947916666666668 0.03009259259259259
1 0.8229166666666666 0.40933641975308643 0.03993055555555555 0.21373456790123457
0 0.4830729166666667 0.04089506172839506 0.035590277777777776 0.023148148148148147
0 0.7337239583333334 0.16126543209876543 0.08723958333333333 0.06172839506172839
0 0.8036024305555556 0.09760802469135803 0.02734375 0.034722222222222224