0 0.12261284722222222 0.2692901234567901 0.19140625 0.19753086419753085
0 0.2808159722222222 0.10570987654320987 0.07378472222222222 0.06327160493827161
0 0.248046875 0.03510802469135803 0.05078125 0.03935185185185185
0 0.369140625 0.04089506172839506 0.031684027777777776 0.029320987654320986
0 0.4186197916666667 0.05324074074074074 0.037760416666666664 0.033950617283950615
0 0.4685329861111111 0.041666666666666664 0.029947916666666668 0.023148148148148147
0 0.5026041666666666 0.038580246913580245 0.026909722222222224 0.015432098765432098
0 0.3843315972222222 0.030864197530864196 0.03428819444444445 0.029320987654320986
0 0.6970486111111112 0.17554012345679013 0.042534722222222224 0.08101851851851852
0 0.7389322916666666 0.15933641975308643 0.05859375 0.06558641975308642
0 0.7035590277777778 0.10686728395061729 0.025173611111111112 0.033179012345679014
0 0.7940538194444444 0.10609567901234568 0.016927083333333332 0.02854938271604938
0 0.16471354166666666 0.04282407407407408 0.017795138888888888 0.02700617283950617
0 0.3524305555555556 0.036265432098765434 0.021701388888888888 0.024691358024691357
1 0.7845052083333334 0.4486882716049383 0.0759548611111111 0.23996913580246915