0 0.8331163194444444 0.2550154320987654 0.06987847222222222 0.0933641975308642
0 0.08138020833333333 0.626929012345679 0.1618923611111111 0.39274691358024694
0 0.6460503472222222 0.25733024691358025 0.1948784722222222 0.14737654320987653
0 0.6360677083333334 0.10493827160493827 0.06293402777777778 0.05092592592592592
0 0.390625 0.03935185185185185 0.033854166666666664 0.026234567901234566
0 0.7658420138888888 0.16782407407407407 0.0915798611111111 0.0625
0 0.2269965277777778 0.03935185185185185 0.042534722222222224 0.033950617283950615
0 0.318359375 0.047453703703703706 0.045572916666666664 0.031635802469135804
0 0.4854600694444444 0.034722222222222224 0.039496527777777776 0.024691358024691357
0 0.3318142361111111 0.03356481481481482 0.040364583333333336 0.02854938271604938
0 0.19856770833333334 0.037037037037037035 0.021267361111111112 0.033950617283950615
1 0.6529947916666666 0.7183641975308642 0.11414930555555555 0.49691358024691357
1 0.8313802083333334 0.39621913580246915 0.047309027777777776 0.2013888888888889
0 0.275390625 0.03896604938271605 0.018663194444444444 0.03780864197530864
0 0.4858940972222222 0.04128086419753087 0.031684027777777776 0.020833333333333332
0 0.3891059027777778 0.03125 0.04123263888888889 0.036265432098765434
0 0.169921875 0.040123456790123455 0.025607638888888888 0.026234567901234566
0 0.7845052083333334 0.1099537037037037 0.018663194444444444 0.02546296296296296