0 0.5479600694444444 0.0775462962962963 0.07335069444444445 0.0625
0 0.3500434027777778 0.125 0.08289930555555555 0.07716049382716049
0 0.310546875 0.046296296296296294 0.054253472222222224 0.044753086419753084
0 0.3999565972222222 0.04822530864197531 0.04383680555555555 0.036265432098765434
0 0.4375 0.1720679012345679 0.10069444444444445 0.11574074074074074
0 0.4769965277777778 0.03665123456790124 0.04774305555555555 0.031635802469135804
0 0.6877170138888888 0.24189814814814814 0.1644965277777778 0.15200617283950618
0 0.6684027777777778 0.10108024691358025 0.03819444444444445 0.05092592592592592
0 0.6892361111111112 0.125 0.046875 0.05864197530864197
0 0.7272135416666666 0.1570216049382716 0.06727430555555555 0.06404320987654322
0 0.8530815972222222 0.21064814814814814 0.03689236111111111 0.047839506172839504
0 0.2306857638888889 0.028935185185185185 0.055121527777777776 0.05632716049382716
0 0.2751736111111111 0.02854938271604938 0.03211805555555555 0.018518518518518517
0 0.3758680555555556 0.027391975308641976 0.041666666666666664 0.03009259259259259
0 0.3821614583333333 0.03935185185185185 0.025607638888888888 0.026234567901234566
0 0.3285590277777778 0.034722222222222224 0.020833333333333332 0.032407407407407406
1 0.7118055555555556 0.5922067901234568 0.0876736111111111 0.32330246913580246