0 0.6480034722222222 0.10378086419753087 0.044270833333333336 0.0470679012345679
0 0.4240451388888889 0.13657407407407407 0.10069444444444445 0.08333333333333333
0 0.3669704861111111 0.04938271604938271 0.04383680555555555 0.030864197530864196
0 0.3678385416666667 0.027391975308641976 0.03515625 0.02546296296296296
0 0.22938368055555555 0.028935185185185185 0.06987847222222222 0.05632716049382716
1 0.7953559027777778 0.39891975308641975 0.047309027777777776 0.20987654320987653
0 0.3333333333333333 0.040123456790123455 0.026041666666666668 0.033950617283950615
0 0.8157552083333334 0.26851851851851855 0.10980902777777778 0.2515432098765432
0 0.7560763888888888 0.2052469135802469 0.03993055555555555 0.0787037037037037
0 0.7764756944444444 0.14506172839506173 0.0625 0.05092592592592592
0 0.7107204861111112 0.12345679012345678 0.03602430555555555 0.05709876543209876