0 0.1879340277777778 0.7415123456790124 0.3741319444444444 0.5108024691358025
0 0.2651909722222222 0.09297839506172839 0.06770833333333333 0.06712962962962964
0 0.5924479166666666 0.27507716049382713 0.1935763888888889 0.15046296296296297
0 0.7886284722222222 0.15200617283950618 0.07465277777777778 0.06481481481481481
0 0.5147569444444444 0.10493827160493827 0.10590277777777778 0.16049382716049382
0 0.8439670138888888 0.1882716049382716 0.054253472222222224 0.06327160493827161
0 0.3546006944444444 0.05401234567901234 0.05295138888888889 0.040123456790123455
0 0.6006944444444444 0.09799382716049383 0.04600694444444445 0.043209876543209874
0 0.2890625 0.047453703703703706 0.043402777777777776 0.036265432098765434
0 0.23155381944444445 0.04282407407407408 0.03515625 0.02854938271604938
0 0.6493055555555556 0.11496913580246913 0.0720486111111111 0.06327160493827161
0 0.5661892361111112 0.09953703703703703 0.04383680555555555 0.05246913580246913
1 0.3194444444444444 0.27391975308641975 0.041666666666666664 0.19598765432098766
1 0.6252170138888888 0.7858796296296297 0.11588541666666667 0.42669753086419754
1 0.662109375 0.7453703703703703 0.06640625 0.36882716049382713
0 0.17686631944444445 0.04398148148148148 0.04210069444444445 0.032407407407407406
0 0.3237847222222222 0.036265432098765434 0.051215277777777776 0.04938271604938271
0 0.3595920138888889 0.030864197530864196 0.02734375 0.029320987654320986
0 0.3999565972222222 0.06905864197530864 0.01953125 0.036265432098765434
0 0.396484375 0.04938271604938271 0.023871527777777776 0.026234567901234566