0 0.3298611111111111 0.28433641975308643 0.1892361111111111 0.1875
0 0.5021701388888888 0.10570987654320987 0.059895833333333336 0.05246913580246913
0 0.5651041666666666 0.2662037037037037 0.1762152777777778 0.14814814814814814
0 0.2387152777777778 0.08834876543209877 0.06684027777777778 0.05787037037037037
0 0.5414496527777778 0.08873456790123457 0.04904513888888889 0.046296296296296294
0 0.322265625 0.04976851851851852 0.04991319444444445 0.03780864197530864
0 0.8311631944444444 0.1875 0.07118055555555555 0.06944444444444445
0 0.4956597222222222 0.16782407407407407 0.09027777777777778 0.08719135802469136
0 0.3895399305555556 0.05324074074074074 0.046440972222222224 0.032407407407407406
0 0.3237847222222222 0.11535493827160494 0.08159722222222222 0.07330246913580248
0 0.6128472222222222 0.1427469135802469 0.09027777777777778 0.05709876543209876
0 0.6490885416666666 0.10609567901234568 0.04383680555555555 0.04089506172839506
0 0.3621961805555556 0.04436728395061729 0.028211805555555556 0.02854938271604938
0 0.21592881944444445 0.03433641975308642 0.03602430555555555 0.03009259259259259
0 0.2502170138888889 0.031635802469135804 0.05859375 0.05246913580246913
0 0.8148871527777778 0.09953703703703703 0.028211805555555556 0.037037037037037035
0 0.3470052083333333 0.03433641975308642 0.029947916666666668 0.02546296296296296
1 0.04210069444444445 0.18209876543209877 0.017361111111111112 0.1095679012345679
0 0.2855902777777778 0.040123456790123455 0.020833333333333332 0.033950617283950615
0 0.3003472222222222 0.034722222222222224 0.0234375 0.027777777777777776
0 0.4730902777777778 0.038580246913580245 0.030381944444444444 0.026234567901234566
0 0.4138454861111111 0.034722222222222224 0.020399305555555556 0.030864197530864196
0 0.7170138888888888 0.11882716049382716 0.035590277777777776 0.044753086419753084
0 0.6781684027777778 0.10802469135802469 0.023871527777777776 0.037037037037037035