0 0.6586371527777778 0.16782407407407407 0.08897569444444445 0.08410493827160494
0 0.7840711805555556 0.3097993827160494 0.1506076388888889 0.17824074074074073
0 0.2836371527777778 0.047453703703703706 0.03689236111111111 0.033179012345679014
0 0.7120225694444444 0.12422839506172839 0.07508680555555555 0.05709876543209876
0 0.3984375 0.033950617283950615 0.03819444444444445 0.032407407407407406
0 0.3287760416666667 0.047839506172839504 0.05078125 0.040123456790123455
0 0.3600260416666667 0.03510802469135803 0.030815972222222224 0.034722222222222224
1 0.7873263888888888 0.38310185185185186 0.04861111111111111 0.20601851851851852
1 0.7194010416666666 0.3800154320987654 0.04123263888888889 0.18287037037037038
0 0.2107204861111111 0.03819444444444445 0.04123263888888889 0.034722222222222224
0 0.24110243055555555 0.03202160493827161 0.023003472222222224 0.04089506172839506
0 0.3170572916666667 0.033950617283950615 0.029947916666666668 0.021604938271604937
0 0.4811197916666667 0.04089506172839506 0.03342013888888889 0.024691358024691357
0 0.5084635416666666 0.03935185185185185 0.022135416666666668 0.018518518518518517
0 0.7517361111111112 0.10146604938271606 0.0234375 0.03009259259259259
0 0.79296875 0.11304012345679013 0.026909722222222224 0.033179012345679014
0 0.8524305555555556 0.2037037037037037 0.04079861111111111 0.06172839506172839