0 0.3001302083333333 0.09760802469135803 0.07769097222222222 0.06712962962962964
0 0.1870659722222222 0.7407407407407407 0.3715277777777778 0.5092592592592593
0 0.5763888888888888 0.11535493827160494 0.057291666666666664 0.05787037037037037
0 0.6263020833333334 0.11381172839506173 0.0390625 0.05015432098765432
0 0.4917534722222222 0.08294753086419752 0.04079861111111111 0.04398148148148148
0 0.5473090277777778 0.09722222222222222 0.058159722222222224 0.037037037037037035
0 0.8355034722222222 0.17785493827160495 0.05555555555555555 0.05941358024691358
0 0.78515625 0.1720679012345679 0.07725694444444445 0.06481481481481481
0 0.3556857638888889 0.05555555555555555 0.055121527777777776 0.041666666666666664
0 0.6751302083333334 0.10802469135802469 0.030815972222222224 0.043209876543209874
0 0.4136284722222222 0.06597222222222222 0.042534722222222224 0.03780864197530864
0 0.23155381944444445 0.04089506172839506 0.03689236111111111 0.029320987654320986
0 0.4861111111111111 0.02816358024691358 0.057291666666666664 0.04861111111111111
0 0.3428819444444444 0.041666666666666664 0.0546875 0.041666666666666664
0 0.8051215277777778 0.09375 0.025173611111111112 0.036265432098765434
0 0.1857638888888889 0.037037037037037035 0.03732638888888889 0.027777777777777776
0 0.2886284722222222 0.047453703703703706 0.04600694444444445 0.03780864197530864
0 0.4049479166666667 0.029320987654320986 0.026909722222222224 0.021604938271604937
1 0.4069010416666667 0.3152006172839506 0.037760416666666664 0.1705246913580247
0 0.22395833333333334 0.030864197530864196 0.03732638888888889 0.024691358024691357
0 0.2864583333333333 0.02353395061728395 0.046875 0.033179012345679014
0 0.4776475694444444 0.057484567901234566 0.037760416666666664 0.02546296296296296
0 0.546875 0.08449074074074074 0.06163194444444445 0.03935185185185185
0 0.7072482638888888 0.12962962962962962 0.06032986111111111 0.05246913580246913
0 0.7380642361111112 0.1076388888888889 0.03342013888888889 0.06712962962962964
0 0.3999565972222222 0.05285493827160494 0.04470486111111111 0.03935185185185185