0 0.2977430555555556 0.10339506172839506 0.07465277777777778 0.06635802469135803
0 0.6610243055555556 0.09760802469135803 0.06597222222222222 0.0779320987654321
0 0.3088107638888889 0.05015432098765432 0.04904513888888889 0.033950617283950615
0 0.4069010416666667 0.05092592592592592 0.029947916666666668 0.030864197530864196
0 0.3546006944444444 0.04128086419753087 0.036458333333333336 0.031635802469135804
0 0.2404513888888889 0.03935185185185185 0.0546875 0.046296296296296294
0 0.48828125 0.03780864197530864 0.028645833333333332 0.020061728395061727
0 0.7571614583333334 0.2804783950617284 0.1662326388888889 0.1550925925925926
0 0.7317708333333334 0.15895061728395063 0.06684027777777778 0.09104938271604938
0 0.8561197916666666 0.1871141975308642 0.03515625 0.04398148148148148
0 0.17686631944444445 0.03896604938271605 0.039496527777777776 0.02854938271604938
0 0.3381076388888889 0.033950617283950615 0.030381944444444444 0.026234567901234566
1 0.720703125 0.5733024691358025 0.06380208333333333 0.3487654320987654