0 0.8142361111111112 0.1724537037037037 0.07118055555555555 0.05941358024691358
0 0.6336805555555556 0.1095679012345679 0.057291666666666664 0.047839506172839504
0 0.5729166666666666 0.09143518518518519 0.0625 0.0470679012345679
0 0.4034288194444444 0.045910493827160496 0.038628472222222224 0.04861111111111111
0 0.2610677083333333 0.043209876543209874 0.04904513888888889 0.043209876543209874
0 0.5075954861111112 0.07060185185185185 0.07508680555555555 0.07947530864197531
1 0.018012152777777776 0.19560185185185186 0.02734375 0.11033950617283951
0 0.2309027777777778 0.01890432098765432 0.06163194444444445 0.036265432098765434
0 0.20225694444444445 0.041666666666666664 0.052083333333333336 0.032407407407407406
0 0.3237847222222222 0.036265432098765434 0.06770833333333333 0.05709876543209876
0 0.3656684027777778 0.04976851851851852 0.018663194444444444 0.034722222222222224
0 0.4670138888888889 0.038580246913580245 0.017361111111111112 0.047839506172839504
0 0.6733940972222222 0.11149691358024691 0.029947916666666668 0.05015432098765432
0 0.7282986111111112 0.11921296296296297 0.03211805555555555 0.04552469135802469
0 0.7615017361111112 0.11342592592592593 0.024739583333333332 0.038580246913580245
0 0.7805989583333334 0.10841049382716049 0.021267361111111112 0.03009259259259259
0 0.6948784722222222 0.10802469135802469 0.029513888888888888 0.043209876543209874