0 0.4466145833333333 0.27662037037037035 0.1970486111111111 0.16743827160493827
0 0.5900607638888888 0.10570987654320987 0.0646701388888889 0.047839506172839504
0 0.3491753472222222 0.05285493827160494 0.05251736111111111 0.03780864197530864
0 0.2163628472222222 0.04243827160493827 0.047309027777777776 0.033950617283950615
0 0.5067274305555556 0.08410493827160494 0.05772569444444445 0.047839506172839504
0 0.6879340277777778 0.13310185185185186 0.058159722222222224 0.04398148148148148
0 0.4644097222222222 0.16319444444444445 0.1232638888888889 0.10262345679012345
0 0.4088541666666667 0.06635802469135803 0.050347222222222224 0.041666666666666664
0 0.2654079861111111 0.041666666666666664 0.038628472222222224 0.040123456790123455
1 0.7897135416666666 0.3912037037037037 0.040364583333333336 0.21141975308641975
1 0.7326388888888888 0.37885802469135804 0.044270833333333336 0.19753086419753085
0 0.837890625 0.19444444444444445 0.06640625 0.06944444444444445
0 0.73046875 0.12191358024691358 0.035590277777777776 0.046296296296296294
0 0.7515190972222222 0.11304012345679013 0.023871527777777776 0.034722222222222224
0 0.4926215277777778 0.037037037037037035 0.034722222222222224 0.030864197530864196
0 0.3018663194444444 0.027777777777777776 0.03342013888888889 0.030864197530864196