0 0.5750868055555556 0.10223765432098765 0.059027777777777776 0.05169753086419753
0 0.4939236111111111 0.08024691358024691 0.04079861111111111 0.041666666666666664
0 0.3502604166666667 0.05632716049382716 0.05642361111111111 0.038580246913580245
0 0.6332465277777778 0.11381172839506173 0.0546875 0.05324074074074074
0 0.4066840277777778 0.06404320987654322 0.049479166666666664 0.037037037037037035
0 0.2165798611111111 0.04282407407407408 0.04774305555555555 0.03935185185185185
0 0.7007378472222222 0.09297839506172839 0.04296875 0.06095679012345679
1 0.7840711805555556 0.38657407407407407 0.048177083333333336 0.2021604938271605
1 0.7252604166666666 0.37885802469135804 0.043402777777777776 0.19753086419753085
0 0.7259114583333334 0.1712962962962963 0.06987847222222222 0.09104938271604938
0 0.6616753472222222 0.11149691358024691 0.03342013888888889 0.05478395061728395
0 0.3559027777777778 0.027777777777777776 0.03211805555555555 0.030864197530864196
0 0.2662760416666667 0.04398148148148148 0.04991319444444445 0.044753086419753084