0 0.5889756944444444 0.0941358024691358 0.0625 0.041666666666666664
0 0.36328125 0.045910493827160496 0.041666666666666664 0.031635802469135804
0 0.6733940972222222 0.10532407407407407 0.03515625 0.03935185185185185
0 0.3185763888888889 0.03742283950617284 0.027777777777777776 0.02854938271604938
0 0.8064236111111112 0.2935956790123457 0.1171875 0.14429012345679013
0 0.7743055555555556 0.16435185185185186 0.08854166666666667 0.07098765432098765
0 0.71484375 0.11844135802469136 0.03211805555555555 0.04398148148148148
0 0.7575954861111112 0.11265432098765432 0.023871527777777776 0.032407407407407406
0 0.8194444444444444 0.1087962962962963 0.015625 0.016975308641975308
0 0.8396267361111112 0.11188271604938271 0.016927083333333332 0.023148148148148147
0 0.2834201388888889 0.04089506172839506 0.03125 0.037037037037037035
0 0.2565104166666667 0.04359567901234568 0.049479166666666664 0.034722222222222224
0 0.19856770833333334 0.040123456790123455 0.047309027777777776 0.029320987654320986
0 0.23741319444444445 0.03587962962962963 0.03125 0.031635802469135804
0 0.3463541666666667 0.030478395061728395 0.026909722222222224 0.020833333333333332
0 0.3956163194444444 0.0470679012345679 0.029079861111111112 0.035493827160493825
1 0.7638888888888888 0.44212962962962965 0.058159722222222224 0.2191358024691358