0 0.6432291666666666 0.1570216049382716 0.0859375 0.0933641975308642
0 0.08116319444444445 0.6238425925925926 0.16145833333333334 0.3819444444444444
0 0.3020833333333333 0.09490740740740741 0.0763888888888889 0.08950617283950617
0 0.5078125 0.08449074074074074 0.06510416666666667 0.05015432098765432
0 0.3372395833333333 0.04050925925925926 0.029513888888888888 0.031635802469135804
0 0.22764756944444445 0.040123456790123455 0.04383680555555555 0.033950617283950615
0 0.8409288194444444 0.19560185185185186 0.05946180555555555 0.06095679012345679
0 0.4869791666666667 0.03356481481481482 0.03993055555555555 0.02700617283950617
0 0.2727864583333333 0.032407407407407406 0.032552083333333336 0.026234567901234566
0 0.3641493055555556 0.03202160493827161 0.03125 0.02700617283950617
0 0.7172309027777778 0.13001543209876543 0.038628472222222224 0.05015432098765432
0 0.4761284722222222 0.06597222222222222 0.04079861111111111 0.036265432098765434
1 0.5965711805555556 0.7588734567901234 0.1228298611111111 0.4498456790123457
1 0.6898871527777778 0.7700617283950617 0.12890625 0.4583333333333333
1 0.8213975694444444 0.4074074074074074 0.039496527777777776 0.20833333333333334
1 0.6677517361111112 0.5138888888888888 0.06901041666666667 0.23765432098765432