0 0.5618489583333334 0.25655864197530864 0.1801215277777778 0.1427469135802469
0 0.5881076388888888 0.09876543209876543 0.06510416666666667 0.05246913580246913
0 0.5069444444444444 0.08796296296296297 0.06510416666666667 0.04938271604938271
0 0.7651909722222222 0.16396604938271606 0.09635416666666667 0.08101851851851852
0 0.4364149305555556 0.1431327160493827 0.12022569444444445 0.0933641975308642
0 0.41015625 0.06327160493827161 0.041666666666666664 0.037037037037037035
0 0.3129340277777778 0.03587962962962963 0.07291666666666667 0.06558641975308642
0 0.7048611111111112 0.12075617283950617 0.035590277777777776 0.05478395061728395
0 0.5358072916666666 0.07947530864197531 0.03342013888888889 0.040123456790123455
0 0.3843315972222222 0.05401234567901234 0.040364583333333336 0.037037037037037035
0 0.5095486111111112 0.040123456790123455 0.029513888888888888 0.021604938271604937
1 0.8272569444444444 0.4251543209876543 0.05295138888888889 0.2052469135802469
0 0.1697048611111111 0.03896604938271605 0.028645833333333332 0.036265432098765434
0 0.2204861111111111 0.03973765432098766 0.051215277777777776 0.036265432098765434
0 0.2786458333333333 0.02816358024691358 0.029513888888888888 0.05015432098765432
0 0.3569878472222222 0.046296296296296294 0.017795138888888888 0.037037037037037035
0 0.4713541666666667 0.06520061728395062 0.026909722222222224 0.04243827160493827
0 0.484375 0.03587962962962963 0.026909722222222224 0.02854938271604938