0 0.5323350694444444 0.08989197530864197 0.062065972222222224 0.04861111111111111
0 0.3174913194444444 0.047839506172839504 0.053385416666666664 0.040123456790123455
0 0.8148871527777778 0.18942901234567902 0.08463541666666667 0.07175925925925926
0 0.6877170138888888 0.13117283950617284 0.0802951388888889 0.06481481481481481
0 0.2124565972222222 0.04089506172839506 0.045572916666666664 0.038580246913580245
0 0.4978298611111111 0.06905864197530864 0.049479166666666664 0.03780864197530864
1 0.7769097222222222 0.3915895061728395 0.03993055555555555 0.18132716049382716
1 0.7230902777777778 0.3800154320987654 0.042534722222222224 0.19830246913580246
0 0.8569878472222222 0.18479938271604937 0.032552083333333336 0.06404320987654322
0 0.7868923611111112 0.16782407407407407 0.07118055555555555 0.04552469135802469
0 0.4131944444444444 0.05401234567901234 0.0390625 0.038580246913580245
0 0.3799913194444444 0.059799382716049385 0.05946180555555555 0.036265432098765434
0 0.3778211805555556 0.03433641975308642 0.023003472222222224 0.02700617283950617
0 0.3528645833333333 0.05015432098765432 0.030381944444444444 0.032407407407407406
0 0.2819010416666667 0.04089506172839506 0.022135416666666668 0.038580246913580245
0 0.251953125 0.043209876543209874 0.05078125 0.04938271604938271