0 0.1189236111111111 0.25887345679012347 0.20833333333333334 0.2044753086419753
0 0.5685763888888888 0.09992283950617284 0.06770833333333333 0.05015432098765432
0 0.3977864583333333 0.04552469135802469 0.040364583333333336 0.038580246913580245
0 0.8500434027777778 0.19907407407407407 0.039496527777777776 0.05709876543209876
0 0.7057291666666666 0.14814814814814814 0.09895833333333333 0.0787037037037037
0 0.3305121527777778 0.03896604938271605 0.03515625 0.03780864197530864
0 0.2586805555555556 0.03356481481481482 0.046875 0.036265432098765434
1 0.06510416666666667 0.71875 0.1293402777777778 0.4158950617283951
1 0.8357204861111112 0.42476851851851855 0.04470486111111111 0.21064814814814814
0 0.2105034722222222 0.04089506172839506 0.04774305555555555 0.033950617283950615
0 0.3719618055555556 0.034722222222222224 0.03125 0.037037037037037035
0 0.4696180555555556 0.052083333333333336 0.027777777777777776 0.06095679012345679
0 0.5182291666666666 0.04089506172839506 0.026041666666666668 0.024691358024691357