0 0.12065972222222222 0.43171296296296297 0.23524305555555555 0.2770061728395062
0 0.3472222222222222 0.19174382716049382 0.1449652777777778 0.11342592592592593
0 0.5078125 0.11033950617283951 0.07378472222222222 0.06172839506172839
0 0.05967881944444445 0.27044753086419754 0.11848958333333333 0.12268518518518519
0 0.3001302083333333 0.0466820987654321 0.053385416666666664 0.04089506172839506
0 0.3891059027777778 0.1261574074074074 0.08203125 0.10725308641975309
0 0.8046875 0.17901234567901234 0.08159722222222222 0.07098765432098765
0 0.6898871527777778 0.1720679012345679 0.05164930555555555 0.08950617283950617
0 0.3871527777777778 0.030478395061728395 0.04513888888888889 0.02854938271604938
1 0.7565104166666666 0.3993055555555556 0.057291666666666664 0.22762345679012347
1 0.4212239583333333 0.7785493827160493 0.12109375 0.44135802469135804
0 0.1875 0.035493827160493825 0.03125 0.029320987654320986
0 0.2243923611111111 0.029320987654320986 0.0234375 0.020061728395061727
0 0.2419704861111111 0.04359567901234568 0.05772569444444445 0.04089506172839506
0 0.7335069444444444 0.15354938271604937 0.034722222222222224 0.05246913580246913
0 0.7230902777777778 0.10725308641975309 0.036458333333333336 0.040123456790123455
0 0.7510850694444444 0.11419753086419752 0.029079861111111112 0.046296296296296294