0 0.3370225694444444 0.046296296296296294 0.04383680555555555 0.035493827160493825
0 0.548828125 0.26157407407407407 0.2009548611111111 0.14660493827160495
0 0.666015625 0.10378086419753087 0.045572916666666664 0.04861111111111111
0 0.2105034722222222 0.03780864197530864 0.03993055555555555 0.038580246913580245
0 0.4858940972222222 0.03973765432098766 0.029079861111111112 0.022376543209876542
1 0.765625 0.5216049382716049 0.06770833333333333 0.30709876543209874
1 0.6829427083333334 0.48919753086419754 0.06901041666666667 0.2808641975308642
1 0.7259114583333334 0.4702932098765432 0.047309027777777776 0.27237654320987653
0 0.7250434027777778 0.13001543209876543 0.037760416666666664 0.05478395061728395
0 0.8422309027777778 0.19598765432098766 0.05859375 0.05864197530864197
1 0.1664496527777778 0.12422839506172839 0.018663194444444444 0.07561728395061729
0 0.2387152777777778 0.03202160493827161 0.026041666666666668 0.036265432098765434
0 0.2845052083333333 0.03665123456790124 0.038628472222222224 0.04552469135802469
0 0.4095052083333333 0.03009259259259259 0.020399305555555556 0.032407407407407406
0 0.4674479166666667 0.041666666666666664 0.016493055555555556 0.018518518518518517