0 0.2426215277777778 0.35262345679012347 0.2699652777777778 0.2330246913580247
0 0.5249565972222222 0.0783179012345679 0.05164930555555555 0.04089506172839506
0 0.8424479166666666 0.29012345679012347 0.03819444444444445 0.10185185185185185
0 0.6408420138888888 0.18557098765432098 0.1072048611111111 0.11033950617283951
0 0.4737413194444444 0.06597222222222222 0.038628472222222224 0.04552469135802469
0 0.3444010416666667 0.040123456790123455 0.07682291666666667 0.06172839506172839
0 0.8344184027777778 0.1871141975308642 0.0724826388888889 0.0625
0 0.6397569444444444 0.12037037037037036 0.07291666666666667 0.05246913580246913
0 0.23546006944444445 0.04089506172839506 0.03428819444444445 0.032407407407407406
0 0.2951388888888889 0.033179012345679014 0.05295138888888889 0.05092592592592592
0 0.7037760416666666 0.11612654320987655 0.04296875 0.05787037037037037
1 0.6905381944444444 0.5335648148148148 0.06076388888888889 0.32175925925925924
1 0.7476128472222222 0.5447530864197531 0.0681423611111111 0.3055555555555556
0 0.841796875 0.2357253086419753 0.04904513888888889 0.06558641975308642
0 0.4157986111111111 0.06442901234567901 0.03298611111111111 0.033179012345679014
0 0.39453125 0.05401234567901234 0.027777777777777776 0.038580246913580245
0 0.5475260416666666 0.024691358024691357 0.1150173611111111 0.047839506172839504
0 0.4696180555555556 0.03819444444444445 0.0234375 0.02546296296296296
0 0.17860243055555555 0.040123456790123455 0.045572916666666664 0.033950617283950615