0 0.2938368055555556 0.03009259259259259 0.044270833333333336 0.027777777777777776
0 0.3806423611111111 0.031635802469135804 0.041666666666666664 0.027777777777777776
0 0.650390625 0.10108024691358025 0.10112847222222222 0.06944444444444445
0 0.7823350694444444 0.2511574074074074 0.1740451388888889 0.24459876543209877
0 0.6636284722222222 0.1415895061728395 0.09027777777777778 0.07021604938271606
0 0.7604166666666666 0.11304012345679013 0.021701388888888888 0.033179012345679014
0 0.21875 0.02662037037037037 0.0625 0.04398148148148148
0 0.48828125 0.04282407407407408 0.034722222222222224 0.019290123456790122
0 0.5095486111111112 0.04050925925925926 0.0234375 0.016203703703703703
1 0.7276475694444444 0.4070216049382716 0.06901041666666667 0.19984567901234568
1 0.1716579861111111 0.12152777777777778 0.015190972222222222 0.07021604938271606
1 0.19249131944444445 0.11188271604938271 0.014322916666666666 0.08641975308641975