0 0.6254340277777778 0.16435185185185186 0.10243055555555555 0.08024691358024691
0 0.031684027777777776 0.4972993827160494 0.0625 0.3773148148148148
0 0.3474392361111111 0.047453703703703706 0.053385416666666664 0.03780864197530864
0 0.3003472222222222 0.04861111111111111 0.04774305555555555 0.037037037037037035
0 0.7157118055555556 0.11651234567901235 0.03298611111111111 0.04938271604938271
0 0.47265625 0.03896604938271605 0.029513888888888888 0.031635802469135804
0 0.521484375 0.032407407407407406 0.026475694444444444 0.021604938271604937
1 0.6861979166666666 0.6817129629629629 0.09461805555555555 0.36651234567901236
1 0.6440972222222222 0.8503086419753086 0.08680555555555555 0.29475308641975306
1 0.5579427083333334 0.75 0.08984375 0.41512345679012347
1 0.3680555555555556 0.9637345679012346 0.0763888888888889 0.07253086419753087
0 0.19205729166666666 0.03896604938271605 0.04991319444444445 0.031635802469135804
0 0.24696180555555555 0.04050925925925926 0.04774305555555555 0.034722222222222224
0 0.3133680555555556 0.02970679012345679 0.04774305555555555 0.03009259259259259
0 0.4036458333333333 0.03279320987654321 0.034722222222222224 0.02700617283950617
0 0.7026909722222222 0.10648148148148148 0.024305555555555556 0.043209876543209874
0 0.744140625 0.11419753086419752 0.028211805555555556 0.046296296296296294
0 0.7671440972222222 0.11458333333333333 0.02734375 0.036265432098765434
0 0.8511284722222222 0.33371913580246915 0.018229166666666668 0.06558641975308642