0 0.3817274305555556 0.09876543209876543 0.05859375 0.06172839506172839
0 0.4928385416666667 0.08101851851851852 0.04210069444444445 0.043209876543209874
0 0.21484375 0.08641975308641975 0.06076388888888889 0.05555555555555555
0 0.8315972222222222 0.19405864197530864 0.07378472222222222 0.06558641975308642
0 0.3511284722222222 0.05439814814814815 0.06076388888888889 0.04243827160493827
0 0.7682291666666666 0.14583333333333334 0.052083333333333336 0.05092592592592592
0 0.5844184027777778 0.0941358024691358 0.0802951388888889 0.09567901234567901
0 0.6957465277777778 0.17592592592592593 0.0920138888888889 0.12654320987654322
0 0.5015190972222222 0.044753086419753084 0.029947916666666668 0.027777777777777776
0 0.2163628472222222 0.04359567901234568 0.05078125 0.036265432098765434
0 0.3947482638888889 0.03973765432098766 0.029947916666666668 0.031635802469135804
0 0.3283420138888889 0.02507716049382716 0.06640625 0.04552469135802469
1 0.7860243055555556 0.3861882716049383 0.044270833333333336 0.19830246913580246
1 0.7191840277777778 0.38310185185185186 0.04861111111111111 0.2013888888888889
0 0.6953125 0.12731481481481483 0.09027777777777778 0.05864197530864197
0 0.5401475694444444 0.09567901234567901 0.028211805555555556 0.046296296296296294
0 0.4689670138888889 0.03665123456790124 0.020399305555555556 0.02700617283950617
0 0.4045138888888889 0.06520061728395062 0.04600694444444445 0.03780864197530864
0 0.2608506944444444 0.043209876543209874 0.04600694444444445 0.046296296296296294