0 0.2632378472222222 0.19212962962962962 0.1540798611111111 0.14660493827160495
0 0.1935763888888889 0.35378086419753085 0.2664930555555556 0.23070987654320987
0 0.4895833333333333 0.08179012345679013 0.0390625 0.043209876543209874
0 0.4058159722222222 0.06172839506172839 0.046875 0.040123456790123455
0 0.8023003472222222 0.16628086419753085 0.07421875 0.05478395061728395
0 0.5104166666666666 0.03973765432098766 0.029513888888888888 0.02546296296296296
0 0.3717447916666667 0.04282407407407408 0.03428819444444445 0.02854938271604938
0 0.7964409722222222 0.23996913580246915 0.13975694444444445 0.10648148148148148
0 0.3279079861111111 0.05439814814814815 0.04991319444444445 0.05015432098765432
0 0.2834201388888889 0.04552469135802469 0.035590277777777776 0.040123456790123455
0 0.7760416666666666 0.10648148148148148 0.029513888888888888 0.038580246913580245
1 0.71875 0.375 0.0390625 0.2006172839506173
1 0.783203125 0.3915895061728395 0.047309027777777776 0.2013888888888889
0 0.2087673611111111 0.03819444444444445 0.04600694444444445 0.04243827160493827
0 0.3723958333333333 0.03587962962962963 0.029513888888888888 0.03780864197530864
0 0.83984375 0.19367283950617284 0.059895833333333336 0.05401234567901234