0 0.50390625 0.25810185185185186 0.17881944444444445 0.1705246913580247
0 0.3823784722222222 0.060570987654320986 0.05295138888888889 0.034722222222222224
0 0.3125 0.04861111111111111 0.051215277777777776 0.037037037037037035
0 0.7730034722222222 0.15046296296296297 0.06597222222222222 0.05555555555555555
0 0.5078125 0.03279320987654321 0.03732638888888889 0.036265432098765434
0 0.3671875 0.04552469135802469 0.036458333333333336 0.032407407407407406
1 0.6069878472222222 0.35146604938271603 0.038628472222222224 0.21219135802469136
1 0.7350260416666666 0.6647376543209876 0.09678819444444445 0.3881172839506173
0 0.2074652777777778 0.035493827160493825 0.0390625 0.029320987654320986
0 0.24934895833333334 0.04128086419753087 0.05251736111111111 0.04552469135802469
0 0.2890625 0.03009259259259259 0.028645833333333332 0.032407407407407406
0 0.3372395833333333 0.02700617283950617 0.043402777777777776 0.033950617283950615
0 0.3697916666666667 0.028935185185185185 0.03298611111111111 0.02546296296296296
0 0.5067274305555556 0.04398148148148148 0.032552083333333336 0.021604938271604937