0 0.3361545138888889 0.11921296296296297 0.08723958333333333 0.09027777777777778
0 0.2124565972222222 0.03780864197530864 0.04470486111111111 0.038580246913580245
0 0.2860243055555556 0.3387345679012346 0.22916666666666666 0.2037037037037037
0 0.19249131944444445 0.08063271604938271 0.061197916666666664 0.0470679012345679
0 0.033854166666666664 0.32098765432098764 0.06684027777777778 0.2808641975308642
0 0.240234375 0.22183641975308643 0.1818576388888889 0.1427469135802469
0 0.5490451388888888 0.20794753086419754 0.19791666666666666 0.2631172839506173
0 0.3919270833333333 0.07137345679012345 0.04079861111111111 0.03009259259259259
0 0.6171875 0.10609567901234568 0.04513888888888889 0.05478395061728395
0 0.6716579861111112 0.11651234567901235 0.03428819444444445 0.05401234567901234
0 0.8487413194444444 0.3167438271604938 0.028211805555555556 0.11805555555555555
0 0.3819444444444444 0.11651234567901235 0.06336805555555555 0.08333333333333333
0 0.5008680555555556 0.03973765432098766 0.027777777777777776 0.022376543209876542
1 0.6236979166666666 0.7202932098765432 0.10503472222222222 0.43132716049382713
1 0.69140625 0.5563271604938271 0.0763888888888889 0.3441358024691358
0 0.6482204861111112 0.2179783950617284 0.06640625 0.10416666666666667
0 0.7868923611111112 0.11226851851851852 0.018229166666666668 0.02700617283950617