0 0.18446180555555555 0.7905092592592593 0.3602430555555556 0.41898148148148145
0 0.5416666666666666 0.08989197530864197 0.06944444444444445 0.05324074074074074
0 0.8470052083333334 0.18518518518518517 0.046440972222222224 0.05092592592592592
0 0.3059895833333333 0.048996913580246916 0.04600694444444445 0.036265432098765434
0 0.21875 0.038580246913580245 0.046875 0.035493827160493825
0 0.4854600694444444 0.040123456790123455 0.03515625 0.021604938271604937
0 0.3589409722222222 0.05632716049382716 0.0546875 0.038580246913580245
0 0.7797309027777778 0.16782407407407407 0.07161458333333333 0.06095679012345679
0 0.6877170138888888 0.10416666666666667 0.032552083333333336 0.038580246913580245
0 0.4073350694444444 0.03587962962962963 0.024739583333333332 0.023919753086419752
1 0.1909722222222222 0.5054012345679012 0.06684027777777778 0.3132716049382716
1 0.6404079861111112 0.7685185185185185 0.11675347222222222 0.46141975308641975
0 0.1794704861111111 0.03819444444444445 0.04383680555555555 0.031635802469135804
0 0.3033854166666667 0.02662037037037037 0.0625 0.04861111111111111
0 0.5201822916666666 0.07716049382716049 0.053385416666666664 0.032407407407407406
0 0.703125 0.13155864197530864 0.06336805555555555 0.05169753086419753
0 0.7619357638888888 0.11226851851851852 0.023003472222222224 0.031635802469135804
0 0.3561197916666667 0.03125 0.039496527777777776 0.033179012345679014