0 0.18467881944444445 0.7943672839506173 0.3580729166666667 0.4112654320987654
0 0.1265190972222222 0.3912037037037037 0.2495659722222222 0.2777777777777778
0 0.7914496527777778 0.1705246913580247 0.08984375 0.0787037037037037
0 0.5 0.07214506172839506 0.046875 0.033179012345679014
0 0.53515625 0.09259259259259259 0.06510416666666667 0.046296296296296294
0 0.5828993055555556 0.09104938271604938 0.04513888888888889 0.046296296296296294
0 0.6569010416666666 0.1257716049382716 0.07508680555555555 0.05401234567901234
0 0.4516059027777778 0.1412037037037037 0.11848958333333333 0.10185185185185185
0 0.3129340277777778 0.05015432098765432 0.051215277777777776 0.035493827160493825
0 0.20833333333333334 0.04050925925925926 0.03993055555555555 0.033179012345679014
0 0.3661024305555556 0.05864197530864197 0.053385416666666664 0.041666666666666664
0 0.4010416666666667 0.1261574074074074 0.022569444444444444 0.06558641975308642
0 0.4045138888888889 0.03279320987654321 0.026909722222222224 0.022376543209876542
0 0.4954427083333333 0.03780864197530864 0.024739583333333332 0.018518518518518517
0 0.3854166666666667 0.062114197530864196 0.027777777777777776 0.03009259259259259
1 0.7289496527777778 0.4675925925925926 0.061197916666666664 0.24845679012345678
1 0.03146701388888889 0.2048611111111111 0.018663194444444444 0.0933641975308642
1 0.2484809027777778 0.12808641975308643 0.016059027777777776 0.09104938271604938
0 0.2322048611111111 0.03510802469135803 0.027777777777777776 0.031635802469135804
0 0.2595486111111111 0.04552469135802469 0.04774305555555555 0.029320987654320986
0 0.2814670138888889 0.03780864197530864 0.023003472222222224 0.029320987654320986
0 0.400390625 0.057484567901234566 0.018663194444444444 0.033179012345679014
0 0.4659288194444444 0.06095679012345679 0.020399305555555556 0.037037037037037035
0 0.3519965277777778 0.021219135802469136 0.026909722222222224 0.03009259259259259