0 0.4761284722222222 0.25578703703703703 0.20052083333333334 0.15046296296296297
0 0.095703125 0.4166666666666667 0.1896701388888889 0.26080246913580246
0 0.4839409722222222 0.03973765432098766 0.03993055555555555 0.031635802469135804
0 0.3888888888888889 0.059799382716049385 0.052083333333333336 0.04552469135802469
0 0.3383246527777778 0.045910493827160496 0.038628472222222224 0.034722222222222224
0 0.2992621527777778 0.04513888888888889 0.04991319444444445 0.034722222222222224
0 0.20985243055555555 0.03819444444444445 0.040364583333333336 0.034722222222222224
0 0.7710503472222222 0.1882716049382716 0.08897569444444445 0.10185185185185185
1 0.8040364583333334 0.470679012345679 0.061197916666666664 0.22993827160493827
1 0.7361111111111112 0.3792438271604938 0.041666666666666664 0.19984567901234568
0 0.2367621527777778 0.030864197530864196 0.02734375 0.033950617283950615
1 0.7921006944444444 0.38657407407407407 0.04774305555555555 0.2037037037037037