0 0.15559895833333334 0.33834876543209874 0.3042534722222222 0.32175925925925924
0 0.5418836805555556 0.24382716049382716 0.18272569444444445 0.12191358024691358
0 0.505859375 0.08873456790123457 0.06380208333333333 0.047839506172839504
0 0.6330295138888888 0.10609567901234568 0.048177083333333336 0.05632716049382716
0 0.3292100694444444 0.04861111111111111 0.04991319444444445 0.038580246913580245
0 0.4060329861111111 0.06327160493827161 0.046440972222222224 0.046296296296296294
0 0.21006944444444445 0.03587962962962963 0.03993055555555555 0.034722222222222224
0 0.7489149305555556 0.16666666666666666 0.06293402777777778 0.07716049382716049
1 0.7829861111111112 0.38271604938271603 0.057291666666666664 0.19907407407407407
1 0.7189670138888888 0.3746141975308642 0.037760416666666664 0.19521604938271606
0 0.28125 0.04861111111111111 0.03819444444444445 0.033950617283950615
0 0.3713107638888889 0.03510802469135803 0.02734375 0.036265432098765434