0 0.2858072916666667 0.046296296296296294 0.045572916666666664 0.035493827160493825
0 0.3734809027777778 0.05131172839506173 0.048177083333333336 0.033179012345679014
0 0.7951388888888888 0.1709104938271605 0.078125 0.06404320987654322
0 0.7150607638888888 0.12191358024691358 0.03428819444444445 0.044753086419753084
0 0.4739583333333333 0.03973765432098766 0.034722222222222224 0.02546296296296296
0 0.5230034722222222 0.036265432098765434 0.026041666666666668 0.015432098765432098
0 0.21354166666666666 0.037037037037037035 0.050347222222222224 0.038580246913580245
0 0.3096788194444444 0.027777777777777776 0.05078125 0.05401234567901234
0 0.3474392361111111 0.036265432098765434 0.029079861111111112 0.033950617283950615
1 0.7465277777777778 0.5729166666666666 0.07118055555555555 0.36496913580246915
1 0.6831597222222222 0.5455246913580247 0.06076388888888889 0.3487654320987654
1 0.8038194444444444 0.45949074074074076 0.051215277777777776 0.22145061728395063