0 0.3305121527777778 0.2827932098765432 0.1896701388888889 0.19058641975308643
0 0.2942708333333333 0.1111111111111111 0.0859375 0.07253086419753087
0 0.5668402777777778 0.2638888888888889 0.17881944444444445 0.1527777777777778
0 0.5006510416666666 0.10648148148148148 0.062065972222222224 0.05401234567901234
0 0.3912760416666667 0.04861111111111111 0.04123263888888889 0.033950617283950615
0 0.20421006944444445 0.08564814814814815 0.05685763888888889 0.05401234567901234
0 0.8422309027777778 0.3271604938271605 0.038628472222222224 0.12345679012345678
0 0.6634114583333334 0.10339506172839506 0.046440972222222224 0.044753086419753084
0 0.3211805555555556 0.04976851851851852 0.04774305555555555 0.036265432098765434
0 0.3489583333333333 0.033179012345679014 0.033854166666666664 0.024691358024691357
0 0.6273871527777778 0.1423611111111111 0.07421875 0.05787037037037037
0 0.4854600694444444 0.07021604938271606 0.055121527777777776 0.032407407407407406
0 0.24305555555555555 0.034722222222222224 0.050347222222222224 0.05401234567901234
1 0.7302517361111112 0.470679012345679 0.05251736111111111 0.29012345679012347
0 0.2858072916666667 0.03896604938271605 0.021267361111111112 0.034722222222222224
0 0.30078125 0.03665123456790124 0.024305555555555556 0.02700617283950617
0 0.4724392361111111 0.03819444444444445 0.03342013888888889 0.02700617283950617
0 0.7198350694444444 0.1423611111111111 0.07074652777777778 0.05787037037037037
0 0.7751736111111112 0.11033950617283951 0.021701388888888888 0.029320987654320986
0 0.798828125 0.10686728395061729 0.017795138888888888 0.02546296296296296