0 0.1271701388888889 0.2611882716049383 0.2126736111111111 0.1720679012345679
0 0.5249565972222222 0.07908950617283951 0.05164930555555555 0.04089506172839506
0 0.2189670138888889 0.08757716049382716 0.06553819444444445 0.05941358024691358
0 0.8237847222222222 0.2326388888888889 0.08333333333333333 0.09953703703703703
0 0.6052517361111112 0.11072530864197531 0.05164930555555555 0.06558641975308642
0 0.3433159722222222 0.04089506172839506 0.0763888888888889 0.06481481481481481
0 0.4748263888888889 0.06597222222222222 0.034722222222222224 0.03780864197530864
0 0.7098524305555556 0.1423611111111111 0.04470486111111111 0.06867283950617284
0 0.6343315972222222 0.15393518518518517 0.05946180555555555 0.0763888888888889
1 0.6217447916666666 0.8055555555555556 0.1332465277777778 0.3873456790123457
1 0.5115017361111112 0.8013117283950617 0.10633680555555555 0.3958333333333333
0 0.1996527777777778 0.04089506172839506 0.04774305555555555 0.038580246913580245
0 0.2610677083333333 0.041666666666666664 0.05251736111111111 0.037037037037037035
0 0.2970920138888889 0.033179012345679014 0.053385416666666664 0.05401234567901234
0 0.3943142361111111 0.05555555555555555 0.029947916666666668 0.037037037037037035
0 0.4012586805555556 0.03819444444444445 0.03689236111111111 0.03009259259259259
0 0.4155815972222222 0.06558641975308642 0.03428819444444445 0.035493827160493825
0 0.4704861111111111 0.030478395061728395 0.019097222222222224 0.036265432098765434
0 0.5377604166666666 0.03587962962962963 0.029513888888888888 0.02546296296296296
0 0.8602430555555556 0.20987654320987653 0.019965277777777776 0.040123456790123455
0 0.7942708333333334 0.09529320987654322 0.03211805555555555 0.03780864197530864