0 0.13389756944444445 0.8221450617283951 0.2669270833333333 0.3557098765432099
0 0.4967447916666667 0.1381172839506173 0.054253472222222224 0.08024691358024691
0 0.6770833333333334 0.10686728395061729 0.03125 0.04089506172839506
0 0.3604600694444444 0.05787037037037037 0.05078125 0.035493827160493825
0 0.4735243055555556 0.07484567901234568 0.03211805555555555 0.043209876543209874
0 0.283203125 0.045910493827160496 0.04904513888888889 0.036265432098765434
0 0.3665364583333333 0.03587962962962963 0.028211805555555556 0.03009259259259259
1 0.7610677083333334 0.4660493827160494 0.05859375 0.2638888888888889
0 0.205078125 0.03202160493827161 0.04470486111111111 0.04089506172839506
0 0.23763020833333334 0.03665123456790124 0.028211805555555556 0.031635802469135804
0 0.3133680555555556 0.04050925925925926 0.019097222222222224 0.033179012345679014
0 0.2840711805555556 0.024305555555555556 0.04210069444444445 0.02546296296296296
0 0.4108072916666667 0.05864197530864197 0.04470486111111111 0.043209876543209874
0 0.470703125 0.03587962962962963 0.029079861111111112 0.03780864197530864
0 0.7491319444444444 0.10185185185185185 0.026909722222222224 0.038580246913580245