0 0.1853298611111111 0.7835648148148148 0.3619791666666667 0.43287037037037035
0 0.5713975694444444 0.09683641975308642 0.07074652777777778 0.05478395061728395
0 0.3433159722222222 0.055169753086419755 0.0546875 0.036265432098765434
0 0.4967447916666667 0.08140432098765432 0.05164930555555555 0.04552469135802469
0 0.390625 0.045910493827160496 0.033854166666666664 0.031635802469135804
0 0.8263888888888888 0.19328703703703703 0.08506944444444445 0.06558641975308642
0 0.6508246527777778 0.11458333333333333 0.08637152777777778 0.06712962962962964
0 0.20377604166666666 0.037037037037037035 0.032552083333333336 0.029320987654320986
0 0.7209201388888888 0.11959876543209877 0.03993055555555555 0.05092592592592592
0 0.2842881944444444 0.0466820987654321 0.041666666666666664 0.034722222222222224
0 0.22786458333333334 0.04050925925925926 0.044270833333333336 0.033179012345679014
0 0.4976128472222222 0.060570987654320986 0.08723958333333333 0.05941358024691358
0 0.7484809027777778 0.18055555555555555 0.047309027777777776 0.0787037037037037
0 0.1675347222222222 0.04205246913580247 0.024305555555555556 0.02854938271604938
1 0.4713541666666667 0.31867283950617287 0.042534722222222224 0.19598765432098766
0 0.3157552083333333 0.026234567901234566 0.03689236111111111 0.018518518518518517
0 0.4138454861111111 0.06712962962962964 0.031684027777777776 0.035493827160493825