0 0.181640625 0.08140432098765432 0.053385416666666664 0.05015432098765432
0 0.08116319444444445 0.6219135802469136 0.16145833333333334 0.38425925925925924
0 0.3745659722222222 0.033950617283950615 0.036458333333333336 0.030864197530864196
0 0.833984375 0.2025462962962963 0.07074652777777778 0.1566358024691358
0 0.2810329861111111 0.044753086419753084 0.05078125 0.038580246913580245
0 0.4700520833333333 0.16087962962962962 0.12065972222222222 0.10108024691358025
0 0.4066840277777778 0.03780864197530864 0.027777777777777776 0.029320987654320986
0 0.490234375 0.04128086419753087 0.03515625 0.02854938271604938
0 0.21484375 0.022376543209876542 0.049479166666666664 0.043209876543209874
0 0.7775607638888888 0.16898148148148148 0.05164930555555555 0.05864197530864197
1 0.0915798611111111 0.16396604938271606 0.016493055555555556 0.08873456790123457
0 0.3311631944444444 0.02662037037037037 0.04513888888888889 0.03935185185185185
0 0.775390625 0.14660493827160495 0.06727430555555555 0.05709876543209876