0 0.5881076388888888 0.10648148148148148 0.05555555555555555 0.05864197530864197
0 0.3973524305555556 0.048996913580246916 0.04123263888888889 0.031635802469135804
0 0.2799479166666667 0.031635802469135804 0.034722222222222224 0.026234567901234566
0 0.6657986111111112 0.12229938271604938 0.044270833333333336 0.05169753086419753
0 0.23133680555555555 0.038580246913580245 0.041666666666666664 0.032407407407407406
0 0.3621961805555556 0.03973765432098766 0.029947916666666668 0.04089506172839506
0 0.20203993055555555 0.035493827160493825 0.032552083333333336 0.027777777777777776
0 0.3209635416666667 0.02970679012345679 0.025607638888888888 0.02854938271604938
0 0.6981336805555556 0.1739969135802469 0.05685763888888889 0.06712962962962964
0 0.4921875 0.038580246913580245 0.03732638888888889 0.026234567901234566
0 0.337890625 0.03587962962962963 0.024739583333333332 0.022376543209876542
1 0.6000434027777778 0.6554783950617284 0.0959201388888889 0.45601851851851855
1 0.6966145833333334 0.7357253086419753 0.09461805555555555 0.44212962962962965
0 0.4772135416666667 0.04243827160493827 0.03428819444444445 0.027777777777777776
0 0.63671875 0.08950617283950617 0.06684027777777778 0.07253086419753087
0 0.7035590277777778 0.11381172839506173 0.034722222222222224 0.05015432098765432