0 0.1838107638888889 0.7962962962962963 0.3572048611111111 0.4074074074074074
0 0.8279079861111112 0.19058641975308643 0.0802951388888889 0.07253086419753087
0 0.5486111111111112 0.09297839506172839 0.078125 0.06867283950617284
0 0.3220486111111111 0.052083333333333336 0.049479166666666664 0.034722222222222224
0 0.3962673611111111 0.03665123456790124 0.050347222222222224 0.04552469135802469
0 0.4713541666666667 0.06790123456790123 0.03211805555555555 0.041666666666666664
0 0.23893229166666666 0.03125 0.03689236111111111 0.03009259259259259
0 0.3331163194444444 0.02854938271604938 0.03515625 0.024691358024691357
0 0.6796875 0.13040123456790123 0.06944444444444445 0.06481481481481481
0 0.4123263888888889 0.06327160493827161 0.04079861111111111 0.041666666666666664
0 0.20421006944444445 0.03780864197530864 0.017795138888888888 0.029320987654320986
0 0.5271267361111112 0.0775462962962963 0.05946180555555555 0.04861111111111111
0 0.3687065972222222 0.05131172839506173 0.04296875 0.04089506172839506
0 0.2960069444444444 0.038580246913580245 0.04513888888888889 0.027777777777777776
0 0.4813368055555556 0.035493827160493825 0.028645833333333332 0.020061728395061727
1 0.0857204861111111 0.470679012345679 0.07074652777777778 0.29475308641975306
1 0.13997395833333334 0.47723765432098764 0.062065972222222224 0.22762345679012347
0 0.1781684027777778 0.04089506172839506 0.04296875 0.033950617283950615
0 0.2532552083333333 0.04436728395061729 0.04383680555555555 0.03009259259259259