0 0.5583767361111112 0.17901234567901234 0.11414930555555555 0.10030864197530864
0 0.24934895833333334 0.08487654320987655 0.07335069444444445 0.06018518518518518
0 0.3921440972222222 0.04976851851851852 0.039496527777777776 0.033179012345679014
0 0.5983072916666666 0.09606481481481481 0.0646701388888889 0.04243827160493827
0 0.3287760416666667 0.027391975308641976 0.031684027777777776 0.022376543209876542
0 0.21158854166666666 0.04089506172839506 0.047309027777777776 0.035493827160493825
0 0.3611111111111111 0.03433641975308642 0.033854166666666664 0.02700617283950617
0 0.4711371527777778 0.03973765432098766 0.031684027777777776 0.02700617283950617
0 0.4828559027777778 0.07368827160493827 0.02734375 0.03935185185185185
0 0.7552083333333334 0.1570216049382716 0.08159722222222222 0.05169753086419753
0 0.7758246527777778 0.11072530864197531 0.018663194444444444 0.02546296296296296
0 0.17708333333333334 0.03819444444444445 0.03819444444444445 0.02854938271604938
1 0.4633246527777778 0.2611882716049383 0.02734375 0.18132716049382716