0 0.1877170138888889 0.7411265432098766 0.3728298611111111 0.5115740740740741
0 0.24305555555555555 0.09529320987654322 0.07465277777777778 0.0625
0 0.4919704861111111 0.08024691358024691 0.04123263888888889 0.047839506172839504
0 0.5540364583333334 0.10030864197530864 0.07074652777777778 0.05092592592592592
0 0.6467013888888888 0.10725308641975309 0.04079861111111111 0.041666666666666664
0 0.23177083333333334 0.04205246913580247 0.03732638888888889 0.03009259259259259
0 0.2888454861111111 0.047453703703703706 0.04383680555555555 0.034722222222222224
0 0.3548177083333333 0.05594135802469136 0.04991319444444445 0.03780864197530864
0 0.4105902777777778 0.06558641975308642 0.042534722222222224 0.040123456790123455
0 0.5844184027777778 0.09722222222222222 0.04296875 0.046296296296296294
0 0.3363715277777778 0.041666666666666664 0.043402777777777776 0.037037037037037035
0 0.7697482638888888 0.18209876543209877 0.05946180555555555 0.07561728395061729
0 0.8111979166666666 0.16396604938271606 0.06597222222222222 0.05478395061728395
0 0.4871961805555556 0.03973765432098766 0.03689236111111111 0.022376543209876542
1 0.6742621527777778 0.3722993827160494 0.04123263888888889 0.20601851851851852
0 0.21571180555555555 0.033179012345679014 0.03211805555555555 0.029320987654320986
0 0.2845052083333333 0.022762345679012346 0.048177083333333336 0.03009259259259259
0 0.3472222222222222 0.016203703703703703 0.06163194444444445 0.027777777777777776
0 0.4012586805555556 0.05015432098765432 0.039496527777777776 0.041666666666666664
0 0.4769965277777778 0.059799382716049385 0.0390625 0.022376543209876542
0 0.6768663194444444 0.10802469135802469 0.026475694444444444 0.037037037037037035
0 0.8426649305555556 0.19984567901234568 0.055989583333333336 0.05555555555555555
0 0.7476128472222222 0.10532407407407407 0.031684027777777776 0.05787037037037037