0 0.5067274305555556 0.06751543209876543 0.06640625 0.05941358024691358
0 0.3812934027777778 0.06095679012345679 0.054253472222222224 0.041666666666666664
0 0.3098958333333333 0.048996913580246916 0.049479166666666664 0.03780864197530864
0 0.654296875 0.23842592592592593 0.12803819444444445 0.12654320987654322
0 0.7890625 0.18055555555555555 0.09461805555555555 0.07253086419753087
0 0.6408420138888888 0.14776234567901234 0.061197916666666664 0.06712962962962964
0 0.6553819444444444 0.12152777777777778 0.049479166666666664 0.06095679012345679
0 0.6671006944444444 0.10262345679012345 0.034722222222222224 0.047839506172839504
0 0.23133680555555555 0.029320987654320986 0.05642361111111111 0.05709876543209876
0 0.3287760416666667 0.02662037037037037 0.038628472222222224 0.03009259259259259
0 0.376953125 0.02816358024691358 0.038628472222222224 0.023919753086419752
0 0.4075520833333333 0.027391975308641976 0.018229166666666668 0.016203703703703703
1 0.49609375 0.9247685185185185 0.11458333333333333 0.14891975308641975