0 0.06358506944444445 0.2492283950617284 0.12630208333333334 0.17901234567901234
0 0.5818142361111112 0.1095679012345679 0.05685763888888889 0.05401234567901234
0 0.6115451388888888 0.2029320987654321 0.15104166666666666 0.13271604938271606
0 0.33984375 0.032407407407407406 0.043402777777777776 0.037037037037037035
0 0.3873697916666667 0.06481481481481481 0.06032986111111111 0.040123456790123455
1 0.7495659722222222 0.40239197530864196 0.0642361111111111 0.2029320987654321
0 0.1697048611111111 0.03973765432098766 0.026041666666666668 0.031635802469135804
0 0.23741319444444445 0.03510802469135803 0.027777777777777776 0.036265432098765434
0 0.4012586805555556 0.03935185185185185 0.029947916666666668 0.023148148148148147
0 0.4928385416666667 0.03973765432098766 0.023003472222222224 0.022376543209876542
0 0.7220052083333334 0.1404320987654321 0.039496527777777776 0.06635802469135803
0 0.7241753472222222 0.09953703703703703 0.026475694444444444 0.029320987654320986