0 0.2380642361111111 0.2179783950617284 0.18359375 0.16435185185185186
0 0.18641493055555555 0.7418981481481481 0.3702256944444444 0.503858024691358
0 0.5657552083333334 0.10030864197530864 0.06987847222222222 0.05092592592592592
0 0.4921875 0.08140432098765432 0.041666666666666664 0.0470679012345679
0 0.3546006944444444 0.05439814814814815 0.0546875 0.04089506172839506
0 0.63671875 0.10300925925925926 0.043402777777777776 0.05632716049382716
0 0.3760850694444444 0.027777777777777776 0.039496527777777776 0.032407407407407406
0 0.2319878472222222 0.04243827160493827 0.03689236111111111 0.030864197530864196
0 0.2886284722222222 0.046296296296296294 0.04774305555555555 0.033950617283950615
0 0.412109375 0.06520061728395062 0.039496527777777776 0.036265432098765434
0 0.6716579861111112 0.12229938271604938 0.03602430555555555 0.0470679012345679
0 0.4752604166666667 0.04050925925925926 0.03732638888888889 0.022376543209876542
0 0.3400607638888889 0.03279320987654321 0.03428819444444445 0.03780864197530864
1 0.8003472222222222 0.4444444444444444 0.0642361111111111 0.2175925925925926
1 0.21484375 0.4695216049382716 0.07291666666666667 0.2353395061728395
1 0.12348090277777778 0.15084876543209877 0.018663194444444444 0.08719135802469136
0 0.16927083333333334 0.040123456790123455 0.025173611111111112 0.026234567901234566
0 0.3003472222222222 0.030864197530864196 0.046875 0.026234567901234566
0 0.4759114583333333 0.02854938271604938 0.03515625 0.026234567901234566