0 0.16666666666666666 0.39737654320987653 0.2881944444444444 0.2361111111111111
0 0.5284288194444444 0.09104938271604938 0.06293402777777778 0.046296296296296294
0 0.6006944444444444 0.10725308641975309 0.06163194444444445 0.04938271604938271
0 0.3669704861111111 0.059799382716049385 0.05251736111111111 0.03780864197530864
0 0.4741753472222222 0.03935185185185185 0.03602430555555555 0.026234567901234566
0 0.6497395833333334 0.10108024691358025 0.036458333333333336 0.04938271604938271
0 0.2912326388888889 0.04976851851851852 0.04079861111111111 0.02854938271604938
0 0.6929253472222222 0.1527777777777778 0.0993923611111111 0.08641975308641975
0 0.83203125 0.18904320987654322 0.08159722222222222 0.08333333333333333
0 0.22960069444444445 0.04205246913580247 0.03993055555555555 0.03009259259259259
0 0.3246527777777778 0.048996913580246916 0.03732638888888889 0.03780864197530864
0 0.408203125 0.056712962962962965 0.03689236111111111 0.033179012345679014
0 0.22938368055555555 0.02700617283950617 0.037760416666666664 0.026234567901234566
0 0.2784288194444444 0.02854938271604938 0.032552083333333336 0.023148148148148147
0 0.3704427083333333 0.033950617283950615 0.026475694444444444 0.023148148148148147
1 0.5763888888888888 0.35725308641975306 0.058159722222222224 0.18518518518518517