0 0.1343315972222222 0.8159722222222222 0.2677951388888889 0.3680555555555556
0 0.3595920138888889 0.033179012345679014 0.030815972222222224 0.029320987654320986
0 0.5674913194444444 0.11766975308641975 0.05772569444444445 0.05941358024691358
0 0.7986111111111112 0.16512345679012347 0.07465277777777778 0.05246913580246913
0 0.8298611111111112 0.2368827160493827 0.0763888888888889 0.10493827160493827
0 0.2819010416666667 0.047839506172839504 0.03602430555555555 0.035493827160493825
0 0.22547743055555555 0.04205246913580247 0.048177083333333336 0.034722222222222224
0 0.3891059027777778 0.047453703703703706 0.039496527777777776 0.04089506172839506
0 0.3036024305555556 0.03279320987654321 0.02734375 0.02546296296296296
1 0.7973090277777778 0.4305555555555556 0.06684027777777778 0.19907407407407407
0 0.7549913194444444 0.11458333333333333 0.030815972222222224 0.04089506172839506
0 0.3611111111111111 0.05709876543209876 0.057291666666666664 0.032407407407407406
0 0.4776475694444444 0.025848765432098766 0.037760416666666664 0.04552469135802469
0 0.5086805555555556 0.03587962962962963 0.024305555555555556 0.02854938271604938