0 0.20638020833333334 0.22878086419753085 0.1879340277777778 0.18287037037037038
0 0.4934895833333333 0.08217592592592593 0.04079861111111111 0.04398148148148148
0 0.5523003472222222 0.09220679012345678 0.05078125 0.04398148148148148
0 0.6588541666666666 0.12731481481481483 0.07118055555555555 0.05555555555555555
0 0.8055555555555556 0.18094135802469136 0.08246527777777778 0.06712962962962964
0 0.7938368055555556 0.32175925925925924 0.13541666666666666 0.15432098765432098
0 0.4071180555555556 0.06481481481481481 0.046875 0.038580246913580245
0 0.3483072916666667 0.05478395061728395 0.05251736111111111 0.038580246913580245
0 0.7196180555555556 0.12384259259259259 0.041666666666666664 0.05169753086419753
0 0.21571180555555555 0.038580246913580245 0.04600694444444445 0.035493827160493825
1 0.7866753472222222 0.38773148148148145 0.04296875 0.20756172839506173
1 0.7319878472222222 0.38078703703703703 0.038628472222222224 0.20601851851851852
0 0.4657118055555556 0.034722222222222224 0.021701388888888888 0.035493827160493825
0 0.5032552083333334 0.03587962962962963 0.028211805555555556 0.03009259259259259
0 0.2651909722222222 0.04205246913580247 0.05295138888888889 0.0470679012345679