0 0.53515625 0.08526234567901235 0.0546875 0.04552469135802469
0 0.3736979166666667 0.03973765432098766 0.026909722222222224 0.033179012345679014
0 0.3226996527777778 0.03742283950617284 0.03342013888888889 0.03009259259259259
0 0.6714409722222222 0.10570987654320987 0.03819444444444445 0.043209876543209874
0 0.4077690972222222 0.03896604938271605 0.023871527777777776 0.033179012345679014
0 0.3461371527777778 0.027777777777777776 0.022135416666666668 0.024691358024691357
0 0.4715711805555556 0.034722222222222224 0.03342013888888889 0.029320987654320986
0 0.8407118055555556 0.1871141975308642 0.0625 0.05632716049382716
0 0.7434895833333334 0.15432098765432098 0.08246527777777778 0.07098765432098765
0 0.7983940972222222 0.1076388888888889 0.014322916666666666 0.023919753086419752
0 0.23741319444444445 0.04243827160493827 0.0390625 0.030864197530864196
0 0.18880208333333334 0.03935185185185185 0.046875 0.032407407407407406
1 0.5887586805555556 0.7557870370370371 0.10026041666666667 0.4868827160493827
1 0.623046875 0.3591820987654321 0.04470486111111111 0.19367283950617284
1 0.6644965277777778 0.7604166666666666 0.09375 0.4791666666666667