0 0.2163628472222222 0.32253086419753085 0.2643229166666667 0.21296296296296297
0 0.7690972222222222 0.2943672839506173 0.1831597222222222 0.1566358024691358
0 0.34765625 0.055169753086419755 0.046875 0.036265432098765434
0 0.8383246527777778 0.2357253086419753 0.061197916666666664 0.0933641975308642
0 0.21223958333333334 0.03780864197530864 0.04079861111111111 0.033950617283950615
0 0.330078125 0.026234567901234566 0.04210069444444445 0.023148148148148147
0 0.8077256944444444 0.17631172839506173 0.0842013888888889 0.0625
0 0.4969618055555556 0.04128086419753087 0.035590277777777776 0.02700617283950617
1 0.7124565972222222 0.5802469135802469 0.08897569444444445 0.3194444444444444
1 0.7873263888888888 0.3846450617283951 0.0390625 0.19984567901234568
1 0.7380642361111112 0.35802469135802467 0.04470486111111111 0.1527777777777778
0 0.7799479166666666 0.1427469135802469 0.07118055555555555 0.046296296296296294
0 0.7502170138888888 0.1732253086419753 0.061197916666666664 0.0779320987654321
0 0.4715711805555556 0.03587962962962963 0.016927083333333332 0.023919753086419752
0 0.3268229166666667 0.04552469135802469 0.028645833333333332 0.029320987654320986
0 0.2838541666666667 0.047453703703703706 0.042534722222222224 0.034722222222222224