0 0.52734375 0.08950617283950617 0.06336805555555555 0.047839506172839504
0 0.3177083333333333 0.0470679012345679 0.052083333333333336 0.040123456790123455
0 0.5653211805555556 0.08371913580246913 0.04383680555555555 0.04089506172839506
0 0.7634548611111112 0.1724537037037037 0.09722222222222222 0.07330246913580248
0 0.6527777777777778 0.12114197530864197 0.08159722222222222 0.05709876543209876
0 0.3943142361111111 0.034722222222222224 0.039496527777777776 0.030864197530864196
0 0.2074652777777778 0.041666666666666664 0.03993055555555555 0.035493827160493825
1 0.7222222222222222 0.3792438271604938 0.042534722222222224 0.19675925925925927
1 0.7784288194444444 0.3861882716049383 0.039496527777777776 0.20910493827160495
0 0.8153211805555556 0.17554012345679013 0.04470486111111111 0.07175925925925926
0 0.7489149305555556 0.13464506172839505 0.06032986111111111 0.04089506172839506
0 0.4670138888888889 0.03896604938271605 0.019097222222222224 0.022376543209876542
0 0.4127604166666667 0.052083333333333336 0.03125 0.04089506172839506
0 0.3799913194444444 0.06018518518518518 0.055121527777777776 0.038580246913580245
0 0.3546006944444444 0.048996913580246916 0.029513888888888888 0.034722222222222224
0 0.3771701388888889 0.03819444444444445 0.027777777777777776 0.020833333333333332
0 0.251953125 0.044753086419753084 0.046440972222222224 0.041666666666666664
0 0.2769097222222222 0.038580246913580245 0.019097222222222224 0.033950617283950615