0 0.8240017361111112 0.22492283950617284 0.0837673611111111 0.10262345679012345
0 0.5811631944444444 0.11882716049382716 0.04861111111111111 0.05864197530864197
0 0.373046875 0.26080246913580246 0.10460069444444445 0.15123456790123457
0 0.6686197916666666 0.10648148148148148 0.037760416666666664 0.038580246913580245
0 0.5182291666666666 0.13040123456790123 0.0859375 0.06481481481481481
0 0.6197916666666666 0.09760802469135803 0.044270833333333336 0.04089506172839506
0 0.3559027777777778 0.030478395061728395 0.034722222222222224 0.03009259259259259
0 0.4791666666666667 0.25462962962962965 0.0703125 0.12037037037037036
0 0.4186197916666667 0.13233024691358025 0.0993923611111111 0.08564814814814815
0 0.2860243055555556 0.027777777777777776 0.03298611111111111 0.021604938271604937
0 0.3825954861111111 0.03665123456790124 0.030815972222222224 0.02546296296296296
0 0.755859375 0.08487654320987655 0.03428819444444445 0.035493827160493825
0 0.7934027777777778 0.09953703703703703 0.013020833333333334 0.018518518518518517
0 0.2365451388888889 0.03935185185185185 0.04079861111111111 0.032407407407407406
0 0.22157118055555555 0.035493827160493825 0.02734375 0.029320987654320986
0 0.16514756944444445 0.041666666666666664 0.018663194444444444 0.018518518518518517
0 0.4086371527777778 0.032407407407407406 0.022135416666666668 0.021604938271604937
1 0.7345920138888888 0.4949845679012346 0.07335069444444445 0.2924382716049383