0 0.5755208333333334 0.10030864197530864 0.059895833333333336 0.04938271604938271
0 0.349609375 0.052083333333333336 0.054253472222222224 0.04243827160493827
0 0.4937065972222222 0.0787037037037037 0.04210069444444445 0.043209876543209874
0 0.7211371527777778 0.14660493827160495 0.07508680555555555 0.07253086419753087
0 0.21766493055555555 0.040123456790123455 0.04383680555555555 0.033950617283950615
0 0.2658420138888889 0.04128086419753087 0.048177083333333336 0.04243827160493827
0 0.3917100694444444 0.041666666666666664 0.03428819444444445 0.032407407407407406
0 0.7033420138888888 0.10493827160493827 0.032552083333333336 0.038580246913580245
1 0.7862413194444444 0.3881172839506173 0.04296875 0.20679012345679013
1 0.4733072916666667 0.8314043209876543 0.11067708333333333 0.33719135802469136
1 0.5874565972222222 0.8622685185185185 0.1150173611111111 0.27546296296296297
1 0.7319878472222222 0.3800154320987654 0.04123263888888889 0.20910493827160495
0 0.8448350694444444 0.19521604938271606 0.05251736111111111 0.05864197530864197
0 0.7471788194444444 0.11612654320987655 0.03342013888888889 0.04552469135802469
0 0.4069010416666667 0.06172839506172839 0.04991319444444445 0.041666666666666664
0 0.3263888888888889 0.03356481481481482 0.036458333333333336 0.033179012345679014
0 0.3025173611111111 0.027777777777777776 0.03819444444444445 0.035493827160493825