0 0.1859809027777778 0.7870370370370371 0.3624131944444444 0.42592592592592593
0 0.6673177083333334 0.10493827160493827 0.04296875 0.04938271604938271
0 0.5434027777777778 0.09259259259259259 0.06770833333333333 0.04938271604938271
0 0.3825954861111111 0.060570987654320986 0.055989583333333336 0.03935185185185185
0 0.3129340277777778 0.047839506172839504 0.051215277777777776 0.040123456790123455
0 0.7962239583333334 0.16049382716049382 0.07769097222222222 0.06327160493827161
0 0.2398003472222222 0.04282407407407408 0.029079861111111112 0.03009259259259259
0 0.4739583333333333 0.0783179012345679 0.03125 0.0470679012345679
1 0.7289496527777778 0.5223765432098766 0.0646701388888889 0.3549382716049383
0 0.486328125 0.04128086419753087 0.032552083333333336 0.023919753086419752
0 0.2797309027777778 0.035493827160493825 0.032552083333333336 0.040123456790123455
0 0.3569878472222222 0.02970679012345679 0.04383680555555555 0.02700617283950617
0 0.3990885416666667 0.04861111111111111 0.045572916666666664 0.037037037037037035