0 0.18489583333333334 0.7878086419753086 0.3611111111111111 0.4243827160493827
0 0.263671875 0.32523148148148145 0.2625868055555556 0.21219135802469136
0 0.6564670138888888 0.2673611111111111 0.17578125 0.1566358024691358
0 0.3526475694444444 0.05632716049382716 0.054253472222222224 0.038580246913580245
0 0.3982204861111111 0.17824074074074073 0.09678819444444445 0.1095679012345679
0 0.611328125 0.14390432098765432 0.09505208333333333 0.07947530864197531
0 0.5826822916666666 0.09760802469135803 0.07161458333333333 0.0470679012345679
0 0.3810763888888889 0.03433641975308642 0.034722222222222224 0.02546296296296296
0 0.4928385416666667 0.1404320987654321 0.062065972222222224 0.10493827160493827
0 0.7996961805555556 0.16628086419753085 0.10026041666666667 0.08873456790123457
0 0.5091145833333334 0.08294753086419752 0.0625 0.04861111111111111
0 0.2853732638888889 0.046296296296296294 0.040364583333333336 0.038580246913580245
0 0.6744791666666666 0.12808641975308643 0.04513888888888889 0.06018518518518518
0 0.2282986111111111 0.040123456790123455 0.044270833333333336 0.033950617283950615
1 0.6306423611111112 0.7210648148148148 0.09288194444444445 0.4853395061728395
1 0.7083333333333334 0.7581018518518519 0.10850694444444445 0.47762345679012347
1 0.17252604166666666 0.21334876543209877 0.03342013888888889 0.11805555555555555
1 0.4865451388888889 0.9008487654320988 0.1232638888888889 0.19830246913580246
1 0.0740017361111111 0.16820987654320987 0.01953125 0.09259259259259259
0 0.31640625 0.040123456790123455 0.0234375 0.037037037037037035
0 0.7137586805555556 0.12191358024691358 0.03602430555555555 0.05401234567901234
0 0.1759982638888889 0.04205246913580247 0.04210069444444445 0.03009259259259259
0 0.4930555555555556 0.02816358024691358 0.0625 0.04398148148148148
0 0.4828559027777778 0.04205246913580247 0.03342013888888889 0.017746913580246913
0 0.5251736111111112 0.11882716049382716 0.021701388888888888 0.05246913580246913