0 0.3806423611111111 0.06095679012345679 0.05295138888888889 0.040123456790123455
0 0.8159722222222222 0.3314043209876543 0.09027777777777778 0.12422839506172839
0 0.2840711805555556 0.043209876543209874 0.04210069444444445 0.041666666666666664
0 0.7042100694444444 0.08873456790123457 0.04210069444444445 0.05092592592592592
0 0.4848090277777778 0.03819444444444445 0.035590277777777776 0.02700617283950617
0 0.21744791666666666 0.04205246913580247 0.03819444444444445 0.033179012345679014
0 0.5811631944444444 0.09645061728395062 0.05295138888888889 0.047839506172839504
0 0.544921875 0.08796296296296297 0.04991319444444445 0.08796296296296297
1 0.775390625 0.38233024691358025 0.04383680555555555 0.19521604938271606
1 0.712890625 0.376929012345679 0.04123263888888889 0.2029320987654321
0 0.7161458333333334 0.13194444444444445 0.03819444444444445 0.05864197530864197
0 0.3821614583333333 0.02816358024691358 0.04123263888888889 0.02700617283950617
0 0.3526475694444444 0.035493827160493825 0.018663194444444444 0.029320987654320986