0 0.5108506944444444 0.1709104938271605 0.12065972222222222 0.11496913580246913
0 0.5141059027777778 0.08024691358024691 0.0681423611111111 0.044753086419753084
0 0.3372395833333333 0.043209876543209874 0.046875 0.037037037037037035
0 0.3927951388888889 0.04513888888888889 0.04861111111111111 0.05169753086419753
0 0.6579861111111112 0.10841049382716049 0.03993055555555555 0.036265432098765434
0 0.8153211805555556 0.18479938271604937 0.08463541666666667 0.07330246913580248
0 0.2884114583333333 0.038580246913580245 0.03689236111111111 0.030864197530864196
0 0.6868489583333334 0.15817901234567902 0.09331597222222222 0.06790123456790123
0 0.6885850694444444 0.09645061728395062 0.03342013888888889 0.044753086419753084
0 0.2269965277777778 0.032407407407407406 0.05555555555555555 0.04938271604938271
0 0.1775173611111111 0.04128086419753087 0.035590277777777776 0.02546296296296296
0 0.46875 0.027777777777777776 0.020833333333333332 0.04938271604938271
0 0.8077256944444444 0.09953703703703703 0.03211805555555555 0.032407407407407406
0 0.8561197916666666 0.11574074074074074 0.024739583333333332 0.026234567901234566
1 0.6940104166666666 0.5540123456790124 0.08246527777777778 0.3441358024691358