0 0.18619791666666666 0.7472993827160493 0.3715277777777778 0.4930555555555556
0 0.6065538194444444 0.24807098765432098 0.18098958333333334 0.15354938271604937
0 0.10807291666666667 0.3966049382716049 0.2152777777777778 0.2222222222222222
0 0.4917534722222222 0.08217592592592593 0.04079861111111111 0.04552469135802469
0 0.3559027777777778 0.055169753086419755 0.05555555555555555 0.04398148148148148
0 0.5542534722222222 0.09992283950617284 0.07118055555555555 0.04398148148148148
0 0.06705729166666667 0.2496141975308642 0.1332465277777778 0.11342592592592593
0 0.2322048611111111 0.04243827160493827 0.03732638888888889 0.030864197530864196
0 0.8220486111111112 0.18942901234567902 0.0720486111111111 0.06712962962962964
0 0.6280381944444444 0.11728395061728394 0.06944444444444445 0.04938271604938271
0 0.2890625 0.0470679012345679 0.041666666666666664 0.032407407407407406
0 0.4845920138888889 0.043209876543209874 0.039496527777777776 0.029320987654320986
0 0.4103732638888889 0.06327160493827161 0.04470486111111111 0.040123456790123455
0 0.6922743055555556 0.1566358024691358 0.08854166666666667 0.06481481481481481
1 0.7504340277777778 0.48996913580246915 0.08854166666666667 0.30246913580246915
1 0.026475694444444444 0.19791666666666666 0.017361111111111112 0.05478395061728395
0 0.7217881944444444 0.10455246913580248 0.03819444444444445 0.07484567901234568
0 0.546875 0.08140432098765432 0.059895833333333336 0.03935185185185185
0 0.4012586805555556 0.05131172839506173 0.03342013888888889 0.036265432098765434
0 0.2868923611111111 0.025848765432098766 0.044270833333333336 0.036265432098765434
0 0.3411458333333333 0.04436728395061729 0.052083333333333336 0.03935185185185185