0 0.4674479166666667 0.2789351851851852 0.2204861111111111 0.1566358024691358
0 0.5290798611111112 0.08989197530864197 0.06336805555555555 0.05169753086419753
0 0.2280815972222222 0.041666666666666664 0.039496527777777776 0.040123456790123455
0 0.4060329861111111 0.038580246913580245 0.03428819444444445 0.029320987654320986
0 0.3055555555555556 0.04861111111111111 0.04513888888888889 0.035493827160493825
0 0.3615451388888889 0.03009259259259259 0.035590277777777776 0.030864197530864196
0 0.7634548611111112 0.11072530864197531 0.030381944444444444 0.03935185185185185
0 0.7042100694444444 0.07330246913580248 0.023003472222222224 0.023148148148148147
1 0.7975260416666666 0.43209876543209874 0.055121527777777776 0.22067901234567902
1 0.1623263888888889 0.1415895061728395 0.016493055555555556 0.08101851851851852
1 0.8313802083333334 0.4567901234567901 0.04210069444444445 0.22685185185185186
0 0.2766927083333333 0.030478395061728395 0.025607638888888888 0.02700617283950617
0 0.3342013888888889 0.044753086419753084 0.015625 0.029320987654320986
0 0.4739583333333333 0.03896604938271605 0.021701388888888888 0.02700617283950617
0 0.49609375 0.04243827160493827 0.026909722222222224 0.024691358024691357
0 0.7263454861111112 0.13271604938271606 0.040364583333333336 0.05555555555555555