0 0.3524305555555556 0.05015432098765432 0.046875 0.035493827160493825
0 0.6115451388888888 0.1431327160493827 0.1015625 0.08101851851851852
0 0.3934461805555556 0.1284722222222222 0.037760416666666664 0.06712962962962964
0 0.3860677083333333 0.04089506172839506 0.024739583333333332 0.027777777777777776
0 0.2647569444444444 0.0466820987654321 0.046875 0.033179012345679014
0 0.18272569444444445 0.07214506172839506 0.0546875 0.05941358024691358
0 0.6759982638888888 0.12229938271604938 0.0759548611111111 0.07175925925925926
0 0.73046875 0.11265432098765432 0.03211805555555555 0.06327160493827161
0 0.6911892361111112 0.08912037037037036 0.039496527777777776 0.04398148148148148
0 0.26953125 0.026234567901234566 0.04600694444444445 0.030864197530864196
0 0.3424479166666667 0.03125 0.0390625 0.02546296296296296
0 0.19444444444444445 0.03742283950617284 0.046875 0.033179012345679014
1 0.023871527777777776 0.2199074074074074 0.021701388888888888 0.12191358024691358
1 0.03732638888888889 0.22183641975308643 0.017361111111111112 0.12422839506172839