0 0.18489583333333334 0.7839506172839507 0.3611111111111111 0.43209876543209874
0 0.4969618055555556 0.08140432098765432 0.05381944444444445 0.0470679012345679
0 0.3439670138888889 0.055169753086419755 0.054253472222222224 0.036265432098765434
0 0.833984375 0.17631172839506173 0.054253472222222224 0.05478395061728395
0 0.3953993055555556 0.05169753086419753 0.042534722222222224 0.033950617283950615
0 0.5724826388888888 0.09953703703703703 0.0703125 0.05246913580246913
0 0.7803819444444444 0.1736111111111111 0.078125 0.06635802469135803
0 0.5983072916666666 0.08719135802469136 0.08637152777777778 0.07561728395061729
0 0.6490885416666666 0.11419753086419752 0.08550347222222222 0.0787037037037037
0 0.28515625 0.0470679012345679 0.04079861111111111 0.033950617283950615
0 0.4830729166666667 0.03935185185185185 0.03298611111111111 0.027777777777777776
0 0.20203993055555555 0.03819444444444445 0.029079861111111112 0.033179012345679014
0 0.16731770833333334 0.04398148148148148 0.023871527777777776 0.026234567901234566
0 0.22721354166666666 0.04128086419753087 0.04383680555555555 0.033179012345679014
0 0.345703125 0.02199074074074074 0.05164930555555555 0.03009259259259259
0 0.4055989583333333 0.03202160493827161 0.028211805555555556 0.02546296296296296
1 0.5618489583333334 0.3429783950617284 0.05946180555555555 0.20910493827160495
1 0.6927083333333334 0.6847993827160493 0.08246527777777778 0.3912037037037037
0 0.4118923611111111 0.06983024691358025 0.034722222222222224 0.034722222222222224
0 0.7202690972222222 0.12229938271604938 0.038628472222222224 0.05015432098765432