0 0.62109375 0.26273148148148145 0.16666666666666666 0.1396604938271605
0 0.2890625 0.03202160493827161 0.043402777777777776 0.03009259259259259
0 0.16905381944444445 0.3653549382716049 0.2921006944444444 0.23996913580246915
0 0.08094618055555555 0.626929012345679 0.16102430555555555 0.3819444444444444
0 0.580078125 0.11342592592592593 0.05251736111111111 0.06172839506172839
0 0.2144097222222222 0.04128086419753087 0.04513888888888889 0.03009259259259259
0 0.3617621527777778 0.03009259259259259 0.04123263888888889 0.030864197530864196
0 0.7879774305555556 0.17824074074074073 0.08984375 0.06635802469135803
0 0.6343315972222222 0.11072530864197531 0.04123263888888889 0.05015432098765432
0 0.4086371527777778 0.03742283950617284 0.028211805555555556 0.033179012345679014
0 0.4809027777777778 0.038580246913580245 0.03993055555555555 0.026234567901234566
0 0.6916232638888888 0.12384259259259259 0.04123263888888889 0.0470679012345679
1 0.04014756944444445 0.18942901234567902 0.018663194444444444 0.10416666666666667
0 0.1872829861111111 0.03896604938271605 0.03515625 0.03009259259259259