0 0.03927951388888889 0.3279320987654321 0.07769097222222222 0.1867283950617284
0 0.2849392361111111 0.031635802469135804 0.032552083333333336 0.027777777777777776
0 0.4665798611111111 0.16666666666666666 0.11458333333333333 0.09722222222222222
0 0.1879340277777778 0.043209876543209874 0.041666666666666664 0.029320987654320986
0 0.6616753472222222 0.1284722222222222 0.07161458333333333 0.05632716049382716
0 0.802734375 0.18518518518518517 0.09331597222222222 0.07098765432098765
0 0.6744791666666666 0.10416666666666667 0.028645833333333332 0.033950617283950615
0 0.7172309027777778 0.07908950617283951 0.03515625 0.03780864197530864
0 0.2547743055555556 0.035493827160493825 0.0390625 0.033950617283950615
0 0.4457465277777778 0.05787037037037037 0.058159722222222224 0.041666666666666664
1 0.6729600694444444 0.4672067901234568 0.05685763888888889 0.26774691358024694
1 0.7688802083333334 0.5046296296296297 0.06987847222222222 0.3271604938271605