0 0.13389756944444445 0.8175154320987654 0.2669270833333333 0.3618827160493827
0 0.4952256944444444 0.07947530864197531 0.04513888888888889 0.05092592592592592
0 0.7092013888888888 0.1558641975308642 0.0876736111111111 0.08179012345679013
0 0.2300347222222222 0.06635802469135803 0.08506944444444445 0.0941358024691358
0 0.6577690972222222 0.10532407407407407 0.038628472222222224 0.04243827160493827
0 0.3630642361111111 0.05787037037037037 0.05859375 0.043209876543209874
0 0.3196614583333333 0.03125 0.04470486111111111 0.03009259259259259
1 0.7322048611111112 0.5767746913580247 0.09114583333333333 0.36496913580246915
0 0.2842881944444444 0.045910493827160496 0.0390625 0.04089506172839506
0 0.375 0.037037037037037035 0.021701388888888888 0.026234567901234566
0 0.4036458333333333 0.045910493827160496 0.033854166666666664 0.04398148148148148
0 0.4874131944444444 0.03935185185185185 0.033854166666666664 0.032407407407407406