0 0.4045138888888889 0.25462962962962965 0.2074652777777778 0.1574074074074074
0 0.5963541666666666 0.09297839506172839 0.06336805555555555 0.04398148148148148
0 0.3602430555555556 0.028935185185185185 0.03993055555555555 0.02854938271604938
0 0.4793836805555556 0.02970679012345679 0.04210069444444445 0.05478395061728395
0 0.7354600694444444 0.1554783950617284 0.08550347222222222 0.06712962962962964
0 0.8229166666666666 0.22955246913580246 0.0859375 0.09490740740740741
0 0.20985243055555555 0.036265432098765434 0.040364583333333336 0.033950617283950615
0 0.2838541666666667 0.045910493827160496 0.036458333333333336 0.033179012345679014
1 0.5974392361111112 0.814429012345679 0.1410590277777778 0.36959876543209874
1 0.787109375 0.3854166666666667 0.048177083333333336 0.19830246913580246
1 0.7367621527777778 0.3800154320987654 0.04210069444444445 0.19830246913580246
0 0.23719618055555555 0.030478395061728395 0.015190972222222222 0.023919753086419752
0 0.3307291666666667 0.052083333333333336 0.05381944444444445 0.0470679012345679
0 0.5125868055555556 0.03742283950617284 0.026909722222222224 0.031635802469135804