0 0.5258246527777778 0.09953703703703703 0.06987847222222222 0.10648148148148148
0 0.345703125 0.11265432098765432 0.08550347222222222 0.07098765432098765
0 0.5894097222222222 0.10262345679012345 0.05555555555555555 0.04938271604938271
0 0.6488715277777778 0.13773148148148148 0.0546875 0.05632716049382716
0 0.806640625 0.25925925925925924 0.11762152777777778 0.2037037037037037
0 0.6282552083333334 0.24074074074074073 0.1228298611111111 0.1111111111111111
0 0.3897569444444444 0.03742283950617284 0.027777777777777776 0.031635802469135804
0 0.6395399305555556 0.08873456790123457 0.03342013888888889 0.040123456790123455
0 0.4702690972222222 0.03742283950617284 0.029947916666666668 0.023919753086419752
0 0.6940104166666666 0.1261574074074074 0.04079861111111111 0.05015432098765432
0 0.3687065972222222 0.03009259259259259 0.02734375 0.023148148148148147
1 0.12022569444444445 0.22376543209876543 0.026909722222222224 0.125