0 0.5833333333333334 0.10300925925925926 0.06597222222222222 0.05015432098765432
0 0.5421006944444444 0.08564814814814815 0.058159722222222224 0.046296296296296294
0 0.4913194444444444 0.07908950617283951 0.04079861111111111 0.0470679012345679
0 0.8133680555555556 0.17862654320987653 0.08680555555555555 0.08101851851851852
0 0.04665798611111111 0.7739197530864198 0.09244791666666667 0.4521604938271605
0 0.3430989583333333 0.046296296296296294 0.05078125 0.040123456790123455
0 0.3862847222222222 0.061342592592592594 0.050347222222222224 0.036265432098765434
0 0.6317274305555556 0.09722222222222222 0.0681423611111111 0.06944444444444445
0 0.2927517361111111 0.0466820987654321 0.04904513888888889 0.03780864197530864
0 0.1970486111111111 0.03665123456790124 0.017361111111111112 0.036265432098765434
0 0.4976128472222222 0.03742283950617284 0.03342013888888889 0.020833333333333332
0 0.7213541666666666 0.11651234567901235 0.04513888888888889 0.05709876543209876
0 0.6786024305555556 0.10686728395061729 0.029079861111111112 0.03780864197530864
0 0.3967013888888889 0.035493827160493825 0.028645833333333332 0.023148148148148147
1 0.7927517361111112 0.45447530864197533 0.0759548611111111 0.26851851851851855
1 0.146484375 0.1423611111111111 0.018663194444444444 0.0763888888888889
0 0.17057291666666666 0.04359567901234568 0.026909722222222224 0.03009259259259259
0 0.2458767361111111 0.03433641975308642 0.022135416666666668 0.02854938271604938
0 0.3802083333333333 0.04243827160493827 0.03298611111111111 0.021604938271604937
0 0.7693142361111112 0.11226851851851852 0.021267361111111112 0.031635802469135804