0 0.1323784722222222 0.8167438271604939 0.2638888888888889 0.36651234567901236
0 0.2591145833333333 0.21373456790123457 0.17274305555555555 0.16049382716049382
0 0.6067708333333334 0.10570987654320987 0.05295138888888889 0.047839506172839504
0 0.8428819444444444 0.1871141975308642 0.05642361111111111 0.07021604938271606
0 0.3626302083333333 0.05478395061728395 0.055989583333333336 0.041666666666666664
0 0.3376736111111111 0.11689814814814815 0.09288194444444445 0.07175925925925926
0 0.474609375 0.07716049382716049 0.030815972222222224 0.043209876543209874
0 0.7003038194444444 0.10455246913580248 0.03342013888888889 0.04398148148148148
0 0.4717881944444444 0.03587962962962963 0.028645833333333332 0.031635802469135804
1 0.6098090277777778 0.6307870370370371 0.08159722222222222 0.3773148148148148
0 0.18641493055555555 0.03665123456790124 0.039496527777777776 0.031635802469135804
0 0.2358940972222222 0.03819444444444445 0.032552083333333336 0.03009259259259259
0 0.28515625 0.019290123456790122 0.03819444444444445 0.024691358024691357
0 0.3187934027777778 0.02662037037037037 0.029947916666666668 0.02854938271604938
0 0.306640625 0.04398148148148148 0.03342013888888889 0.032407407407407406
0 0.283203125 0.045910493827160496 0.03428819444444445 0.02700617283950617
0 0.3639322916666667 0.032407407407407406 0.030815972222222224 0.026234567901234566
0 0.3930121527777778 0.05092592592592592 0.021267361111111112 0.029320987654320986
0 0.4125434027777778 0.04861111111111111 0.03342013888888889 0.038580246913580245
0 0.7730034722222222 0.09799382716049383 0.024305555555555556 0.032407407407407406