0 0.3081597222222222 0.3117283950617284 0.234375 0.21296296296296297
0 0.8111979166666666 0.17939814814814814 0.08506944444444445 0.07021604938271606
0 0.2803819444444444 0.09915123456790123 0.0763888888888889 0.06558641975308642
0 0.5364583333333334 0.12075617283950617 0.07725694444444445 0.06095679012345679
0 0.6137152777777778 0.11921296296296297 0.0546875 0.06095679012345679
0 0.3498263888888889 0.05478395061728395 0.05295138888888889 0.040123456790123455
0 0.4911024305555556 0.08101851851851852 0.04210069444444445 0.046296296296296294
0 0.18055555555555555 0.07523148148148148 0.05295138888888889 0.05941358024691358
0 0.4828559027777778 0.04089506172839506 0.038628472222222224 0.030864197530864196
0 0.6671006944444444 0.09259259259259259 0.052083333333333336 0.07098765432098765
0 0.5340711805555556 0.08140432098765432 0.04904513888888889 0.03780864197530864
1 0.7250434027777778 0.38040123456790126 0.040364583333333336 0.19444444444444445
1 0.7840711805555556 0.3854166666666667 0.045572916666666664 0.19984567901234568
0 0.7033420138888888 0.12885802469135801 0.06640625 0.05709876543209876
0 0.5590277777777778 0.09837962962962964 0.057291666666666664 0.05478395061728395
0 0.4049479166666667 0.032407407407407406 0.035590277777777776 0.040123456790123455
0 0.4016927083333333 0.06404320987654322 0.04470486111111111 0.040123456790123455
0 0.3207465277777778 0.0466820987654321 0.033854166666666664 0.034722222222222224
0 0.2680121527777778 0.04282407407407408 0.04991319444444445 0.04243827160493827
0 0.21484375 0.04205246913580247 0.04861111111111111 0.04089506172839506