0 0.2445746527777778 0.21643518518518517 0.15321180555555555 0.14891975308641975
0 0.3220486111111111 0.03356481481481482 0.029513888888888888 0.02546296296296296
0 0.2884114583333333 0.030478395061728395 0.03689236111111111 0.02700617283950617
0 0.8493923611111112 0.2523148148148148 0.03211805555555555 0.10030864197530864
0 0.3682725694444444 0.04205246913580247 0.025607638888888888 0.02700617283950617
0 0.6703559027777778 0.10455246913580248 0.032552083333333336 0.04398148148148148
0 0.20421006944444445 0.03935185185185185 0.03342013888888889 0.030864197530864196
0 0.775390625 0.15239197530864199 0.06293402777777778 0.05169753086419753
0 0.390625 0.02970679012345679 0.028645833333333332 0.023919753086419752
0 0.4685329861111111 0.04205246913580247 0.029079861111111112 0.02700617283950617
0 0.6927083333333334 0.1566358024691358 0.08333333333333333 0.08487654320987655
0 0.2530381944444444 0.04282407407407408 0.042534722222222224 0.036265432098765434
1 0.6145833333333334 0.6979166666666666 0.13802083333333334 0.3819444444444444
0 0.16861979166666666 0.040123456790123455 0.024739583333333332 0.029320987654320986
0 0.4105902777777778 0.03973765432098766 0.024305555555555556 0.02546296296296296
0 0.7549913194444444 0.09645061728395062 0.028211805555555556 0.046296296296296294