0 0.3209635416666667 0.09722222222222222 0.09852430555555555 0.0941358024691358
0 0.3786892361111111 0.02854938271604938 0.06727430555555555 0.04938271604938271
0 0.5876736111111112 0.12654320987654322 0.0859375 0.06944444444444445
0 0.6369357638888888 0.10416666666666667 0.054253472222222224 0.043209876543209874
0 0.3079427083333333 0.03202160493827161 0.048177083333333336 0.03009259259259259
0 0.8140190972222222 0.16898148148148148 0.0724826388888889 0.05864197530864197
0 0.7241753472222222 0.11844135802469136 0.026475694444444444 0.036265432098765434
0 0.4481336805555556 0.05787037037037037 0.07769097222222222 0.06944444444444445
0 0.1697048611111111 0.04243827160493827 0.027777777777777776 0.027777777777777776
1 0.5203993055555556 0.3287037037037037 0.043402777777777776 0.17901234567901234
1 0.7610677083333334 0.42322530864197533 0.05772569444444445 0.22145061728395063
1 0.2048611111111111 0.10802469135802469 0.018229166666666668 0.038580246913580245
1 0.2230902777777778 0.11651234567901235 0.020833333333333332 0.09104938271604938
1 0.7072482638888888 0.38271604938271603 0.04210069444444445 0.2021604938271605
1 0.7361111111111112 0.3939043209876543 0.04079861111111111 0.23070987654320987