0 0.5447048611111112 0.18518518518518517 0.11024305555555555 0.10648148148148148
0 0.5264756944444444 0.08063271604938271 0.059027777777777776 0.04089506172839506
0 0.1994357638888889 0.08449074074074074 0.061197916666666664 0.05941358024691358
0 0.3474392361111111 0.045910493827160496 0.047309027777777776 0.036265432098765434
0 0.6595052083333334 0.10802469135802469 0.04123263888888889 0.037037037037037035
0 0.7322048611111112 0.19907407407407407 0.08159722222222222 0.09722222222222222
0 0.7816840277777778 0.17515432098765432 0.07899305555555555 0.06790123456790123
0 0.7139756944444444 0.13194444444444445 0.0642361111111111 0.046296296296296294
0 0.3862847222222222 0.03009259259259259 0.03125 0.05864197530864197
0 0.4383680555555556 0.05709876543209876 0.06510416666666667 0.06172839506172839
0 0.24913194444444445 0.033179012345679014 0.0763888888888889 0.047839506172839504
0 0.2947048611111111 0.040123456790123455 0.03298611111111111 0.030864197530864196
0 0.693359375 0.09529320987654322 0.028211805555555556 0.03935185185185185
0 0.8090277777777778 0.10185185185185185 0.026909722222222224 0.033950617283950615
0 0.7686631944444444 0.09027777777777778 0.014756944444444444 0.015432098765432098
0 0.7845052083333334 0.09567901234567901 0.014322916666666666 0.015432098765432098
1 0.5238715277777778 0.8645833333333334 0.1440972222222222 0.2692901234567901