0 0.1330295138888889 0.8182870370370371 0.2651909722222222 0.36342592592592593
0 0.5399305555555556 0.24498456790123457 0.17708333333333334 0.16126543209876543
0 0.3012152777777778 0.1087962962962963 0.0798611111111111 0.07253086419753087
0 0.2975260416666667 0.04398148148148148 0.05164930555555555 0.041666666666666664
0 0.22916666666666666 0.044753086419753084 0.04079861111111111 0.033950617283950615
0 0.6388888888888888 0.14930555555555555 0.0954861111111111 0.07021604938271606
0 0.5297309027777778 0.15779320987654322 0.1254340277777778 0.09490740740740741
1 0.734375 0.41628086419753085 0.05642361111111111 0.2183641975308642
1 0.7903645833333334 0.3908179012345679 0.05642361111111111 0.11342592592592593
0 0.3812934027777778 0.030478395061728395 0.029947916666666668 0.036265432098765434
0 0.40625 0.03819444444444445 0.027777777777777776 0.033179012345679014
0 0.4963107638888889 0.03742283950617284 0.031684027777777776 0.02700617283950617
0 0.6903211805555556 0.12191358024691358 0.040364583333333336 0.047839506172839504
0 0.7254774305555556 0.11959876543209877 0.03602430555555555 0.05092592592592592
0 0.7638888888888888 0.16743827160493827 0.0842013888888889 0.06944444444444445
0 0.8611111111111112 0.20949074074074073 0.024305555555555556 0.04552469135802469