0 0.58203125 0.11574074074074074 0.052083333333333336 0.05864197530864197
0 0.3754340277777778 0.09567901234567901 0.0720486111111111 0.06327160493827161
0 0.5902777777777778 0.2025462962962963 0.13802083333333334 0.11188271604938271
0 0.806640625 0.18171296296296297 0.08984375 0.06558641975308642
0 0.6786024305555556 0.10416666666666667 0.031684027777777776 0.041666666666666664
0 0.21549479166666666 0.03665123456790124 0.04904513888888889 0.036265432098765434
0 0.1831597222222222 0.08603395061728394 0.057291666666666664 0.04861111111111111
0 0.3420138888888889 0.023148148148148147 0.078125 0.044753086419753084
1 0.7076822916666666 0.6049382716049383 0.07769097222222222 0.33641975308641975
1 0.6629774305555556 0.5756172839506173 0.062065972222222224 0.3333333333333333
1 0.2055121527777778 0.1261574074074074 0.014322916666666666 0.0763888888888889
1 0.1918402777777778 0.12692901234567902 0.015625 0.08564814814814815
0 0.7200520833333334 0.12037037037037036 0.036458333333333336 0.043209876543209874