0 0.5323350694444444 0.08256172839506173 0.04123263888888889 0.040123456790123455
0 0.5753038194444444 0.10108024691358025 0.061197916666666664 0.05092592592592592
0 0.4939236111111111 0.07947530864197531 0.04079861111111111 0.043209876543209874
0 0.6644965277777778 0.14776234567901234 0.057291666666666664 0.06558641975308642
0 0.3491753472222222 0.05478395061728395 0.05078125 0.040123456790123455
0 0.4930555555555556 0.03896604938271605 0.034722222222222224 0.02700617283950617
0 0.216796875 0.03935185185185185 0.045572916666666664 0.035493827160493825
0 0.2693142361111111 0.04243827160493827 0.04383680555555555 0.038580246913580245
0 0.4055989583333333 0.06674382716049383 0.04904513888888889 0.04089506172839506
1 0.4151475694444444 0.5096450617283951 0.062065972222222224 0.27237654320987653
1 0.7256944444444444 0.38040123456790126 0.041666666666666664 0.19753086419753085
1 0.7840711805555556 0.3869598765432099 0.048177083333333336 0.19984567901234568
0 0.7528211805555556 0.20679012345679013 0.09505208333333333 0.10339506172839506
0 0.7992621527777778 0.16087962962962962 0.06901041666666667 0.06095679012345679
0 0.6770833333333334 0.10146604938271606 0.025173611111111112 0.03780864197530864
0 0.7282986111111112 0.08989197530864197 0.035590277777777776 0.05632716049382716
0 0.34375 0.02546296296296296 0.033854166666666664 0.026234567901234566