0 0.1853298611111111 0.7874228395061729 0.3602430555555556 0.4251543209876543
0 0.5627170138888888 0.2692901234567901 0.1853298611111111 0.1574074074074074
0 0.5249565972222222 0.07561728395061729 0.06293402777777778 0.046296296296296294
0 0.3129340277777778 0.05092592592592592 0.049479166666666664 0.037037037037037035
0 0.2087673611111111 0.03935185185185185 0.0390625 0.029320987654320986
0 0.3689236111111111 0.059027777777777776 0.05555555555555555 0.03780864197530864
0 0.8220486111111112 0.18942901234567902 0.08940972222222222 0.07175925925925926
0 0.1664496527777778 0.07716049382716049 0.026475694444444444 0.038580246913580245
0 0.7152777777777778 0.12770061728395063 0.07465277777777778 0.0625
0 0.3882378472222222 0.1261574074074074 0.05078125 0.08256172839506173
0 0.4051649305555556 0.032407407407407406 0.029947916666666668 0.024691358024691357
0 0.326171875 0.03665123456790124 0.048177083333333336 0.034722222222222224
0 0.4780815972222222 0.04089506172839506 0.03428819444444445 0.021604938271604937
0 0.3776041666666667 0.03202160493827161 0.029513888888888888 0.023919753086419752
1 0.6547309027777778 0.37037037037037035 0.0646701388888889 0.2191358024691358
0 0.4001736111111111 0.05709876543209876 0.019965277777777776 0.037037037037037035
0 0.4672309027777778 0.06674382716049383 0.023003472222222224 0.04089506172839506
0 0.2599826388888889 0.047839506172839504 0.04513888888888889 0.030864197530864196