0 0.2456597222222222 0.22299382716049382 0.18055555555555555 0.18055555555555555
0 0.3650173611111111 0.040123456790123455 0.024305555555555556 0.030864197530864196
0 0.3181423611111111 0.02970679012345679 0.044270833333333336 0.02854938271604938
0 0.2046440972222222 0.040123456790123455 0.03602430555555555 0.037037037037037035
0 0.2565104166666667 0.035493827160493825 0.042534722222222224 0.033950617283950615
0 0.4947916666666667 0.03742283950617284 0.035590277777777776 0.023919753086419752
0 0.3969184027777778 0.033950617283950615 0.04210069444444445 0.033950617283950615
0 0.8363715277777778 0.19405864197530864 0.0720486111111111 0.0625
0 0.7365451388888888 0.14969135802469136 0.06336805555555555 0.05709876543209876
0 0.8142361111111112 0.10532407407407407 0.013888888888888888 0.017746913580246913
1 0.8133680555555556 0.4409722222222222 0.058159722222222224 0.24305555555555555