0 0.3283420138888889 0.19868827160493827 0.13671875 0.12885802469135801
0 0.560546875 0.13503086419753085 0.055121527777777776 0.08487654320987655
0 0.8003472222222222 0.17746913580246915 0.07725694444444445 0.06635802469135803
0 0.5260416666666666 0.08912037037037036 0.06076388888888889 0.04243827160493827
0 0.6614583333333334 0.10030864197530864 0.03993055555555555 0.04938271604938271
0 0.3671875 0.058256172839506175 0.052083333333333336 0.03935185185185185
0 0.2964409722222222 0.0470679012345679 0.050347222222222224 0.032407407407407406
0 0.22938368055555555 0.04089506172839506 0.037760416666666664 0.030864197530864196
0 0.3296440972222222 0.04398148148148148 0.03342013888888889 0.032407407407407406
0 0.41015625 0.05864197530864197 0.0390625 0.037037037037037035
0 0.6961805555555556 0.09992283950617284 0.030381944444444444 0.03935185185185185
0 0.3624131944444444 0.02507716049382716 0.030381944444444444 0.020833333333333332
0 0.7339409722222222 0.2040895061728395 0.0798611111111111 0.08564814814814815
1 0.13932291666666666 0.2326388888888889 0.029513888888888888 0.11959876543209877
0 0.3018663194444444 0.024691358024691357 0.04123263888888889 0.026234567901234566
0 0.4654947916666667 0.03973765432098766 0.017795138888888888 0.034722222222222224
0 0.3706597222222222 0.034722222222222224 0.026909722222222224 0.021604938271604937