0 0.5297309027777778 0.08834876543209877 0.06901041666666667 0.0470679012345679
0 0.8070746527777778 0.2943672839506173 0.11241319444444445 0.1550925925925926
0 0.20182291666666666 0.03780864197530864 0.033854166666666664 0.030864197530864196
0 0.3630642361111111 0.04398148148148148 0.030815972222222224 0.032407407407407406
0 0.4780815972222222 0.06828703703703703 0.040364583333333336 0.04243827160493827
0 0.3279079861111111 0.044753086419753084 0.038628472222222224 0.032407407407407406
0 0.2808159722222222 0.03819444444444445 0.033854166666666664 0.033179012345679014
0 0.4058159722222222 0.029320987654320986 0.026041666666666668 0.030864197530864196
1 0.7864583333333334 0.43364197530864196 0.058159722222222224 0.24382716049382716
0 0.4694010416666667 0.03935185185185185 0.02734375 0.030864197530864196
0 0.3190104166666667 0.02854938271604938 0.018229166666666668 0.030864197530864196
0 0.7220052083333334 0.13734567901234568 0.07769097222222222 0.05092592592592592
0 0.7131076388888888 0.09259259259259259 0.043402777777777776 0.0787037037037037
0 0.7686631944444444 0.1095679012345679 0.021701388888888888 0.029320987654320986