0 0.3394097222222222 0.18479938271604937 0.140625 0.13657407407407407
0 0.5128038194444444 0.06404320987654322 0.0646701388888889 0.06172839506172839
0 0.6629774305555556 0.12422839506172839 0.06901041666666667 0.04938271604938271
0 0.7934027777777778 0.17939814814814814 0.09288194444444445 0.07175925925925926
0 0.3723958333333333 0.03742283950617284 0.030381944444444444 0.034722222222222224
0 0.3967013888888889 0.0466820987654321 0.03819444444444445 0.033179012345679014
1 0.6256510416666666 0.3618827160493827 0.06727430555555555 0.2052469135802469
1 0.5555555555555556 0.6809413580246914 0.07899305555555555 0.43287037037037035
0 0.2348090277777778 0.035493827160493825 0.033854166666666664 0.033950617283950615
0 0.2068142361111111 0.04282407407407408 0.04123263888888889 0.033179012345679014
0 0.330078125 0.03896604938271605 0.03428819444444445 0.04089506172839506
0 0.4097222222222222 0.033179012345679014 0.020833333333333332 0.023148148148148147
0 0.7593315972222222 0.10300925925925926 0.017795138888888888 0.023919753086419752
0 0.7799479166666666 0.10185185185185185 0.0234375 0.033950617283950615