0 0.1681857638888889 0.3746141975308642 0.2651909722222222 0.22453703703703703
0 0.8216145833333334 0.3333333333333333 0.08159722222222222 0.12962962962962962
0 0.3865017361111111 0.05632716049382716 0.04904513888888889 0.038580246913580245
0 0.24739583333333334 0.04359567901234568 0.03993055555555555 0.03780864197530864
0 0.3259548611111111 0.050540123456790126 0.050347222222222224 0.04089506172839506
0 0.7289496527777778 0.14429012345679013 0.06987847222222222 0.06481481481481481
1 0.6963975694444444 0.5111882716049383 0.07421875 0.29552469135802467
1 0.16276041666666666 0.1404320987654321 0.019097222222222224 0.08024691358024691
1 0.7682291666666666 0.5563271604938271 0.07118055555555555 0.30401234567901236
0 0.1898871527777778 0.038580246913580245 0.04123263888888889 0.033950617283950615
0 0.2797309027777778 0.03202160493827161 0.03342013888888889 0.031635802469135804
0 0.3357204861111111 0.033179012345679014 0.04383680555555555 0.033950617283950615
0 0.3830295138888889 0.034722222222222224 0.045572916666666664 0.035493827160493825
0 0.4058159722222222 0.031635802469135804 0.028645833333333332 0.026234567901234566
0 0.4680989583333333 0.04050925925925926 0.023003472222222224 0.033179012345679014
0 0.5073784722222222 0.041666666666666664 0.028645833333333332 0.018518518518518517
0 0.7569444444444444 0.11844135802469136 0.025173611111111112 0.031635802469135804
0 0.7823350694444444 0.10455246913580248 0.020399305555555556 0.03009259259259259