0 0.13736979166666666 0.404320987654321 0.2738715277777778 0.2916666666666667
0 0.3871527777777778 0.2654320987654321 0.18489583333333334 0.16820987654320987
0 0.22743055555555555 0.08333333333333333 0.058159722222222224 0.047839506172839504
0 0.57421875 0.11728395061728394 0.058159722222222224 0.06327160493827161
0 0.3313802083333333 0.17901234567901234 0.10980902777777778 0.11265432098765432
0 0.4952256944444444 0.15432098765432098 0.08159722222222222 0.08487654320987655
0 0.6608072916666666 0.12770061728395063 0.07335069444444445 0.05941358024691358
0 0.3956163194444444 0.059799382716049385 0.05251736111111111 0.034722222222222224
0 0.3207465277777778 0.052083333333333336 0.04861111111111111 0.036265432098765434
0 0.4700520833333333 0.036265432098765434 0.026041666666666668 0.021604938271604937
0 0.248046875 0.033179012345679014 0.061197916666666664 0.05709876543209876
0 0.3602430555555556 0.03780864197530864 0.027777777777777776 0.030864197530864196
0 0.2085503472222222 0.053626543209876545 0.039496527777777776 0.03935185185185185
0 0.4016927083333333 0.10185185185185185 0.01953125 0.047839506172839504
0 0.4989149305555556 0.03935185185185185 0.03689236111111111 0.021604938271604937
0 0.3285590277777778 0.02507716049382716 0.035590277777777776 0.02546296296296296
1 0.8088107638888888 0.4479166666666667 0.06380208333333333 0.21682098765432098
0 0.2873263888888889 0.041666666666666664 0.019965277777777776 0.035493827160493825
0 0.3723958333333333 0.04861111111111111 0.034722222222222224 0.030864197530864196
0 0.3971354166666667 0.019290123456790122 0.042534722222222224 0.037037037037037035