0 0.1853298611111111 0.7839506172839507 0.3602430555555556 0.43209876543209874
0 0.5724826388888888 0.10030864197530864 0.07118055555555555 0.05092592592592592
0 0.7955729166666666 0.27584876543209874 0.1328125 0.1381172839506173
0 0.7981770833333334 0.17862654320987653 0.08854166666666667 0.07330246913580248
0 0.6284722222222222 0.10686728395061729 0.0546875 0.05169753086419753
0 0.6449652777777778 0.2700617283950617 0.1423611111111111 0.1419753086419753
0 0.3669704861111111 0.05632716049382716 0.055989583333333336 0.046296296296296294
0 0.4815538194444444 0.06327160493827161 0.01953125 0.044753086419753084
0 0.2046440972222222 0.03896604938271605 0.032552083333333336 0.031635802469135804
0 0.3111979166666667 0.0470679012345679 0.043402777777777776 0.035493827160493825
0 0.22938368055555555 0.034722222222222224 0.03342013888888889 0.027777777777777776
0 0.3337673611111111 0.030478395061728395 0.033854166666666664 0.02546296296296296
0 0.7020399305555556 0.1739969135802469 0.06640625 0.08101851851851852
1 0.3587239583333333 0.22800925925925927 0.031684027777777776 0.1566358024691358
0 0.2732204861111111 0.043209876543209874 0.020399305555555556 0.032407407407407406
0 0.4008246527777778 0.05709876543209876 0.018663194444444444 0.033950617283950615
0 0.4064670138888889 0.04938271604938271 0.028211805555555556 0.033950617283950615
0 0.4674479166666667 0.06558641975308642 0.019965277777777776 0.044753086419753084