0 0.5796440972222222 0.2056327160493827 0.14366319444444445 0.11496913580246913
0 0.4928385416666667 0.08063271604938271 0.04210069444444445 0.04398148148148148
0 0.6885850694444444 0.13194444444444445 0.07942708333333333 0.06327160493827161
0 0.2107204861111111 0.03973765432098766 0.04470486111111111 0.034722222222222224
0 0.6200086805555556 0.10030864197530864 0.05685763888888889 0.041666666666666664
0 0.7779947916666666 0.23032407407407407 0.1150173611111111 0.10108024691358025
0 0.3489583333333333 0.05594135802469136 0.05642361111111111 0.04243827160493827
0 0.3899739583333333 0.04050925925925926 0.039496527777777776 0.03780864197530864
0 0.556640625 0.10030864197530864 0.06380208333333333 0.0941358024691358
0 0.4917534722222222 0.03356481481481482 0.059027777777777776 0.04243827160493827
0 0.2936197916666667 0.04243827160493827 0.04383680555555555 0.038580246913580245
1 0.7847222222222222 0.3846450617283951 0.046875 0.19984567901234568
1 0.7217881944444444 0.38387345679012347 0.043402777777777776 0.19984567901234568
0 0.8023003472222222 0.17785493827160495 0.09331597222222222 0.06867283950617284
0 0.4038628472222222 0.06404320987654322 0.045572916666666664 0.044753086419753084
0 0.2549913194444444 0.041666666666666664 0.04904513888888889 0.044753086419753084