0 0.4685329861111111 0.27044753086419754 0.1879340277777778 0.15817901234567902
0 0.373046875 0.10455246913580248 0.07942708333333333 0.06867283950617284
0 0.4954427083333333 0.0798611111111111 0.047309027777777776 0.04243827160493827
0 0.3370225694444444 0.045910493827160496 0.055121527777777776 0.03780864197530864
0 0.041015625 0.2816358024691358 0.08116319444444445 0.1574074074074074
0 0.7009548611111112 0.25385802469135804 0.1501736111111111 0.1404320987654321
0 0.28515625 0.030478395061728395 0.034722222222222224 0.02546296296296296
0 0.2146267361111111 0.03665123456790124 0.048177083333333336 0.036265432098765434
0 0.6547309027777778 0.11844135802469136 0.07421875 0.0625
0 0.5407986111111112 0.07908950617283951 0.0546875 0.04861111111111111
1 0.7213541666666666 0.4756944444444444 0.06597222222222222 0.2569444444444444
1 0.8196614583333334 0.44830246913580246 0.055989583333333336 0.2330246913580247
1 0.08463541666666667 0.20949074074074073 0.020833333333333332 0.11033950617283951
1 0.06640625 0.19174382716049382 0.018229166666666668 0.08719135802469136
0 0.3953993055555556 0.03279320987654321 0.03298611111111111 0.02700617283950617
0 0.3715277777777778 0.04205246913580247 0.018229166666666668 0.02854938271604938
0 0.3667534722222222 0.016975308641975308 0.050347222222222224 0.026234567901234566
0 0.2599826388888889 0.03433641975308642 0.043402777777777776 0.03009259259259259
0 0.8561197916666666 0.20910493827160495 0.032552083333333336 0.05246913580246913
0 0.7124565972222222 0.11882716049382716 0.03342013888888889 0.047839506172839504