0 0.10872395833333333 0.44405864197530864 0.2165798611111111 0.29398148148148145
0 0.3016493055555556 0.03819444444444445 0.06336805555555555 0.05632716049382716
0 0.7762586805555556 0.2037037037037037 0.10199652777777778 0.1111111111111111
0 0.384765625 0.1736111111111111 0.10546875 0.11265432098765432
0 0.5787760416666666 0.11496913580246913 0.05946180555555555 0.07561728395061729
0 0.3914930555555556 0.047839506172839504 0.036458333333333336 0.032407407407407406
0 0.3674045138888889 0.031635802469135804 0.039496527777777776 0.029320987654320986
0 0.2072482638888889 0.03356481481481482 0.03428819444444445 0.03009259259259259
0 0.6319444444444444 0.09529320987654322 0.04600694444444445 0.04398148148148148
0 0.6775173611111112 0.09066358024691358 0.041666666666666664 0.06095679012345679
1 0.6063368055555556 0.35185185185185186 0.04861111111111111 0.20679012345679013
0 0.4468315972222222 0.02700617283950617 0.08897569444444445 0.05246913580246913
0 0.7862413194444444 0.1095679012345679 0.021267361111111112 0.033950617283950615
0 0.7235243055555556 0.11766975308641975 0.033854166666666664 0.05015432098765432