0 0.08116319444444445 0.6296296296296297 0.16145833333333334 0.38425925925925924
0 0.5577256944444444 0.08680555555555555 0.05555555555555555 0.04552469135802469
0 0.038411458333333336 0.3263888888888889 0.0759548611111111 0.1882716049382716
0 0.6690538194444444 0.10493827160493827 0.038628472222222224 0.047839506172839504
0 0.4542100694444444 0.1570216049382716 0.1072048611111111 0.11342592592592593
0 0.3493923611111111 0.05285493827160494 0.0546875 0.04243827160493827
0 0.1918402777777778 0.037037037037037035 0.04774305555555555 0.032407407407407406
0 0.2309027777777778 0.04050925925925926 0.0390625 0.033179012345679014
0 0.294921875 0.043209876543209874 0.046440972222222224 0.037037037037037035
0 0.7881944444444444 0.15162037037037038 0.1328125 0.11805555555555555
0 0.3967013888888889 0.03587962962962963 0.033854166666666664 0.023919753086419752
1 0.8114149305555556 0.3931327160493827 0.039496527777777776 0.2044753086419753
0 0.4049479166666667 0.04938271604938271 0.0390625 0.035493827160493825
0 0.4683159722222222 0.03819444444444445 0.025173611111111112 0.03009259259259259
0 0.7120225694444444 0.11574074074074074 0.03515625 0.04938271604938271
0 0.4010416666666667 0.032407407407407406 0.034722222222222224 0.023148148148148147