0 0.7517361111111112 0.25 0.17100694444444445 0.1882716049382716
0 0.18663194444444445 0.7341820987654321 0.3706597222222222 0.5023148148148148
0 0.5023871527777778 0.16628086419753085 0.0959201388888889 0.0933641975308642
0 0.591796875 0.27469135802469136 0.1931423611111111 0.15123456790123457
0 0.3539496527777778 0.05401234567901234 0.05251736111111111 0.040123456790123455
0 0.8441840277777778 0.19675925925925927 0.052083333333333336 0.06327160493827161
0 0.6124131944444444 0.10570987654320987 0.06076388888888889 0.05401234567901234
0 0.4926215277777778 0.08410493827160494 0.041666666666666664 0.041666666666666664
0 0.5533854166666666 0.09915123456790123 0.07118055555555555 0.0470679012345679
0 0.2319878472222222 0.04205246913580247 0.039496527777777776 0.033179012345679014
0 0.6519097222222222 0.10570987654320987 0.0546875 0.05709876543209876
0 0.2868923611111111 0.046296296296296294 0.046875 0.032407407407407406
0 0.41015625 0.06597222222222222 0.041666666666666664 0.033179012345679014
0 0.8003472222222222 0.10146604938271606 0.019965277777777776 0.03780864197530864
0 0.4689670138888889 0.05015432098765432 0.024739583333333332 0.027777777777777776
1 0.6245659722222222 0.9197530864197531 0.125 0.15895061728395063
1 0.3995225694444444 0.9232253086419753 0.12022569444444445 0.15354938271604937
1 0.1675347222222222 0.9510030864197531 0.08940972222222222 0.09799382716049383
0 0.2916666666666667 0.03125 0.050347222222222224 0.04552469135802469
0 0.2417534722222222 0.02546296296296296 0.03298611111111111 0.032407407407407406
0 0.3619791666666667 0.04398148148148148 0.05555555555555555 0.037037037037037035
0 0.5618489583333334 0.08294753086419752 0.04991319444444445 0.03780864197530864
0 0.7296006944444444 0.1408179012345679 0.07291666666666667 0.04398148148148148
0 0.3980034722222222 0.044753086419753084 0.0234375 0.029320987654320986