0 0.5321180555555556 0.27199074074074076 0.1605902777777778 0.14891975308641975
0 0.5496961805555556 0.18171296296296297 0.11762152777777778 0.11496913580246913
0 0.5607638888888888 0.11728395061728394 0.06076388888888889 0.04938271604938271
0 0.3806423611111111 0.043209876543209874 0.03819444444444445 0.038580246913580245
0 0.7335069444444444 0.17824074074074073 0.07465277777777778 0.06790123456790123
0 0.8556857638888888 0.20601851851851852 0.03602430555555555 0.044753086419753084
0 0.7135416666666666 0.11728395061728394 0.036458333333333336 0.046296296296296294
0 0.18359375 0.06674382716049383 0.05642361111111111 0.08101851851851852
0 0.22374131944444445 0.033950617283950615 0.04296875 0.026234567901234566
0 0.2784288194444444 0.03125 0.039496527777777776 0.02700617283950617
0 0.2591145833333333 0.02044753086419753 0.052083333333333336 0.03780864197530864
0 0.3637152777777778 0.023919753086419752 0.0876736111111111 0.046296296296296294
0 0.4937065972222222 0.03819444444444445 0.04296875 0.02700617283950617
1 0.6976996527777778 0.652391975308642 0.0881076388888889 0.43287037037037035
1 0.6397569444444444 0.6010802469135802 0.07291666666666667 0.3533950617283951