0 0.5028211805555556 0.14429012345679013 0.0759548611111111 0.08024691358024691
0 0.3430989583333333 0.05246913580246913 0.054253472222222224 0.037037037037037035
0 0.08116319444444445 0.6234567901234568 0.16145833333333334 0.38271604938271603
0 0.54296875 0.08757716049382716 0.06770833333333333 0.05478395061728395
0 0.49609375 0.03780864197530864 0.03819444444444445 0.033950617283950615
0 0.228515625 0.03935185185185185 0.040364583333333336 0.035493827160493825
0 0.771484375 0.1574074074074074 0.07942708333333333 0.0787037037037037
0 0.3736979166666667 0.04205246913580247 0.0234375 0.03009259259259259
0 0.3914930555555556 0.03356481481481482 0.035590277777777776 0.031635802469135804
0 0.4702690972222222 0.04398148148148148 0.029079861111111112 0.026234567901234566
0 0.3055555555555556 0.043209876543209874 0.044270833333333336 0.037037037037037035
1 0.7495659722222222 0.7013888888888888 0.1640625 0.37808641975308643
1 0.8389756944444444 0.3923611111111111 0.04079861111111111 0.19367283950617284
1 0.5407986111111112 0.8746141975308642 0.12760416666666666 0.2507716049382716
0 0.205078125 0.03935185185185185 0.03515625 0.032407407407407406
0 0.7105034722222222 0.11921296296296297 0.03298611111111111 0.05787037037037037
0 0.2769097222222222 0.03973765432098766 0.016493055555555556 0.033179012345679014
0 0.16927083333333334 0.038580246913580245 0.026909722222222224 0.029320987654320986
0 0.7983940972222222 0.10725308641975309 0.017795138888888888 0.027777777777777776