0 0.2133246527777778 0.03935185185185185 0.04383680555555555 0.032407407407407406
0 0.2009548611111111 0.22183641975308643 0.2465277777777778 0.20601851851851852
0 0.5201822916666666 0.05478395061728395 0.08289930555555555 0.09259259259259259
0 0.6247829861111112 0.10841049382716049 0.04904513888888889 0.05941358024691358
0 0.3519965277777778 0.05555555555555555 0.05295138888888889 0.038580246913580245
0 0.3170572916666667 0.027777777777777776 0.03602430555555555 0.027777777777777776
0 0.6794704861111112 0.10686728395061729 0.029947916666666668 0.03935185185185185
0 0.2873263888888889 0.04205246913580247 0.03993055555555555 0.04243827160493827
0 0.392578125 0.04861111111111111 0.04210069444444445 0.038580246913580245
0 0.6983506944444444 0.14390432098765432 0.035590277777777776 0.05015432098765432
1 0.4865451388888889 0.8792438271604939 0.14756944444444445 0.24151234567901234