0 0.18294270833333334 0.7893518518518519 0.3606770833333333 0.4212962962962963
0 0.6167534722222222 0.11419753086419752 0.0703125 0.05709876543209876
0 0.7875434027777778 0.1697530864197531 0.08550347222222222 0.06327160493827161
0 0.3678385416666667 0.056712962962962965 0.055989583333333336 0.04089506172839506
0 0.6592881944444444 0.11188271604938271 0.04513888888888889 0.04938271604938271
0 0.5358072916666666 0.09297839506172839 0.06380208333333333 0.04398148148148148
0 0.2996961805555556 0.04822530864197531 0.04991319444444445 0.03009259259259259
0 0.5779079861111112 0.08641975308641975 0.04296875 0.041666666666666664
0 0.2072482638888889 0.03935185185185185 0.038628472222222224 0.032407407407407406
0 0.5073784722222222 0.08024691358024691 0.046875 0.037037037037037035
0 0.23936631944444445 0.04243827160493827 0.02734375 0.026234567901234566
0 0.4036458333333333 0.029320987654320986 0.035590277777777776 0.032407407407407406
0 0.328125 0.04205246913580247 0.03125 0.033179012345679014
1 0.3763020833333333 0.6419753086419753 0.13802083333333334 0.4182098765432099
1 0.12955729166666666 0.14737654320987653 0.026475694444444444 0.09259259259259259
0 0.2348090277777778 0.023148148148148147 0.03298611111111111 0.024691358024691357
0 0.2786458333333333 0.03935185185185185 0.024305555555555556 0.032407407407407406
0 0.4674479166666667 0.05709876543209876 0.019965277777777776 0.037037037037037035
0 0.4845920138888889 0.04128086419753087 0.032552083333333336 0.023919753086419752
0 0.4032118055555556 0.04976851851851852 0.028645833333333332 0.034722222222222224