0 0.2131076388888889 0.03973765432098766 0.04513888888888889 0.034722222222222224
0 0.3400607638888889 0.04976851851851852 0.037760416666666664 0.036265432098765434
0 0.5208333333333334 0.11689814814814815 0.06944444444444445 0.09027777777777778
0 0.6918402777777778 0.24112654320987653 0.1605902777777778 0.13194444444444445
0 0.8209635416666666 0.15895061728395063 0.09852430555555555 0.13734567901234568
0 0.6688368055555556 0.10416666666666667 0.043402777777777776 0.047839506172839504
0 0.3793402777777778 0.045910493827160496 0.03298611111111111 0.03009259259259259
0 0.3174913194444444 0.028935185185185185 0.029947916666666668 0.023919753086419752
0 0.6278211805555556 0.16396604938271606 0.08463541666666667 0.08564814814814815
0 0.5889756944444444 0.1385030864197531 0.05555555555555555 0.07175925925925926
0 0.2829861111111111 0.041666666666666664 0.042534722222222224 0.044753086419753084
0 0.5805121527777778 0.09992283950617284 0.06553819444444445 0.04552469135802469
0 0.3910590277777778 0.02816358024691358 0.03993055555555555 0.02700617283950617
0 0.4917534722222222 0.06404320987654322 0.044270833333333336 0.033950617283950615
1 0.7037760416666666 0.3819444444444444 0.055121527777777776 0.21296296296296297