0 0.171875 0.2179783950617284 0.18663194444444445 0.1412037037037037
0 0.6380208333333334 0.1871141975308642 0.0842013888888889 0.1087962962962963
0 0.5859375 0.10262345679012345 0.059895833333333336 0.05092592592592592
0 0.8370225694444444 0.29050925925925924 0.053385416666666664 0.11959876543209877
0 0.7918836805555556 0.16859567901234568 0.0646701388888889 0.05324074074074074
0 0.3370225694444444 0.04050925925925926 0.03342013888888889 0.03009259259259259
0 0.4945746527777778 0.038580246913580245 0.031684027777777776 0.021604938271604937
0 0.3758680555555556 0.048996913580246916 0.041666666666666664 0.033179012345679014
0 0.2766927083333333 0.03433641975308642 0.03428819444444445 0.02854938271604938
0 0.3170572916666667 0.025848765432098766 0.02734375 0.023919753086419752
0 0.23567708333333334 0.04089506172839506 0.03298611111111111 0.030864197530864196
0 0.4084201388888889 0.04050925925925926 0.025173611111111112 0.02546296296296296
0 0.4644097222222222 0.037037037037037035 0.020833333333333332 0.021604938271604937
1 0.4118923611111111 0.9224537037037037 0.1293402777777778 0.15354938271604937
0 0.7007378472222222 0.16782407407407407 0.047309027777777776 0.07947530864197531
0 0.7202690972222222 0.09490740740740741 0.03515625 0.05864197530864197
0 0.7510850694444444 0.11766975308641975 0.024739583333333332 0.034722222222222224
0 0.7808159722222222 0.10841049382716049 0.025173611111111112 0.03009259259259259