0 0.3778211805555556 0.2762345679012346 0.2287326388888889 0.22530864197530864
0 0.18489583333333334 0.7874228395061729 0.3602430555555556 0.4251543209876543
0 0.5180121527777778 0.0798611111111111 0.06380208333333333 0.04552469135802469
0 0.5611979166666666 0.09837962962962964 0.0685763888888889 0.04861111111111111
0 0.244140625 0.2195216049382716 0.13585069444444445 0.1396604938271605
0 0.6414930555555556 0.11574074074074074 0.06163194444444445 0.05709876543209876
0 0.2914496527777778 0.045910493827160496 0.045572916666666664 0.036265432098765434
0 0.23502604166666666 0.04282407407407408 0.037760416666666664 0.03009259259259259
0 0.3493923611111111 0.053626543209876545 0.04861111111111111 0.036265432098765434
0 0.4086371527777778 0.06481481481481481 0.04296875 0.046296296296296294
0 0.7272135416666666 0.16512345679012347 0.10546875 0.06327160493827161
0 0.328125 0.03935185185185185 0.033854166666666664 0.029320987654320986
1 0.016276041666666668 0.23148148148148148 0.022135416666666668 0.11574074074074074
0 0.2243923611111111 0.024691358024691357 0.050347222222222224 0.044753086419753084
0 0.3517795138888889 0.017361111111111112 0.04904513888888889 0.033179012345679014
0 0.4036458333333333 0.030864197530864196 0.034722222222222224 0.026234567901234566
0 0.48828125 0.04128086419753087 0.036458333333333336 0.020833333333333332
0 0.1694878472222222 0.03973765432098766 0.026475694444444444 0.033179012345679014