0 0.5870225694444444 0.18595679012345678 0.1427951388888889 0.1404320987654321
0 0.6662326388888888 0.10648148148148148 0.033854166666666664 0.037037037037037035
0 0.3899739583333333 0.06172839506172839 0.04383680555555555 0.035493827160493825
0 0.5894097222222222 0.10648148148148148 0.07465277777777778 0.06018518518518518
0 0.4780815972222222 0.038580246913580245 0.031684027777777776 0.020061728395061727
0 0.8348524305555556 0.2010030864197531 0.07074652777777778 0.06404320987654322
0 0.71484375 0.11766975308641975 0.03298611111111111 0.04243827160493827
0 0.6282552083333334 0.10686728395061729 0.03689236111111111 0.0470679012345679
0 0.232421875 0.04359567901234568 0.045572916666666664 0.033179012345679014
0 0.1931423611111111 0.023148148148148147 0.042534722222222224 0.044753086419753084
1 0.6825086805555556 0.6277006172839507 0.08897569444444445 0.3912037037037037
1 0.07899305555555555 0.16512345679012347 0.019097222222222224 0.09259259259259259