0 0.08094618055555555 0.24614197530864199 0.15755208333333334 0.15123456790123457
0 0.4025607638888889 0.06597222222222222 0.055121527777777776 0.04089506172839506
0 0.3298611111111111 0.052083333333333336 0.0546875 0.04243827160493827
0 0.4175347222222222 0.16705246913580246 0.09809027777777778 0.10108024691358025
0 0.21006944444444445 0.038580246913580245 0.04079861111111111 0.032407407407407406
0 0.3715277777777778 0.03510802469135803 0.0390625 0.031635802469135804
0 0.2660590277777778 0.04050925925925926 0.050347222222222224 0.033179012345679014
1 0.6293402777777778 0.6412037037037037 0.12760416666666666 0.41512345679012347
0 0.3129340277777778 0.030478395061728395 0.03819444444444445 0.02700617283950617
0 0.4001736111111111 0.031635802469135804 0.041666666666666664 0.033950617283950615
0 0.4958767361111111 0.04128086419753087 0.03515625 0.02700617283950617
0 0.7491319444444444 0.09529320987654322 0.03125 0.04861111111111111
0 0.7901475694444444 0.09452160493827161 0.030815972222222224 0.036265432098765434