0 0.5544704861111112 0.18287037037037038 0.12890625 0.09104938271604938
0 0.5850694444444444 0.1087962962962963 0.06076388888888889 0.06481481481481481
0 0.6486545138888888 0.2665895061728395 0.1584201388888889 0.14429012345679013
0 0.208984375 0.04089506172839506 0.04383680555555555 0.035493827160493825
0 0.6512586805555556 0.14853395061728394 0.047309027777777776 0.07175925925925926
0 0.2667100694444444 0.03935185185185185 0.047309027777777776 0.040123456790123455
0 0.5021701388888888 0.1400462962962963 0.0642361111111111 0.06558641975308642
0 0.3550347222222222 0.029320987654320986 0.03819444444444445 0.026234567901234566
0 0.6981336805555556 0.13040123456790123 0.053385416666666664 0.06790123456790123
0 0.4216579861111111 0.05864197530864197 0.021267361111111112 0.026234567901234566
0 0.3294270833333333 0.038580246913580245 0.03298611111111111 0.038580246913580245
0 0.3891059027777778 0.046296296296296294 0.040364583333333336 0.030864197530864196
1 0.08116319444444445 0.21064814814814814 0.020833333333333332 0.11728395061728394
0 0.4811197916666667 0.04282407407407408 0.038628472222222224 0.02546296296296296