0 0.13368055555555555 0.8167438271604939 0.2664930555555556 0.36651234567901236
0 0.6004774305555556 0.2689043209876543 0.18619791666666666 0.1396604938271605
0 0.5483940972222222 0.09066358024691358 0.06380208333333333 0.0470679012345679
0 0.3880208333333333 0.12152777777777778 0.059027777777777776 0.08256172839506173
0 0.4730902777777778 0.04128086419753087 0.03298611111111111 0.03009259259259259
0 0.3921440972222222 0.04976851851851852 0.040364583333333336 0.036265432098765434
0 0.3376736111111111 0.04861111111111111 0.06336805555555555 0.05246913580246913
0 0.2836371527777778 0.04359567901234568 0.03515625 0.03780864197530864
0 0.6488715277777778 0.10493827160493827 0.043402777777777776 0.04938271604938271
0 0.21397569444444445 0.03935185185185185 0.043402777777777776 0.035493827160493825
1 0.7465277777777778 0.5223765432098766 0.0642361111111111 0.2839506172839506
1 0.6716579861111112 0.5466820987654321 0.054253472222222224 0.2507716049382716
0 0.7452256944444444 0.26157407407407407 0.14756944444444445 0.15432098765432098
0 0.8357204861111112 0.1878858024691358 0.0681423611111111 0.06558641975308642
0 0.78515625 0.11188271604938271 0.021701388888888888 0.027777777777777776
0 0.693359375 0.1261574074074074 0.07682291666666667 0.05169753086419753