0 0.1857638888888889 0.7862654320987654 0.3619791666666667 0.42746913580246915
0 0.8287760416666666 0.3125 0.0681423611111111 0.11728395061728394
0 0.3802083333333333 0.06018518518518518 0.05642361111111111 0.040123456790123455
0 0.6254340277777778 0.08333333333333333 0.09722222222222222 0.10030864197530864
0 0.8031684027777778 0.16820987654320987 0.07769097222222222 0.06635802469135803
0 0.4819878472222222 0.0775462962962963 0.039496527777777776 0.0470679012345679
0 0.19639756944444445 0.04089506172839506 0.039496527777777776 0.032407407407407406
0 0.3168402777777778 0.047453703703703706 0.050347222222222224 0.03780864197530864
0 0.2615017361111111 0.04089506172839506 0.04991319444444445 0.033950617283950615
0 0.3899739583333333 0.035493827160493825 0.03602430555555555 0.029320987654320986
1 0.5104166666666666 0.3167438271604938 0.0390625 0.19212962962962962
0 0.357421875 0.04436728395061729 0.038628472222222224 0.03935185185185185