0 0.1853298611111111 0.7889660493827161 0.3602430555555556 0.4220679012345679
0 0.6263020833333334 0.10416666666666667 0.06076388888888889 0.05092592592592592
0 0.3630642361111111 0.08834876543209877 0.06380208333333333 0.05324074074074074
0 0.5345052083333334 0.09027777777777778 0.06380208333333333 0.04938271604938271
0 0.3452690972222222 0.05401234567901234 0.055989583333333336 0.033950617283950615
0 0.2269965277777778 0.04128086419753087 0.046875 0.034722222222222224
0 0.4735243055555556 0.06751543209876543 0.03298611111111111 0.03935185185185185
0 0.2884114583333333 0.04436728395061729 0.04904513888888889 0.03780864197530864
0 0.3062065972222222 0.05092592592592592 0.028211805555555556 0.027777777777777776
0 0.5004340277777778 0.04128086419753087 0.03211805555555555 0.017746913580246913
0 0.7395833333333334 0.15856481481481483 0.09114583333333333 0.0625
0 0.4053819444444444 0.052083333333333336 0.033854166666666664 0.034722222222222224
1 0.5726996527777778 0.8306327160493827 0.15147569444444445 0.33719135802469136
0 0.3704427083333333 0.048996913580246916 0.047309027777777776 0.04398148148148148
0 0.845703125 0.2017746913580247 0.053385416666666664 0.05015432098765432
0 0.7508680555555556 0.09375 0.026041666666666668 0.04243827160493827