0 0.16666666666666666 0.24189814814814814 0.18055555555555555 0.16280864197530864
0 0.5462239583333334 0.0941358024691358 0.06380208333333333 0.043209876543209874
0 0.494140625 0.08217592592592593 0.045572916666666664 0.0470679012345679
0 0.18098958333333334 0.7912808641975309 0.3611111111111111 0.4174382716049383
0 0.5147569444444444 0.23109567901234568 0.2786458333333333 0.2199074074074074
0 0.2126736111111111 0.04128086419753087 0.04513888888888889 0.034722222222222224
0 0.3980034722222222 0.06442901234567901 0.03993055555555555 0.036265432098765434
0 0.4965277777777778 0.03742283950617284 0.03732638888888889 0.023919753086419752
0 0.6263020833333334 0.1396604938271605 0.06944444444444445 0.044753086419753084
0 0.3266059027777778 0.04513888888888889 0.05946180555555555 0.04552469135802469
0 0.3804253472222222 0.04552469135802469 0.03342013888888889 0.026234567901234566
0 0.8135850694444444 0.18981481481481483 0.08289930555555555 0.06327160493827161
0 0.6970486111111112 0.0941358024691358 0.04079861111111111 0.047839506172839504
0 0.6273871527777778 0.10725308641975309 0.062065972222222224 0.037037037037037035
0 0.2795138888888889 0.04398148148148148 0.03732638888888889 0.037037037037037035
0 0.3834635416666667 0.03125 0.039496527777777776 0.02700617283950617
1 0.6946614583333334 0.5111882716049383 0.08984375 0.3449074074074074