0 0.5143229166666666 0.20023148148148148 0.2612847222222222 0.2631172839506173
0 0.6566840277777778 0.10262345679012345 0.0390625 0.044753086419753084
0 0.8357204861111112 0.31790123456790126 0.05164930555555555 0.11574074074074074
0 0.2699652777777778 0.03356481481481482 0.043402777777777776 0.031635802469135804
0 0.7176649305555556 0.1712962962962963 0.08984375 0.07561728395061729
0 0.3676215277777778 0.04938271604938271 0.041666666666666664 0.030864197530864196
0 0.3098958333333333 0.024691358024691357 0.036458333333333336 0.030864197530864196
0 0.8461371527777778 0.19907407407407407 0.04470486111111111 0.05555555555555555
0 0.3897569444444444 0.03665123456790124 0.03125 0.02700617283950617
0 0.234375 0.02816358024691358 0.0720486111111111 0.05478395061728395
0 0.7152777777777778 0.11574074074074074 0.03298611111111111 0.040123456790123455
1 0.7970920138888888 0.3993055555555556 0.04991319444444445 0.20910493827160495
0 0.3365885416666667 0.04089506172839506 0.03515625 0.037037037037037035
0 0.4680989583333333 0.04050925925925926 0.024739583333333332 0.02700617283950617
0 0.7680121527777778 0.1111111111111111 0.025607638888888888 0.030864197530864196