0 0.3572048611111111 0.1739969135802469 0.1189236111111111 0.11188271604938271
0 0.5043402777777778 0.1732253086419753 0.09375 0.09799382716049383
0 0.5564236111111112 0.09645061728395062 0.06163194444444445 0.05401234567901234
0 0.3493923611111111 0.050540123456790126 0.0546875 0.04398148148148148
0 0.6857638888888888 0.13194444444444445 0.0720486111111111 0.06327160493827161
0 0.4930555555555556 0.08024691358024691 0.04079861111111111 0.043209876543209874
0 0.4055989583333333 0.0628858024691358 0.05164930555555555 0.04243827160493827
0 0.6614583333333334 0.09104938271604938 0.052083333333333336 0.06944444444444445
0 0.4733072916666667 0.04050925925925926 0.029079861111111112 0.02546296296296296
1 0.724609375 0.37885802469135804 0.039496527777777776 0.19907407407407407
1 0.7838541666666666 0.3846450617283951 0.043402777777777776 0.19830246913580246
0 0.7888454861111112 0.16358024691358025 0.1037326388888889 0.09567901234567901
0 0.5512152777777778 0.07677469135802469 0.049479166666666664 0.02854938271604938
0 0.40625 0.03356481481481482 0.036458333333333336 0.02854938271604938
0 0.2977430555555556 0.041666666666666664 0.035590277777777776 0.040123456790123455
0 0.2779947916666667 0.04089506172839506 0.029079861111111112 0.043209876543209874
0 0.21549479166666666 0.03935185185185185 0.047309027777777776 0.040123456790123455