0 0.4108072916666667 0.18441358024691357 0.1271701388888889 0.1095679012345679
0 0.5147569444444444 0.08294753086419752 0.06163194444444445 0.04398148148148148
0 0.3600260416666667 0.05632716049382716 0.05251736111111111 0.038580246913580245
0 0.22200520833333334 0.03896604938271605 0.048177083333333336 0.034722222222222224
0 0.6775173611111112 0.12037037037037036 0.06770833333333333 0.05555555555555555
0 0.8198784722222222 0.18595679012345678 0.09375 0.07407407407407407
0 0.2858072916666667 0.04089506172839506 0.039496527777777776 0.044753086419753084
0 0.3363715277777778 0.033950617283950615 0.035590277777777776 0.026234567901234566
0 0.3934461805555556 0.04822530864197531 0.028211805555555556 0.034722222222222224
0 0.6631944444444444 0.08796296296296297 0.033854166666666664 0.035493827160493825
1 0.2523871527777778 0.12268518518518519 0.015190972222222222 0.0787037037037037
0 0.5353732638888888 0.08101851851851852 0.04210069444444445 0.041666666666666664
0 0.5 0.03973765432098766 0.03125 0.019290123456790122
0 0.3181423611111111 0.03896604938271605 0.021701388888888888 0.036265432098765434