0 0.5607638888888888 0.11805555555555555 0.059895833333333336 0.05864197530864197
0 0.185546875 0.7854938271604939 0.3624131944444444 0.42901234567901236
0 0.3615451388888889 0.18479938271604937 0.1310763888888889 0.11651234567901235
0 0.830078125 0.3136574074074074 0.06553819444444445 0.1396604938271605
0 0.640625 0.10648148148148148 0.04513888888888889 0.04938271604938271
0 0.4947916666666667 0.08063271604938271 0.04861111111111111 0.0470679012345679
0 0.4040798611111111 0.06404320987654322 0.0546875 0.043209876543209874
0 0.3324652777777778 0.047839506172839504 0.05555555555555555 0.041666666666666664
0 0.3003472222222222 0.041666666666666664 0.041666666666666664 0.032407407407407406
0 0.70703125 0.10455246913580248 0.027777777777777776 0.04089506172839506
0 0.21158854166666666 0.04089506172839506 0.03602430555555555 0.029320987654320986
0 0.7517361111111112 0.16435185185185186 0.0720486111111111 0.06327160493827161
0 0.3546006944444444 0.015432098765432098 0.03298611111111111 0.021604938271604937
0 0.18250868055555555 0.035493827160493825 0.040364583333333336 0.030864197530864196
0 0.2560763888888889 0.04436728395061729 0.04513888888888889 0.034722222222222224
1 0.7237413194444444 0.5389660493827161 0.08289930555555555 0.35725308641975306
0 0.3719618055555556 0.05169753086419753 0.027777777777777776 0.040123456790123455
0 0.408203125 0.02970679012345679 0.020399305555555556 0.02854938271604938
0 0.4763454861111111 0.033950617283950615 0.037760416666666664 0.041666666666666664