0 0.4819878472222222 0.26851851851851855 0.1801215277777778 0.16512345679012347
0 0.3650173611111111 0.05941358024691358 0.052083333333333336 0.047839506172839504
0 0.20616319444444445 0.040123456790123455 0.035590277777777776 0.030864197530864196
0 0.607421875 0.09606481481481481 0.0681423611111111 0.07947530864197531
0 0.2823350694444444 0.04359567901234568 0.04383680555555555 0.03780864197530864
0 0.2424045138888889 0.029320987654320986 0.03342013888888889 0.030864197530864196
0 0.4809027777777778 0.062114197530864196 0.049479166666666664 0.06867283950617284
0 0.6701388888888888 0.10725308641975309 0.033854166666666664 0.038580246913580245
1 0.7131076388888888 0.3777006172839506 0.0390625 0.2013888888888889
1 0.7936197916666666 0.3900462962962963 0.04470486111111111 0.20601851851851852
0 0.8023003472222222 0.21141975308641975 0.0802951388888889 0.10030864197530864
0 0.7048611111111112 0.14891975308641975 0.04861111111111111 0.06635802469135803
0 0.705078125 0.10378086419753087 0.023003472222222224 0.03009259259259259
0 0.4969618055555556 0.03510802469135803 0.028645833333333332 0.031635802469135804
0 0.4025607638888889 0.03780864197530864 0.04296875 0.029320987654320986
0 0.3598090277777778 0.030478395061728395 0.036458333333333336 0.02700617283950617