0 0.1875 0.7395833333333334 0.3732638888888889 0.5084876543209876
0 0.7198350694444444 0.2966820987654321 0.1870659722222222 0.16126543209876543
0 0.5549045138888888 0.09915123456790123 0.07161458333333333 0.04861111111111111
0 0.3537326388888889 0.05401234567901234 0.0546875 0.038580246913580245
0 0.2319878472222222 0.03935185185185185 0.037760416666666664 0.033950617283950615
0 0.4913194444444444 0.08179012345679013 0.042534722222222224 0.044753086419753084
0 0.6041666666666666 0.09567901234567901 0.05381944444444445 0.05709876543209876
0 0.2892795138888889 0.047453703703703706 0.04210069444444445 0.031635802469135804
0 0.6640625 0.10455246913580248 0.0390625 0.03935185185185185
0 0.4817708333333333 0.03780864197530864 0.041666666666666664 0.032407407407407406
0 0.41015625 0.06442901234567901 0.04079861111111111 0.03935185185185185
0 0.392578125 0.022376543209876542 0.038628472222222224 0.027777777777777776
0 0.3465711805555556 0.04398148148148148 0.053385416666666664 0.040123456790123455
1 0.6156684027777778 0.8290895061728395 0.1228298611111111 0.341820987654321
0 0.2873263888888889 0.028935185185185185 0.049479166666666664 0.04089506172839506
0 0.7252604166666666 0.14583333333333334 0.07552083333333333 0.05864197530864197