0 0.6167534722222222 0.12152777777777778 0.0798611111111111 0.05787037037037037
0 0.5284288194444444 0.08989197530864197 0.06293402777777778 0.0470679012345679
0 0.8070746527777778 0.18441358024691357 0.07335069444444445 0.06944444444444445
0 0.3674045138888889 0.05709876543209876 0.05164930555555555 0.038580246913580245
0 0.2970920138888889 0.048996913580246916 0.04991319444444445 0.034722222222222224
0 0.4728732638888889 0.035493827160493825 0.031684027777777776 0.032407407407407406
0 0.2302517361111111 0.04282407407407408 0.038628472222222224 0.031635802469135804
0 0.3368055555555556 0.04436728395061729 0.044270833333333336 0.036265432098765434
0 0.662109375 0.10493827160493827 0.040364583333333336 0.04938271604938271
0 0.3671875 0.021604938271604937 0.050347222222222224 0.035493827160493825
1 0.1506076388888889 0.14930555555555555 0.020833333333333332 0.08719135802469136
1 0.1345486111111111 0.15007716049382716 0.018229166666666668 0.08873456790123457
1 0.018012152777777776 0.2056327160493827 0.017795138888888888 0.10570987654320987
0 0.16905381944444445 0.04089506172839506 0.025607638888888888 0.027777777777777776
0 0.4108072916666667 0.060570987654320986 0.038628472222222224 0.036265432098765434
0 0.5149739583333334 0.024305555555555556 0.055121527777777776 0.036265432098765434
0 0.7243923611111112 0.12345679012345678 0.036458333333333336 0.05401234567901234