0 0.185546875 0.7854938271604939 0.3615451388888889 0.42901234567901236
0 0.6286892361111112 0.10416666666666667 0.0646701388888889 0.044753086419753084
0 0.3036024305555556 0.04861111111111111 0.04991319444444445 0.037037037037037035
0 0.8328993055555556 0.19020061728395063 0.0720486111111111 0.07330246913580248
0 0.3368055555555556 0.036265432098765434 0.026909722222222224 0.037037037037037035
0 0.6818576388888888 0.10300925925925926 0.03298611111111111 0.04089506172839506
0 0.2126736111111111 0.04128086419753087 0.041666666666666664 0.03009259259259259
0 0.7191840277777778 0.09567901234567901 0.0390625 0.05864197530864197
0 0.2654079861111111 0.045910493827160496 0.04123263888888889 0.03780864197530864
0 0.6961805555555556 0.16049382716049382 0.08246527777777778 0.06635802469135803
1 0.412109375 0.22569444444444445 0.031684027777777776 0.1396604938271605
0 0.8292100694444444 0.1709104938271605 0.06380208333333333 0.03935185185185185