0 0.18467881944444445 0.38387345679012347 0.2582465277777778 0.2368827160493827
0 0.5475260416666666 0.10686728395061729 0.07161458333333333 0.11342592592592593
0 0.3621961805555556 0.043209876543209874 0.05078125 0.035493827160493825
0 0.3604600694444444 0.17592592592592593 0.10026041666666667 0.13271604938271606
0 0.3181423611111111 0.03279320987654321 0.044270833333333336 0.03009259259259259
0 0.19639756944444445 0.08449074074074074 0.05946180555555555 0.04861111111111111
0 0.5049913194444444 0.037037037037037035 0.037760416666666664 0.021604938271604937
0 0.771484375 0.21026234567901234 0.09505208333333333 0.09645061728395062
0 0.6796875 0.12692901234567902 0.0685763888888889 0.05632716049382716
0 0.7029079861111112 0.09143518518518519 0.038628472222222224 0.0470679012345679
0 0.7669270833333334 0.11188271604938271 0.019097222222222224 0.032407407407407406
0 0.8450520833333334 0.11728395061728394 0.019097222222222224 0.016975308641975308
0 0.20399305555555555 0.03665123456790124 0.04600694444444445 0.036265432098765434
0 0.23307291666666666 0.028935185185185185 0.03732638888888889 0.031635802469135804
1 0.7842881944444444 0.4791666666666667 0.06944444444444445 0.25462962962962965
1 0.03493923611111111 0.20833333333333334 0.02734375 0.11419753086419752