0 0.2897135416666667 0.09837962962962964 0.08116319444444445 0.06867283950617284
0 0.3676215277777778 0.031635802469135804 0.041666666666666664 0.027777777777777776
0 0.4142795138888889 0.1400462962962963 0.09505208333333333 0.09953703703703703
0 0.2209201388888889 0.04089506172839506 0.043402777777777776 0.030864197530864196
0 0.6959635416666666 0.12731481481481483 0.03342013888888889 0.05092592592592592
0 0.7743055555555556 0.10648148148148148 0.022569444444444444 0.035493827160493825
0 0.1642795138888889 0.0779320987654321 0.01953125 0.041666666666666664
0 0.4105902777777778 0.03665123456790124 0.018229166666666668 0.02700617283950617
0 0.5134548611111112 0.04050925925925926 0.026909722222222224 0.016203703703703703
1 0.6551649305555556 0.8113425925925926 0.1349826388888889 0.3757716049382716
1 0.08138020833333333 0.16280864197530864 0.022135416666666668 0.09567901234567901
1 0.10047743055555555 0.16049382716049382 0.017795138888888888 0.08796296296296297