0 0.2124565972222222 0.03935185185185185 0.04470486111111111 0.035493827160493825
0 0.21549479166666666 0.08641975308641975 0.05946180555555555 0.05401234567901234
0 0.5924479166666666 0.12924382716049382 0.058159722222222224 0.08101851851851852
0 0.6597222222222222 0.16203703703703703 0.0842013888888889 0.08487654320987655
0 0.3585069444444444 0.05594135802469136 0.05295138888888889 0.03935185185185185
0 0.7643229166666666 0.16628086419753085 0.0859375 0.06712962962962964
0 0.537109375 0.10841049382716049 0.05772569444444445 0.07947530864197531
0 0.28515625 0.04205246913580247 0.03993055555555555 0.04243827160493827
0 0.5264756944444444 0.07368827160493827 0.06510416666666667 0.04398148148148148
0 0.6668836805555556 0.10108024691358025 0.037760416666666664 0.040123456790123455
0 0.8444010416666666 0.3460648148148148 0.031684027777777776 0.1087962962962963
0 0.4789496527777778 0.040123456790123455 0.03515625 0.023148148148148147
0 0.3296440972222222 0.037037037037037035 0.02734375 0.029320987654320986
1 0.4615885416666667 0.27507716049382713 0.024739583333333332 0.15046296296296297
0 0.3980034722222222 0.05131172839506173 0.030381944444444444 0.03935185185185185
0 0.3478732638888889 0.027777777777777776 0.045572916666666664 0.032407407407407406
0 0.7150607638888888 0.11882716049382716 0.03428819444444445 0.046296296296296294