0 0.4468315972222222 0.1743827160493827 0.12369791666666667 0.10030864197530864
0 0.5110677083333334 0.0787037037037037 0.05859375 0.041666666666666664
0 0.6618923611111112 0.10609567901234568 0.043402777777777776 0.03935185185185185
0 0.3409288194444444 0.03433641975308642 0.04383680555555555 0.04089506172839506
0 0.2163628472222222 0.07947530864197531 0.06293402777777778 0.06172839506172839
0 0.57421875 0.10108024691358025 0.07378472222222222 0.05246913580246913
1 0.5119357638888888 0.33294753086419754 0.04210069444444445 0.19058641975308643
0 0.2074652777777778 0.034722222222222224 0.03732638888888889 0.035493827160493825
0 0.2621527777777778 0.038580246913580245 0.042534722222222224 0.043209876543209874
0 0.3170572916666667 0.029320987654320986 0.016059027777777776 0.030864197530864196
0 0.4733072916666667 0.03973765432098766 0.028211805555555556 0.036265432098765434
0 0.5186631944444444 0.03935185185185185 0.026909722222222224 0.013888888888888888
0 0.71875 0.12268518518518519 0.03819444444444445 0.05246913580246913
0 0.7404513888888888 0.11419753086419752 0.0234375 0.040123456790123455