0 0.0759548611111111 0.41242283950617287 0.15104166666666666 0.16898148148148148
0 0.5668402777777778 0.12307098765432099 0.059027777777777776 0.06712962962962964
0 0.08094618055555555 0.6300154320987654 0.16102430555555555 0.3819444444444444
0 0.04014756944444445 0.2924382716049383 0.07942708333333333 0.10030864197530864
0 0.18858506944444445 0.03742283950617284 0.04470486111111111 0.033179012345679014
0 0.3502604166666667 0.03202160493827161 0.03211805555555555 0.02546296296296296
0 0.2866753472222222 0.0470679012345679 0.04210069444444445 0.033950617283950615
0 0.23719618055555555 0.03202160493827161 0.032552083333333336 0.02700617283950617
0 0.3726128472222222 0.041666666666666664 0.025607638888888888 0.027777777777777776
0 0.4728732638888889 0.03819444444444445 0.031684027777777776 0.023919753086419752
0 0.4064670138888889 0.03279320987654321 0.02734375 0.02546296296296296
0 0.3018663194444444 0.027777777777777776 0.030815972222222224 0.026234567901234566
0 0.7758246527777778 0.17746913580246915 0.07161458333333333 0.10030864197530864
1 0.050347222222222224 0.19637345679012347 0.018229166666666668 0.1087962962962963