0 0.057942708333333336 0.2978395061728395 0.1150173611111111 0.2222222222222222
0 0.5805121527777778 0.10185185185185185 0.062065972222222224 0.05246913580246913
0 0.3498263888888889 0.05285493827160494 0.05555555555555555 0.04089506172839506
0 0.4921875 0.08024691358024691 0.03819444444444445 0.047839506172839504
0 0.7725694444444444 0.16589506172839505 0.08506944444444445 0.06018518518518518
0 0.4034288194444444 0.06172839506172839 0.039496527777777776 0.032407407407407406
0 0.3838975694444444 0.033950617283950615 0.039496527777777776 0.027777777777777776
0 0.21592881944444445 0.04089506172839506 0.046440972222222224 0.033950617283950615
0 0.4713541666666667 0.035493827160493825 0.030381944444444444 0.030864197530864196
0 0.3109809027777778 0.03125 0.03689236111111111 0.02854938271604938
1 0.7352430555555556 0.5131172839506173 0.06510416666666667 0.3271604938271605
1 0.7849392361111112 0.3869598765432099 0.04470486111111111 0.20756172839506173
1 0.6883680555555556 0.5034722222222222 0.059895833333333336 0.31867283950617287
1 0.7311197916666666 0.3414351851851852 0.039496527777777776 0.12731481481481483
0 0.7165798611111112 0.12770061728395063 0.043402777777777776 0.05941358024691358
0 0.2660590277777778 0.04398148148148148 0.04861111111111111 0.04938271604938271
0 0.5030381944444444 0.03819444444444445 0.030381944444444444 0.033179012345679014