0 0.2569444444444444 0.04205246913580247 0.051215277777777776 0.04089506172839506
0 0.8671875 0.2021604938271605 0.016493055555555556 0.037037037037037035
0 0.1677517361111111 0.0787037037037037 0.028211805555555556 0.046296296296296294
1 0.35546875 0.18942901234567902 0.026041666666666668 0.11805555555555555
1 0.38671875 0.18248456790123457 0.024305555555555556 0.12731481481481483
1 0.6304253472222222 0.8267746913580247 0.14453125 0.3449074074074074
1 0.4828559027777778 0.8645833333333334 0.14973958333333334 0.2708333333333333
1 0.5258246527777778 0.7091049382716049 0.09505208333333333 0.31790123456790126
0 0.3298611111111111 0.03665123456790124 0.04513888888888889 0.031635802469135804
0 0.419921875 0.052083333333333336 0.023003472222222224 0.02854938271604938
0 0.4811197916666667 0.037037037037037035 0.03515625 0.026234567901234566
0 0.6981336805555556 0.12885802469135801 0.045572916666666664 0.05709876543209876
0 0.734375 0.11766975308641975 0.024305555555555556 0.0470679012345679