0 0.3302951388888889 0.2847222222222222 0.19010416666666666 0.1867283950617284
0 0.5631510416666666 0.26350308641975306 0.16883680555555555 0.15046296296296297
0 0.4991319444444444 0.10416666666666667 0.057291666666666664 0.05555555555555555
0 0.7332899305555556 0.27044753086419754 0.17317708333333334 0.15817901234567902
0 0.3828125 0.16512345679012347 0.06336805555555555 0.09722222222222222
0 0.23372395833333334 0.08989197530864197 0.0681423611111111 0.05787037037037037
0 0.3650173611111111 0.04398148148148148 0.026041666666666668 0.029320987654320986
0 0.7743055555555556 0.16165123456790123 0.06336805555555555 0.06404320987654322
0 0.6651475694444444 0.10455246913580248 0.03428819444444445 0.03935185185185185
0 0.3804253472222222 0.12268518518518519 0.07421875 0.0787037037037037
0 0.3209635416666667 0.04976851851851852 0.05078125 0.04089506172839506
0 0.6085069444444444 0.1419753086419753 0.09809027777777778 0.05401234567901234
0 0.244140625 0.033179012345679014 0.045572916666666664 0.047839506172839504
0 0.6098090277777778 0.09953703703703703 0.04861111111111111 0.038580246913580245
0 0.4131944444444444 0.06327160493827161 0.041666666666666664 0.038580246913580245
0 0.4053819444444444 0.038580246913580245 0.033854166666666664 0.027777777777777776
0 0.18272569444444445 0.03819444444444445 0.049479166666666664 0.036265432098765434
0 0.2990451388888889 0.013888888888888888 0.0390625 0.026234567901234566
1 0.12044270833333333 0.15316358024691357 0.01953125 0.09027777777777778
0 0.2868923611111111 0.03973765432098766 0.021701388888888888 0.036265432098765434
0 0.2996961805555556 0.03665123456790124 0.025607638888888888 0.03009259259259259
0 0.4735243055555556 0.03896604938271605 0.03125 0.02546296296296296
0 0.6922743055555556 0.15625 0.0078125 0.033179012345679014
0 0.6961805555555556 0.10493827160493827 0.026909722222222224 0.033950617283950615