0 0.5653211805555556 0.09645061728395062 0.06901041666666667 0.04938271604938271
0 0.5049913194444444 0.2762345679012346 0.20182291666666666 0.15895061728395063
0 0.3409288194444444 0.05478395061728395 0.053385416666666664 0.038580246913580245
0 0.3823784722222222 0.043209876543209874 0.03298611111111111 0.029320987654320986
0 0.4928385416666667 0.04089506172839506 0.03342013888888889 0.027777777777777776
0 0.2575954861111111 0.044753086419753084 0.04470486111111111 0.040123456790123455
0 0.83984375 0.19521604938271606 0.06336805555555555 0.06790123456790123
1 0.4292534722222222 0.7874228395061729 0.12760416666666666 0.4236111111111111
1 0.5928819444444444 0.7685185185185185 0.10416666666666667 0.46141975308641975
1 0.1875 0.13580246913580246 0.015625 0.08024691358024691
1 0.7131076388888888 0.8194444444444444 0.1189236111111111 0.3611111111111111
0 0.20616319444444445 0.03819444444444445 0.0390625 0.03780864197530864
0 0.23958333333333334 0.02970679012345679 0.019097222222222224 0.02546296296296296
0 0.3198784722222222 0.030478395061728395 0.044270833333333336 0.02854938271604938
0 0.4136284722222222 0.03279320987654321 0.017361111111111112 0.02700617283950617
0 0.7884114583333334 0.11188271604938271 0.020399305555555556 0.026234567901234566
0 0.7881944444444444 0.09915123456790123 0.017361111111111112 0.02546296296296296