0 0.291015625 0.21141975308641975 0.15494791666666666 0.1419753086419753
0 0.2456597222222222 0.08603395061728394 0.0642361111111111 0.05324074074074074
0 0.5284288194444444 0.08989197530864197 0.06293402777777778 0.0470679012345679
0 0.8051215277777778 0.29012345679012347 0.1154513888888889 0.1558641975308642
0 0.3663194444444444 0.05709876543209876 0.051215277777777776 0.037037037037037035
0 0.6649305555555556 0.10223765432098765 0.052083333333333336 0.05169753086419753
0 0.2302517361111111 0.04050925925925926 0.04123263888888889 0.031635802469135804
0 0.8528645833333334 0.2048611111111111 0.03211805555555555 0.05787037037037037
0 0.2940538194444444 0.046296296296296294 0.05164930555555555 0.037037037037037035
0 0.4670138888888889 0.04128086419753087 0.026041666666666668 0.02546296296296296
0 0.7777777777777778 0.1095679012345679 0.019097222222222224 0.026234567901234566
0 0.3287760416666667 0.043209876543209874 0.030815972222222224 0.033950617283950615
0 0.7432725694444444 0.15779320987654322 0.0724826388888889 0.05632716049382716
0 0.3702256944444444 0.033179012345679014 0.025173611111111112 0.020061728395061727
1 0.2521701388888889 0.2692901234567901 0.027777777777777776 0.15123456790123457
0 0.3463541666666667 0.034722222222222224 0.034722222222222224 0.026234567901234566
0 0.4123263888888889 0.057484567901234566 0.036458333333333336 0.036265432098765434
0 0.7170138888888888 0.09837962962962964 0.027777777777777776 0.034722222222222224