0 0.17100694444444445 0.3429783950617284 0.2925347222222222 0.2847222222222222
0 0.08094618055555555 0.6319444444444444 0.16102430555555555 0.37808641975308643
0 0.4856770833333333 0.03433641975308642 0.041666666666666664 0.02854938271604938
0 0.6360677083333334 0.11033950617283951 0.06640625 0.05092592592592592
0 0.3309461805555556 0.03279320987654321 0.039496527777777776 0.02854938271604938
0 0.2777777777777778 0.03819444444444445 0.035590277777777776 0.034722222222222224
0 0.22743055555555555 0.03973765432098766 0.043402777777777776 0.034722222222222224
0 0.3825954861111111 0.04282407407407408 0.030815972222222224 0.031635802469135804
1 0.8161892361111112 0.4367283950617284 0.06553819444444445 0.2762345679012346
1 0.6475694444444444 0.626929012345679 0.09288194444444445 0.36651234567901236
0 0.3346354166666667 0.037037037037037035 0.019965277777777776 0.029320987654320986
0 0.3893229166666667 0.03279320987654321 0.04079861111111111 0.03009259259259259
0 0.7380642361111112 0.1385030864197531 0.05772569444444445 0.05324074074074074