0 0.185546875 0.785108024691358 0.3615451388888889 0.42978395061728397
0 0.6204427083333334 0.1253858024691358 0.08289930555555555 0.07175925925925926
0 0.8235677083333334 0.18557098765432098 0.07335069444444445 0.07330246913580248
0 0.3591579861111111 0.055169753086419755 0.04904513888888889 0.03935185185185185
0 0.3854166666666667 0.02700617283950617 0.06163194444444445 0.043209876543209874
0 0.6909722222222222 0.17939814814814814 0.08940972222222222 0.10570987654320987
0 0.23828125 0.04089506172839506 0.03211805555555555 0.030864197530864196
0 0.5030381944444444 0.035493827160493825 0.026909722222222224 0.020061728395061727
0 0.2986111111111111 0.048996913580246916 0.04861111111111111 0.034722222222222224
0 0.3307291666666667 0.02970679012345679 0.035590277777777776 0.02546296296296296
0 0.4650607638888889 0.040123456790123455 0.021267361111111112 0.024691358024691357
1 0.7311197916666666 0.6053240740740741 0.09331597222222222 0.3726851851851852
0 0.2912326388888889 0.028935185185185185 0.035590277777777776 0.022376543209876542
0 0.7417534722222222 0.10262345679012345 0.022569444444444444 0.027777777777777776