0 0.1247829861111111 0.25771604938271603 0.19835069444444445 0.19290123456790123
0 0.08116319444444445 0.6253858024691358 0.16145833333333334 0.38348765432098764
0 0.5444878472222222 0.09490740740740741 0.06640625 0.05401234567901234
0 0.3674045138888889 0.04861111111111111 0.04470486111111111 0.032407407407407406
0 0.4837239583333333 0.04050925925925926 0.028211805555555556 0.019290123456790122
0 0.3096788194444444 0.03125 0.040364583333333336 0.036265432098765434
0 0.7118055555555556 0.11882716049382716 0.03819444444444445 0.05092592592592592
0 0.22178819444444445 0.03009259259259259 0.058159722222222224 0.05864197530864197
0 0.8485243055555556 0.2029320987654321 0.042534722222222224 0.05092592592592592
0 0.3342013888888889 0.033950617283950615 0.026041666666666668 0.038580246913580245
1 0.8226996527777778 0.4085648148148148 0.039496527777777776 0.21373456790123457
0 0.4032118055555556 0.023919753086419752 0.030381944444444444 0.046296296296296294
0 0.5236545138888888 0.0775462962962963 0.04123263888888889 0.03935185185185185
0 0.8203125 0.10300925925925926 0.024305555555555556 0.02854938271604938
0 0.72265625 0.07716049382716049 0.036458333333333336 0.038580246913580245