0 0.5622829861111112 0.25733024691358025 0.1957465277777778 0.16435185185185186
0 0.5401475694444444 0.0941358024691358 0.061197916666666664 0.046296296296296294
0 0.3020833333333333 0.04513888888888889 0.046875 0.04089506172839506
0 0.6095920138888888 0.11419753086419752 0.06553819444444445 0.05709876543209876
0 0.3843315972222222 0.05787037037037037 0.062065972222222224 0.04938271604938271
0 0.5056423611111112 0.14467592592592593 0.07378472222222222 0.07484567901234568
0 0.4715711805555556 0.07677469135802469 0.030815972222222224 0.04243827160493827
0 0.3687065972222222 0.027391975308641976 0.046440972222222224 0.03780864197530864
1 0.8194444444444444 0.38387345679012347 0.041666666666666664 0.19830246913580246
1 0.7278645833333334 0.3800154320987654 0.04600694444444445 0.18904320987654322
0 0.8365885416666666 0.2013888888888889 0.05859375 0.07407407407407407
0 0.4735243055555556 0.04513888888888889 0.034722222222222224 0.03009259259259259
0 0.24609375 0.04282407407407408 0.050347222222222224 0.03935185185185185
0 0.2072482638888889 0.037037037037037035 0.037760416666666664 0.041666666666666664