0 0.5828993055555556 0.12924382716049382 0.08854166666666667 0.1412037037037037
0 0.08116319444444445 0.6246141975308642 0.16145833333333334 0.38503086419753085
0 0.3231336805555556 0.027777777777777776 0.037760416666666664 0.030864197530864196
0 0.7897135416666666 0.3082561728395062 0.1462673611111111 0.14429012345679013
0 0.22569444444444445 0.04282407407407408 0.043402777777777776 0.033179012345679014
0 0.4709201388888889 0.04050925925925926 0.030381944444444444 0.02546296296296296
0 0.3556857638888889 0.04282407407407408 0.03428819444444445 0.031635802469135804
0 0.4956597222222222 0.03742283950617284 0.026909722222222224 0.022376543209876542
0 0.3854166666666667 0.03896604938271605 0.026041666666666668 0.02546296296296296
0 0.20399305555555555 0.030478395061728395 0.033854166666666664 0.02854938271604938
1 0.5705295138888888 0.7943672839506173 0.10980902777777778 0.4097222222222222
0 0.3760850694444444 0.020833333333333332 0.04296875 0.021604938271604937