0 0.6325954861111112 0.1076388888888889 0.04991319444444445 0.04861111111111111
0 0.2085503472222222 0.043209876543209874 0.039496527777777776 0.033950617283950615
0 0.357421875 0.02816358024691358 0.031684027777777776 0.022376543209876542
0 0.2853732638888889 0.04398148148148148 0.037760416666666664 0.041666666666666664
0 0.7795138888888888 0.1739969135802469 0.09114583333333333 0.06712962962962964
0 0.7096354166666666 0.11921296296296297 0.03298611111111111 0.04552469135802469
0 0.6859809027777778 0.1099537037037037 0.031684027777777776 0.04398148148148148
0 0.4086371527777778 0.06327160493827161 0.045572916666666664 0.043209876543209874
0 0.4663628472222222 0.03742283950617284 0.025607638888888888 0.022376543209876542
0 0.22200520833333334 0.03279320987654321 0.039496527777777776 0.02546296296296296
1 0.8070746527777778 0.45447530864197533 0.053385416666666664 0.25