0 0.3669704861111111 0.05941358024691358 0.05251736111111111 0.040123456790123455
0 0.5744357638888888 0.10108024691358025 0.06293402777777778 0.05092592592592592
0 0.4993489583333333 0.08179012345679013 0.05772569444444445 0.05092592592592592
0 0.23524305555555555 0.08989197530864197 0.0642361111111111 0.06095679012345679
0 0.3895399305555556 0.13464506172839505 0.07855902777777778 0.08256172839506173
0 0.3368055555555556 0.03125 0.0390625 0.02700617283950617
0 0.2953559027777778 0.046296296296296294 0.05164930555555555 0.041666666666666664
0 0.3958333333333333 0.03780864197530864 0.042534722222222224 0.027777777777777776
0 0.4947916666666667 0.037037037037037035 0.03125 0.021604938271604937
0 0.6723090277777778 0.2507716049382716 0.1527777777777778 0.13580246913580246
0 0.6807725694444444 0.13773148148148148 0.07682291666666667 0.05478395061728395
0 0.6516927083333334 0.10030864197530864 0.04210069444444445 0.05092592592592592
0 0.6801215277777778 0.09490740740740741 0.022569444444444444 0.033950617283950615
0 0.70703125 0.09799382716049383 0.024305555555555556 0.033950617283950615
0 0.2309027777777778 0.04282407407407408 0.043402777777777776 0.03009259259259259
0 0.1892361111111111 0.03935185185185185 0.04079861111111111 0.032407407407407406
0 0.2834201388888889 0.023919753086419752 0.025173611111111112 0.016975308641975308
1 0.7076822916666666 0.5165895061728395 0.06380208333333333 0.31712962962962965
1 0.16536458333333334 0.7527006172839507 0.10243055555555555 0.35262345679012347
1 0.759765625 0.5594135802469136 0.055121527777777776 0.25925925925925924