0 0.2113715277777778 0.2326388888888889 0.1796875 0.15200617283950618
0 0.4105902777777778 0.28896604938271603 0.2048611111111111 0.1720679012345679
0 0.5672743055555556 0.09297839506172839 0.06944444444444445 0.05015432098765432
0 0.3400607638888889 0.02700617283950617 0.038628472222222224 0.024691358024691357
0 0.7074652777777778 0.1867283950617284 0.06163194444444445 0.08950617283950617
0 0.8009982638888888 0.1840277777777778 0.09244791666666667 0.07484567901234568
0 0.6883680555555556 0.11033950617283951 0.03211805555555555 0.040123456790123455
0 0.7348090277777778 0.09259259259259259 0.026041666666666668 0.04938271604938271
0 0.7690972222222222 0.10339506172839506 0.018229166666666668 0.020061728395061727
0 0.2586805555555556 0.03510802469135803 0.04513888888888889 0.04398148148148148
0 0.490234375 0.041666666666666664 0.031684027777777776 0.023148148148148147
1 0.5297309027777778 0.3148148148148148 0.03342013888888889 0.19444444444444445