0 0.15169270833333334 0.25655864197530864 0.2052951388888889 0.2044753086419753
0 0.5677083333333334 0.11265432098765432 0.07118055555555555 0.08179012345679013
0 0.3687065972222222 0.17631172839506173 0.11067708333333333 0.11959876543209877
0 0.13194444444444445 0.8194444444444444 0.2630208333333333 0.3611111111111111
0 0.8266059027777778 0.18981481481481483 0.08289930555555555 0.06635802469135803
0 0.3135850694444444 0.050540123456790126 0.046440972222222224 0.036265432098765434
0 0.7573784722222222 0.11574074074074074 0.026909722222222224 0.038580246913580245
0 0.2463107638888889 0.03973765432098766 0.04470486111111111 0.03935185185185185
1 0.7269965277777778 0.38117283950617287 0.05295138888888889 0.19598765432098766
1 0.7873263888888888 0.3923611111111111 0.03993055555555555 0.19984567901234568
0 0.8446180555555556 0.32060185185185186 0.034722222222222224 0.10108024691358025
0 0.7141927083333334 0.16898148148148148 0.05859375 0.07716049382716049
0 0.72265625 0.11882716049382716 0.035590277777777776 0.04938271604938271
1 0.045572916666666664 0.5929783950617284 0.06770833333333333 0.22762345679012347
0 0.19596354166666666 0.037037037037037035 0.03428819444444445 0.030864197530864196
0 0.28125 0.029320987654320986 0.035590277777777776 0.033950617283950615
0 0.3615451388888889 0.03819444444444445 0.026041666666666668 0.04243827160493827
0 0.3845486111111111 0.03510802469135803 0.025173611111111112 0.036265432098765434
0 0.4108072916666667 0.03742283950617284 0.021267361111111112 0.036265432098765434