0 0.2341579861111111 0.3082561728395062 0.2565104166666667 0.2152777777777778
0 0.3526475694444444 0.05594135802469136 0.054253472222222224 0.03935185185185185
0 0.5746527777777778 0.13078703703703703 0.049479166666666664 0.06558641975308642
0 0.7680121527777778 0.22685185185185186 0.08637152777777778 0.09876543209876543
0 0.1872829861111111 0.03935185185185185 0.04383680555555555 0.033950617283950615
0 0.2829861111111111 0.04205246913580247 0.034722222222222224 0.04552469135802469
0 0.8526475694444444 0.2056327160493827 0.03342013888888889 0.05169753086419753
0 0.4776475694444444 0.03819444444444445 0.03515625 0.023919753086419752
0 0.4088541666666667 0.033179012345679014 0.034722222222222224 0.06481481481481481
0 0.3331163194444444 0.03665123456790124 0.037760416666666664 0.03009259259259259
0 0.7866753472222222 0.10108024691358025 0.023003472222222224 0.040123456790123455
0 0.7022569444444444 0.12037037037037036 0.030381944444444444 0.041666666666666664
1 0.7957899305555556 0.44637345679012347 0.06380208333333333 0.2708333333333333
0 0.37109375 0.04128086419753087 0.024305555555555556 0.031635802469135804
0 0.2417534722222222 0.03125 0.020833333333333332 0.033179012345679014