0 0.4976128472222222 0.07716049382716049 0.048177083333333336 0.044753086419753084
0 0.3174913194444444 0.0763888888888889 0.12022569444444445 0.1419753086419753
0 0.1872829861111111 0.08449074074074074 0.061197916666666664 0.04861111111111111
0 0.2165798611111111 0.027391975308641976 0.052083333333333336 0.04861111111111111
0 0.7569444444444444 0.14814814814814814 0.0685763888888889 0.05555555555555555
1 0.7751736111111112 0.45023148148148145 0.052083333333333336 0.2337962962962963
1 0.39453125 0.2037037037037037 0.024305555555555556 0.13580246913580246
1 0.7328559027777778 0.4371141975308642 0.05164930555555555 0.24151234567901234
0 0.373046875 0.059027777777777776 0.039496527777777776 0.03935185185185185
0 0.384765625 0.033950617283950615 0.029079861111111112 0.029320987654320986
0 0.3719618055555556 0.025848765432098766 0.0625 0.04861111111111111
0 0.5086805555555556 0.04050925925925926 0.021701388888888888 0.019290123456790122