0 0.3400607638888889 0.1886574074074074 0.1384548611111111 0.12422839506172839
0 0.1343315972222222 0.8186728395061729 0.2677951388888889 0.3611111111111111
0 0.5516493055555556 0.09182098765432099 0.06944444444444445 0.05092592592592592
0 0.6688368055555556 0.10570987654320987 0.036458333333333336 0.041666666666666664
0 0.22526041666666666 0.043209876543209874 0.046875 0.037037037037037035
0 0.28125 0.043209876543209874 0.03732638888888889 0.035493827160493825
0 0.3595920138888889 0.057484567901234566 0.055121527777777776 0.03780864197530864
0 0.4014756944444444 0.050540123456790126 0.026041666666666668 0.03009259259259259
1 0.6217447916666666 0.7407407407407407 0.10633680555555555 0.4166666666666667
0 0.2923177083333333 0.03009259259259259 0.048177083333333336 0.035493827160493825
0 0.3298611111111111 0.030864197530864196 0.042534722222222224 0.033950617283950615
0 0.3745659722222222 0.033179012345679014 0.03125 0.029320987654320986
0 0.41796875 0.05439814814814815 0.0234375 0.036265432098765434
0 0.4724392361111111 0.04128086419753087 0.030815972222222224 0.034722222222222224
0 0.5032552083333334 0.04128086419753087 0.026475694444444444 0.02854938271604938
0 0.705078125 0.10725308641975309 0.02734375 0.040123456790123455
0 0.7243923611111112 0.12268518518518519 0.033854166666666664 0.05401234567901234