0 0.1872829861111111 0.3591820987654321 0.2921006944444444 0.26003086419753085
0 0.1872829861111111 0.7523148148148148 0.3736979166666667 0.4876543209876543
0 0.6184895833333334 0.15200617283950618 0.057291666666666664 0.06944444444444445
0 0.4496527777777778 0.1412037037037037 0.08680555555555555 0.09259259259259259
0 0.4919704861111111 0.08101851851851852 0.040364583333333336 0.047839506172839504
0 0.5464409722222222 0.08449074074074074 0.058159722222222224 0.03935185185185185
0 0.2326388888888889 0.04282407407407408 0.036458333333333336 0.03009259259259259
0 0.3411458333333333 0.043209876543209874 0.05295138888888889 0.040123456790123455
0 0.4856770833333333 0.04205246913580247 0.034722222222222224 0.02700617283950617
0 0.2853732638888889 0.02970679012345679 0.048177083333333336 0.04089506172839506
0 0.357421875 0.05864197530864197 0.05078125 0.040123456790123455
0 0.8196614583333334 0.18981481481481483 0.07942708333333333 0.06018518518518518
0 0.4110243055555556 0.06674382716049383 0.04079861111111111 0.033179012345679014
0 0.8511284722222222 0.28780864197530864 0.025173611111111112 0.125
1 0.1599392361111111 0.2037037037037037 0.022135416666666668 0.05555555555555555
0 0.2890625 0.047839506172839504 0.043402777777777776 0.037037037037037035
0 0.4010416666666667 0.052083333333333336 0.0390625 0.036265432098765434
0 0.5542534722222222 0.10185185185185185 0.0703125 0.046296296296296294
0 0.6514756944444444 0.1261574074074074 0.07465277777777778 0.05478395061728395
0 0.7606336805555556 0.1099537037037037 0.023003472222222224 0.04552469135802469
0 0.7371961805555556 0.1076388888888889 0.03602430555555555 0.06404320987654322