0 0.1870659722222222 0.7415123456790124 0.3715277777777778 0.5123456790123457
0 0.24110243055555555 0.059799382716049385 0.11067708333333333 0.11805555555555555
0 0.5648871527777778 0.27199074074074076 0.1775173611111111 0.1566358024691358
0 0.6701388888888888 0.10532407407407407 0.043402777777777776 0.04552469135802469
0 0.5531684027777778 0.10030864197530864 0.06901041666666667 0.043209876543209874
0 0.4919704861111111 0.08024691358024691 0.040364583333333336 0.047839506172839504
0 0.3559027777777778 0.056712962962962965 0.05381944444444445 0.04243827160493827
0 0.4108072916666667 0.06481481481481481 0.04296875 0.040123456790123455
0 0.38671875 0.03587962962962963 0.03125 0.02546296296296296
0 0.2953559027777778 0.04282407407407408 0.031684027777777776 0.04243827160493827
0 0.3444010416666667 0.037037037037037035 0.05772569444444445 0.04938271604938271
1 0.1430121527777778 0.2345679012345679 0.03342013888888889 0.15895061728395063
1 0.6050347222222222 0.7268518518518519 0.10503472222222222 0.4367283950617284
1 0.6703559027777778 0.8117283950617284 0.10546875 0.3765432098765432
0 0.78125 0.2029320987654321 0.1892361111111111 0.30709876543209874
0 0.5633680555555556 0.08796296296296297 0.0625 0.04938271604938271