0 0.1853298611111111 0.785108024691358 0.3602430555555556 0.42978395061728397
0 0.5271267361111112 0.27121913580246915 0.15928819444444445 0.1566358024691358
0 0.5980902777777778 0.1875 0.14149305555555555 0.14351851851851852
0 0.3576388888888889 0.1076388888888889 0.0842013888888889 0.06558641975308642
0 0.2087673611111111 0.2534722222222222 0.2048611111111111 0.1720679012345679
0 0.6369357638888888 0.10416666666666667 0.07161458333333333 0.05401234567901234
0 0.4991319444444444 0.07330246913580248 0.049479166666666664 0.040123456790123455
0 0.8307291666666666 0.22955246913580246 0.058159722222222224 0.08410493827160494
0 0.2085503472222222 0.040123456790123455 0.040364583333333336 0.032407407407407406
0 0.3098958333333333 0.047839506172839504 0.044270833333333336 0.033950617283950615
0 0.8250868055555556 0.1743827160493827 0.0685763888888889 0.047839506172839504
0 0.4761284722222222 0.030864197530864196 0.03819444444444445 0.033950617283950615
0 0.4084201388888889 0.03587962962962963 0.021701388888888888 0.023919753086419752
0 0.3624131944444444 0.04976851851851852 0.04600694444444445 0.033179012345679014
0 0.3873697916666667 0.0625 0.029947916666666668 0.030864197530864196
1 0.1423611111111111 0.14737654320987653 0.018229166666666668 0.08333333333333333
0 0.2591145833333333 0.045910493827160496 0.043402777777777776 0.033179012345679014
0 0.2845052083333333 0.03587962962962963 0.023871527777777776 0.03780864197530864
0 0.4029947916666667 0.05478395061728395 0.028211805555555556 0.033950617283950615
0 0.4895833333333333 0.04359567901234568 0.035590277777777776 0.019290123456790122