0 0.1875 0.7418981481481481 0.3732638888888889 0.5115740740740741
0 0.5707465277777778 0.09992283950617284 0.0625 0.05169753086419753
0 0.5006510416666666 0.08333333333333333 0.055989583333333336 0.046296296296296294
0 0.3328993055555556 0.05285493827160494 0.050347222222222224 0.036265432098765434
0 0.11024305555555555 0.27044753086419754 0.1918402777777778 0.1720679012345679
0 0.5425347222222222 0.29205246913580246 0.18663194444444445 0.15817901234567902
0 0.5572916666666666 0.19290123456790123 0.1293402777777778 0.1111111111111111
0 0.728515625 0.2364969135802469 0.1384548611111111 0.12268518518518519
0 0.6393229166666666 0.14891975308641975 0.0998263888888889 0.07098765432098765
0 0.19401041666666666 0.07330246913580248 0.07899305555555555 0.07098765432098765
0 0.7879774305555556 0.16165123456790123 0.08897569444444445 0.0763888888888889
0 0.4069010416666667 0.06712962962962964 0.020399305555555556 0.032407407407407406
0 0.2521701388888889 0.043209876543209874 0.04513888888888889 0.037037037037037035
0 0.376953125 0.033950617283950615 0.023871527777777776 0.037037037037037035
0 0.4025607638888889 0.02507716049382716 0.020399305555555556 0.020833333333333332
0 0.296875 0.04359567901234568 0.046875 0.036265432098765434
1 0.02734375 0.3931327160493827 0.035590277777777776 0.2183641975308642
0 0.3572048611111111 0.031635802469135804 0.026909722222222224 0.027777777777777776
0 0.287109375 0.026234567901234566 0.03689236111111111 0.020061728395061727
0 0.4976128472222222 0.03819444444444445 0.03602430555555555 0.023919753086419752
0 0.6508246527777778 0.09606481481481481 0.04123263888888889 0.03780864197530864