0 0.5907118055555556 0.2021604938271605 0.1154513888888889 0.11265432098765432
0 0.2463107638888889 0.2488425925925926 0.3216145833333333 0.33719135802469136
0 0.8285590277777778 0.19290123456790123 0.08072916666666667 0.08179012345679013
0 0.24305555555555555 0.028935185185185185 0.07291666666666667 0.05632716049382716
0 0.7673611111111112 0.08719135802469136 0.03125 0.033950617283950615
0 0.2912326388888889 0.02970679012345679 0.033854166666666664 0.02546296296296296
0 0.37109375 0.048996913580246916 0.04513888888888889 0.034722222222222224
0 0.7999131944444444 0.10532407407407407 0.019965277777777776 0.033179012345679014
0 0.4680989583333333 0.04050925925925926 0.02734375 0.023919753086419752
0 0.509765625 0.03742283950617284 0.026475694444444444 0.020833333333333332
1 0.8237847222222222 0.4378858024691358 0.06770833333333333 0.24459876543209877
1 0.8040364583333334 0.3881172839506173 0.040364583333333336 0.19444444444444445
0 0.19270833333333334 0.08179012345679013 0.0546875 0.035493827160493825
0 0.3355034722222222 0.03935185185185185 0.030381944444444444 0.032407407407407406
0 0.3706597222222222 0.030478395061728395 0.026909722222222224 0.022376543209876542
0 0.716796875 0.12422839506172839 0.038628472222222224 0.05092592592592592
0 0.1694878472222222 0.03587962962962963 0.028211805555555556 0.02854938271604938
0 0.7339409722222222 0.18981481481481483 0.043402777777777776 0.08179012345679013