0 0.4895833333333333 0.26697530864197533 0.19618055555555555 0.1697530864197531
0 0.5496961805555556 0.14544753086419754 0.08463541666666667 0.07021604938271606
0 0.662109375 0.10686728395061729 0.04296875 0.04398148148148148
0 0.6078559027777778 0.12191358024691358 0.04296875 0.06327160493827161
0 0.5861545138888888 0.08719135802469136 0.03342013888888889 0.038580246913580245
0 0.54296875 0.08912037037037036 0.051215277777777776 0.036265432098765434
0 0.8550347222222222 0.19174382716049382 0.03819444444444445 0.0779320987654321
0 0.7478298611111112 0.14621913580246915 0.0642361111111111 0.05632716049382716
0 0.7233072916666666 0.12191358024691358 0.029079861111111112 0.047839506172839504
0 0.7621527777777778 0.08526234567901235 0.0234375 0.023919753086419752
0 0.4845920138888889 0.07523148148148148 0.05164930555555555 0.03935185185185185
0 0.5095486111111112 0.07021604938271606 0.04513888888888889 0.044753086419753084
0 0.4073350694444444 0.05594135802469136 0.046440972222222224 0.04089506172839506
0 0.3361545138888889 0.041666666666666664 0.08723958333333333 0.05709876543209876
0 0.2782118055555556 0.04436728395061729 0.020833333333333332 0.031635802469135804
0 0.2348090277777778 0.03665123456790124 0.035590277777777776 0.033179012345679014
0 0.19986979166666666 0.04205246913580247 0.04383680555555555 0.02854938271604938
0 0.4800347222222222 0.04243827160493827 0.03819444444444445 0.020061728395061727
1 0.5266927083333334 0.33641975308641975 0.04991319444444445 0.18518518518518517