0 0.08138020833333333 0.626929012345679 0.1618923611111111 0.38040123456790126
0 0.5492621527777778 0.08294753086419752 0.054253472222222224 0.04552469135802469
0 0.3411458333333333 0.05092592592592592 0.04774305555555555 0.037037037037037035
0 0.4865451388888889 0.03742283950617284 0.04079861111111111 0.033179012345679014
0 0.7684461805555556 0.15895061728395063 0.05859375 0.06327160493827161
0 0.050347222222222224 0.3888888888888889 0.0998263888888889 0.16820987654320987
0 0.22786458333333334 0.040123456790123455 0.044270833333333336 0.033950617283950615
0 0.3166232638888889 0.02816358024691358 0.03342013888888889 0.02700617283950617
0 0.3930121527777778 0.04938271604938271 0.03515625 0.029320987654320986
0 0.41015625 0.03279320987654321 0.019097222222222224 0.023919753086419752
1 0.7081163194444444 0.5277777777777778 0.07682291666666667 0.30864197530864196
1 0.8216145833333334 0.4050925925925926 0.03732638888888889 0.20987654320987653
1 0.7699652777777778 0.5698302469135802 0.08159722222222222 0.37114197530864196
1 0.4672309027777778 0.8603395061728395 0.12456597222222222 0.279320987654321
1 0.7623697916666666 0.38773148148148145 0.04296875 0.10108024691358025
0 0.3882378472222222 0.030478395061728395 0.03689236111111111 0.02546296296296296