0 0.5234375 0.12384259259259259 0.0798611111111111 0.0933641975308642
0 0.3561197916666667 0.1724537037037037 0.1072048611111111 0.11805555555555555
0 0.19422743055555555 0.24305555555555555 0.1879340277777778 0.1697530864197531
0 0.13389756944444445 0.8209876543209876 0.2643229166666667 0.35648148148148145
0 0.3129340277777778 0.05092592592592592 0.044270833333333336 0.035493827160493825
0 0.7762586805555556 0.16550925925925927 0.0759548611111111 0.05941358024691358
1 0.7263454861111112 0.37962962962962965 0.04991319444444445 0.19907407407407407
1 0.78125 0.38850308641975306 0.03993055555555555 0.2029320987654321
1 0.1508246527777778 0.9147376543209876 0.08116319444444445 0.1705246913580247
1 0.3843315972222222 0.6902006172839507 0.11241319444444445 0.38503086419753085
0 0.1955295138888889 0.04089506172839506 0.04123263888888889 0.038580246913580245
0 0.2478298611111111 0.043209876543209874 0.04861111111111111 0.038580246913580245
0 0.2760416666666667 0.028935185185185185 0.0234375 0.03009259259259259
0 0.3016493055555556 0.027777777777777776 0.04079861111111111 0.023148148148148147
0 0.3634982638888889 0.034722222222222224 0.029079861111111112 0.040123456790123455
0 0.4103732638888889 0.03356481481481482 0.023003472222222224 0.03935185185185185
0 0.4025607638888889 0.13657407407407407 0.04123263888888889 0.08179012345679013
0 0.7189670138888888 0.125 0.037760416666666664 0.05401234567901234
0 0.7510850694444444 0.11689814814814815 0.030815972222222224 0.036265432098765434