0 0.1293402777777778 0.4506172839506173 0.2578125 0.2808641975308642
0 0.3732638888888889 0.04205246913580247 0.03211805555555555 0.033179012345679014
0 0.5130208333333334 0.08487654320987655 0.05642361111111111 0.044753086419753084
0 0.6751302083333334 0.10378086419753087 0.029079861111111112 0.03935185185185185
0 0.2764756944444444 0.03433641975308642 0.03211805555555555 0.02700617283950617
0 0.6247829861111112 0.11689814814814815 0.07769097222222222 0.0470679012345679
0 0.853515625 0.19020061728395063 0.03602430555555555 0.05324074074074074
0 0.7964409722222222 0.09760802469135803 0.027777777777777776 0.036265432098765434
0 0.7528211805555556 0.08641975308641975 0.016927083333333332 0.018518518518518517
0 0.18858506944444445 0.03742283950617284 0.048177083333333336 0.034722222222222224
0 0.2543402777777778 0.035493827160493825 0.03819444444444445 0.030864197530864196
0 0.22200520833333334 0.029320987654320986 0.04210069444444445 0.030864197530864196
0 0.474609375 0.040123456790123455 0.03342013888888889 0.026234567901234566
1 0.3988715277777778 0.5015432098765432 0.08506944444444445 0.3101851851851852
1 0.5342881944444444 0.5760030864197531 0.1015625 0.3773148148148148