0 0.1343315972222222 0.8171296296296297 0.2677951388888889 0.36574074074074076
0 0.6150173611111112 0.2692901234567901 0.1857638888888889 0.14351851851851852
0 0.5297309027777778 0.08179012345679013 0.06640625 0.04938271604938271
0 0.4255642361111111 0.13541666666666666 0.10633680555555555 0.08564814814814815
0 0.3298611111111111 0.047453703703703706 0.058159722222222224 0.05015432098765432
0 0.6822916666666666 0.12808641975308643 0.07291666666666667 0.05246913580246913
0 0.365234375 0.03819444444444445 0.02734375 0.03009259259259259
1 0.7595486111111112 0.4486882716049383 0.051215277777777776 0.23070987654320987
1 0.5598958333333334 0.8726851851851852 0.09288194444444445 0.25462962962962965
0 0.2048611111111111 0.038580246913580245 0.035590277777777776 0.033950617283950615
0 0.2632378472222222 0.041666666666666664 0.05078125 0.040123456790123455
0 0.4019097222222222 0.05324074074074074 0.044270833333333336 0.038580246913580245
0 0.4717881944444444 0.03587962962962963 0.029513888888888888 0.023919753086419752
0 0.6469184027777778 0.10378086419753087 0.03689236111111111 0.04398148148148148
0 0.8502604166666666 0.18981481481481483 0.04600694444444445 0.05246913580246913