0 0.3643663194444444 0.03125 0.04123263888888889 0.02854938271604938
0 0.23111979166666666 0.056712962962962965 0.05859375 0.06095679012345679
0 0.6243489583333334 0.10146604938271606 0.04123263888888889 0.0470679012345679
0 0.599609375 0.13001543209876543 0.04991319444444445 0.05632716049382716
0 0.5056423611111112 0.037037037037037035 0.028645833333333332 0.021604938271604937
0 0.7395833333333334 0.27314814814814814 0.15625 0.14351851851851852
0 0.6655815972222222 0.16165123456790123 0.046440972222222224 0.0779320987654321
0 0.7799479166666666 0.17515432098765432 0.08940972222222222 0.07407407407407407
0 0.7048611111111112 0.13271604938271606 0.033854166666666664 0.05401234567901234
0 0.4774305555555556 0.04205246913580247 0.033854166666666664 0.020833333333333332
0 0.4099392361111111 0.03202160493827161 0.021267361111111112 0.02854938271604938
0 0.2545572916666667 0.04050925925925926 0.046440972222222224 0.03780864197530864
0 0.1911892361111111 0.04128086419753087 0.03515625 0.031635802469135804
1 0.8346354166666666 0.46296296296296297 0.046875 0.21604938271604937