0 0.3235677083333333 0.08989197530864197 0.05859375 0.04552469135802469
0 0.3728298611111111 0.03780864197530864 0.03211805555555555 0.029320987654320986
0 0.6538628472222222 0.1091820987654321 0.061197916666666664 0.0470679012345679
0 0.6792534722222222 0.2322530864197531 0.15364583333333334 0.12808641975308643
0 0.7647569444444444 0.17746913580246915 0.08680555555555555 0.07561728395061729
0 0.2185329861111111 0.03587962962962963 0.04383680555555555 0.03009259259259259
0 0.3237847222222222 0.047453703703703706 0.059027777777777776 0.04243827160493827
0 0.33203125 0.02507716049382716 0.06163194444444445 0.04552469135802469
0 0.3988715277777778 0.033950617283950615 0.03211805555555555 0.024691358024691357
0 0.4678819444444444 0.03935185185185185 0.029513888888888888 0.029320987654320986
0 0.5041232638888888 0.041666666666666664 0.023871527777777776 0.020061728395061727
1 0.7508680555555556 0.49382716049382713 0.0685763888888889 0.2824074074074074