0 0.076171875 0.2908950617283951 0.15147569444444445 0.23765432098765432
0 0.2962239583333333 0.30362654320987653 0.2261284722222222 0.20910493827160495
0 0.8103298611111112 0.18094135802469136 0.08506944444444445 0.07484567901234568
0 0.6434461805555556 0.14969135802469136 0.09418402777777778 0.07407407407407407
0 0.3346354166666667 0.030478395061728395 0.035590277777777776 0.031635802469135804
0 0.3934461805555556 0.04822530864197531 0.04296875 0.033179012345679014
0 0.2163628472222222 0.03356481481481482 0.04123263888888889 0.02700617283950617
0 0.2803819444444444 0.033179012345679014 0.033854166666666664 0.026234567901234566
0 0.3606770833333333 0.03587962962962963 0.03125 0.034722222222222224
0 0.4978298611111111 0.03780864197530864 0.026909722222222224 0.026234567901234566
1 0.16905381944444445 0.47955246913580246 0.07855902777777778 0.30169753086419754
0 0.16796875 0.04050925925925926 0.026909722222222224 0.033179012345679014
0 0.4776475694444444 0.041666666666666664 0.038628472222222224 0.026234567901234566
0 0.396484375 0.030864197530864196 0.03689236111111111 0.030864197530864196