0 0.3237847222222222 0.18055555555555555 0.1527777777777778 0.1574074074074074
0 0.1857638888888889 0.7511574074074074 0.3706597222222222 0.4791666666666667
0 0.16883680555555555 0.3912037037037037 0.28125 0.24074074074074073
0 0.4919704861111111 0.08140432098765432 0.040364583333333336 0.04552469135802469
0 0.20703125 0.058256172839506175 0.10243055555555555 0.11496913580246913
0 0.5533854166666666 0.09760802469135803 0.0703125 0.04861111111111111
0 0.6857638888888888 0.16396604938271606 0.0546875 0.06712962962962964
0 0.072265625 0.2847222222222222 0.14366319444444445 0.1574074074074074
0 0.6547309027777778 0.10725308641975309 0.07769097222222222 0.06944444444444445
0 0.353515625 0.05324074074074074 0.05251736111111111 0.041666666666666664
0 0.2881944444444444 0.04552469135802469 0.04861111111111111 0.037037037037037035
0 0.4069010416666667 0.0628858024691358 0.03602430555555555 0.03780864197530864
0 0.4989149305555556 0.04243827160493827 0.029079861111111112 0.024691358024691357
0 0.8430989583333334 0.19714506172839505 0.053385416666666664 0.05478395061728395
1 0.5075954861111112 0.8179012345679012 0.1072048611111111 0.36419753086419754
0 0.2957899305555556 0.02854938271604938 0.04123263888888889 0.027777777777777776
0 0.3446180555555556 0.030864197530864196 0.046875 0.026234567901234566
0 0.3908420138888889 0.03279320987654321 0.03602430555555555 0.031635802469135804
0 0.3997395833333333 0.053626543209876545 0.043402777777777776 0.03935185185185185
0 0.7384982638888888 0.13657407407407407 0.0837673611111111 0.09259259259259259