0 0.1870659722222222 0.7434413580246914 0.3723958333333333 0.5069444444444444
0 0.2578125 0.08757716049382716 0.07725694444444445 0.05787037037037037
0 0.6202256944444444 0.2658179012345679 0.18663194444444445 0.1412037037037037
0 0.4915364583333333 0.08179012345679013 0.038628472222222224 0.044753086419753084
0 0.3548177083333333 0.05439814814814815 0.04991319444444445 0.036265432098765434
0 0.560546875 0.1739969135802469 0.12022569444444445 0.0933641975308642
0 0.5529513888888888 0.10108024691358025 0.0703125 0.043209876543209874
0 0.4099392361111111 0.06674382716049383 0.04210069444444445 0.03780864197530864
0 0.2897135416666667 0.047453703703703706 0.04470486111111111 0.036265432098765434
0 0.8200954861111112 0.18942901234567902 0.08463541666666667 0.06867283950617284
0 0.6276041666666666 0.11766975308641975 0.0685763888888889 0.05015432098765432
0 0.2326388888888889 0.03935185185185185 0.036458333333333336 0.032407407407407406
0 0.7526041666666666 0.14351851851851852 0.07291666666666667 0.05092592592592592
0 0.19618055555555555 0.03742283950617284 0.041666666666666664 0.033179012345679014
0 0.4730902777777778 0.043209876543209874 0.03211805555555555 0.023148148148148147
0 0.5759548611111112 0.08449074074074074 0.027777777777777776 0.02700617283950617
0 0.3908420138888889 0.050540123456790126 0.03689236111111111 0.04398148148148148
1 0.2092013888888889 0.341820987654321 0.06944444444444445 0.22067901234567902
0 0.2816840277777778 0.021219135802469136 0.03993055555555555 0.02546296296296296
0 0.3342013888888889 0.04089506172839506 0.046875 0.033950617283950615
0 0.5342881944444444 0.08024691358024691 0.04774305555555555 0.032407407407407406
0 0.6019965277777778 0.10185185185185185 0.04774305555555555 0.038580246913580245
0 0.7552083333333334 0.2017746913580247 0.0876736111111111 0.09027777777777778
0 0.6712239583333334 0.13541666666666666 0.06640625 0.06712962962962964