0 0.2745225694444444 0.3325617283950617 0.2478298611111111 0.21296296296296297
0 0.05295138888888889 0.25462962962962965 0.10503472222222222 0.13271604938271606
0 0.5167100694444444 0.15084876543209877 0.07855902777777778 0.08101851851851852
0 0.7697482638888888 0.18518518518518517 0.0881076388888889 0.0941358024691358
0 0.3016493055555556 0.0470679012345679 0.052083333333333336 0.040123456790123455
0 0.6634114583333334 0.12229938271604938 0.0724826388888889 0.05169753086419753
0 0.4075520833333333 0.03896604938271605 0.03125 0.03009259259259259
0 0.7185329861111112 0.11496913580246913 0.037760416666666664 0.046296296296296294
1 0.71875 0.6875 0.0685763888888889 0.33024691358024694
0 0.23350694444444445 0.030478395061728395 0.03819444444444445 0.036265432098765434
0 0.2380642361111111 0.04205246913580247 0.029947916666666668 0.036265432098765434
0 0.4709201388888889 0.029320987654320986 0.022569444444444444 0.015432098765432098
0 0.5101996527777778 0.03896604938271605 0.03428819444444445 0.02700617283950617
0 0.7471788194444444 0.11612654320987655 0.026475694444444444 0.04552469135802469
0 0.8595920138888888 0.20910493827160495 0.023871527777777776 0.043209876543209874
0 0.841796875 0.30787037037037035 0.04991319444444445 0.14969135802469136