0 0.6369357638888888 0.10416666666666667 0.055989583333333336 0.05555555555555555
0 0.3365885416666667 0.044753086419753084 0.04296875 0.037037037037037035
0 0.728515625 0.12962962962962962 0.03342013888888889 0.05246913580246913
0 0.7853732638888888 0.1705246913580247 0.07769097222222222 0.07253086419753087
1 0.7669270833333334 0.41550925925925924 0.04861111111111111 0.22299382716049382
1 0.7300347222222222 0.43094135802469136 0.05642361111111111 0.2368827160493827
0 0.8509114583333334 0.3402777777777778 0.022135416666666668 0.07561728395061729
0 0.8519965277777778 0.2037037037037037 0.03993055555555555 0.05709876543209876
0 0.4086371527777778 0.03125 0.025607638888888888 0.03780864197530864
0 0.4813368055555556 0.04050925925925926 0.04079861111111111 0.033179012345679014
0 0.5190972222222222 0.041666666666666664 0.019097222222222224 0.013888888888888888
0 0.2842881944444444 0.03819444444444445 0.035590277777777776 0.03935185185185185
0 0.3472222222222222 0.027391975308641976 0.022569444444444444 0.03009259259259259
0 0.21180555555555555 0.038580246913580245 0.04079861111111111 0.038580246913580245