0 0.22569444444444445 0.08603395061728394 0.0642361111111111 0.05941358024691358
0 0.5138888888888888 0.07523148148148148 0.058159722222222224 0.04398148148148148
0 0.5062934027777778 0.15316358024691357 0.0759548611111111 0.08873456790123457
0 0.8068576388888888 0.314429012345679 0.11024305555555555 0.15046296296296297
0 0.4053819444444444 0.03935185185185185 0.03298611111111111 0.032407407407407406
0 0.2545572916666667 0.03819444444444445 0.04991319444444445 0.03780864197530864
0 0.755859375 0.16010802469135801 0.0881076388888889 0.05941358024691358
0 0.7269965277777778 0.11033950617283951 0.03298611111111111 0.038580246913580245
0 0.8049045138888888 0.10532407407407407 0.018663194444444444 0.019290123456790122
0 0.23177083333333334 0.03587962962962963 0.03125 0.03009259259259259
0 0.1792534722222222 0.03665123456790124 0.04079861111111111 0.03009259259259259
1 0.6586371527777778 0.6998456790123457 0.12630208333333334 0.43364197530864196
1 0.7439236111111112 0.6998456790123457 0.1032986111111111 0.43209876543209874