0 0.06553819444444445 0.2974537037037037 0.13020833333333334 0.2013888888888889
0 0.5627170138888888 0.08989197530864197 0.07421875 0.05787037037037037
0 0.7306857638888888 0.14814814814814814 0.09071180555555555 0.0787037037037037
0 0.4754774305555556 0.05285493827160494 0.03515625 0.06712962962962964
0 0.3361545138888889 0.04050925925925926 0.08637152777777778 0.05787037037037037
0 0.3936631944444444 0.04938271604938271 0.03993055555555555 0.037037037037037035
0 0.27734375 0.04243827160493827 0.021701388888888888 0.033950617283950615
0 0.23828125 0.03665123456790124 0.028645833333333332 0.033179012345679014
0 0.20985243055555555 0.04282407407407408 0.039496527777777776 0.02700617283950617
0 0.791015625 0.10648148148148148 0.016059027777777776 0.020061728395061727
1 0.6768663194444444 0.7145061728395061 0.10807291666666667 0.42901234567901236