0 0.5759548611111112 0.2013888888888889 0.13541666666666666 0.11574074074074074
0 0.5447048611111112 0.1091820987654321 0.0625 0.05478395061728395
0 0.3433159722222222 0.11419753086419752 0.09027777777777778 0.07098765432098765
0 0.5110677083333334 0.0787037037037037 0.053385416666666664 0.040123456790123455
0 0.2094184027777778 0.08179012345679013 0.0681423611111111 0.06327160493827161
0 0.3365885416666667 0.04089506172839506 0.03428819444444445 0.032407407407407406
0 0.3049045138888889 0.02546296296296296 0.03602430555555555 0.029320987654320986
0 0.798828125 0.17862654320987653 0.0915798611111111 0.07175925925925926
0 0.669921875 0.11381172839506173 0.05772569444444445 0.04552469135802469
0 0.2322048611111111 0.031635802469135804 0.051215277777777776 0.05401234567901234
0 0.3763020833333333 0.04976851851851852 0.04079861111111111 0.031635802469135804
0 0.4066840277777778 0.03896604938271605 0.027777777777777776 0.02700617283950617
0 0.7317708333333334 0.12422839506172839 0.04513888888888889 0.05555555555555555
0 0.6684027777777778 0.06983024691358025 0.046875 0.04861111111111111
0 0.2367621527777778 0.041666666666666664 0.031684027777777776 0.032407407407407406
1 0.6807725694444444 0.6786265432098766 0.0915798611111111 0.38657407407407407
0 0.4720052083333333 0.04205246913580247 0.029947916666666668 0.022376543209876542
0 0.7853732638888888 0.14621913580246915 0.06380208333333333 0.04243827160493827