0 0.6165364583333334 0.0941358024691358 0.09505208333333333 0.08024691358024691
0 0.4750434027777778 0.041666666666666664 0.03602430555555555 0.026234567901234566
0 0.2571614583333333 0.03780864197530864 0.04904513888888889 0.041666666666666664
0 0.3917100694444444 0.05709876543209876 0.04383680555555555 0.035493827160493825
0 0.3430989583333333 0.03433641975308642 0.037760416666666664 0.031635802469135804
0 0.8489583333333334 0.29282407407407407 0.030381944444444444 0.11033950617283951
0 0.6848958333333334 0.10416666666666667 0.03819444444444445 0.044753086419753084
0 0.2823350694444444 0.03125 0.02734375 0.023919753086419752
0 0.3663194444444444 0.04050925925925926 0.030381944444444444 0.033179012345679014
1 0.10698784722222222 0.3159722222222222 0.04904513888888889 0.18287037037037038
0 0.361328125 0.01890432098765432 0.09678819444444445 0.036265432098765434
0 0.4016927083333333 0.03433641975308642 0.04210069444444445 0.031635802469135804
0 0.7237413194444444 0.13155864197530864 0.03602430555555555 0.05632716049382716
0 0.8012152777777778 0.11033950617283951 0.013888888888888888 0.026234567901234566
0 0.7204861111111112 0.08603395061728394 0.027777777777777776 0.04861111111111111
0 0.7549913194444444 0.12037037037037036 0.021267361111111112 0.037037037037037035