0 0.5588107638888888 0.08680555555555555 0.06032986111111111 0.04552469135802469
0 0.5603298611111112 0.19483024691358025 0.1423611111111111 0.11188271604938271
0 0.2146267361111111 0.030864197530864196 0.04991319444444445 0.044753086419753084
0 0.28125 0.09220679012345678 0.08246527777777778 0.07947530864197531
0 0.3634982638888889 0.03665123456790124 0.03515625 0.03009259259259259
0 0.2894965277777778 0.046296296296296294 0.046875 0.040123456790123455
0 0.3578559027777778 0.059027777777777776 0.05685763888888889 0.03780864197530864
1 0.4754774305555556 0.27739197530864196 0.029947916666666668 0.15200617283950618
1 0.7868923611111112 0.42746913580246915 0.09288194444444445 0.20833333333333334
1 0.8446180555555556 0.4417438271604938 0.026909722222222224 0.20910493827160495
0 0.3248697916666667 0.04128086419753087 0.031684027777777776 0.04089506172839506
0 0.4164496527777778 0.06018518518518518 0.03428819444444445 0.040123456790123455
0 0.4893663194444444 0.040123456790123455 0.03689236111111111 0.029320987654320986