0 0.6015625 0.10493827160493827 0.06944444444444445 0.05246913580246913
0 0.5258246527777778 0.09066358024691358 0.06032986111111111 0.04552469135802469
0 0.3155381944444444 0.047453703703703706 0.05555555555555555 0.04089506172839506
0 0.6586371527777778 0.14930555555555555 0.09071180555555555 0.07484567901234568
0 0.3828125 0.061342592592592594 0.05642361111111111 0.03780864197530864
1 0.7265625 0.3792438271604938 0.044270833333333336 0.19830246913580246
1 0.7790798611111112 0.3900462962962963 0.04079861111111111 0.21219135802469136
0 0.6901041666666666 0.13657407407407407 0.052083333333333336 0.05401234567901234
0 0.7660590277777778 0.08526234567901235 0.027777777777777776 0.03009259259259259
0 0.5305989583333334 0.07445987654320987 0.06727430555555555 0.05169753086419753
0 0.4735243055555556 0.03587962962962963 0.029513888888888888 0.02854938271604938
0 0.2421875 0.04128086419753087 0.024305555555555556 0.036265432098765434
0 0.275390625 0.03780864197530864 0.018663194444444444 0.033950617283950615
0 0.2052951388888889 0.04050925925925926 0.034722222222222224 0.034722222222222224
0 0.228515625 0.032407407407407406 0.039496527777777776 0.030864197530864196