0 0.5959201388888888 0.26080246913580246 0.1909722222222222 0.14506172839506173
0 0.3704427083333333 0.17631172839506173 0.09331597222222222 0.13040123456790123
0 0.6217447916666666 0.10262345679012345 0.05685763888888889 0.06635802469135803
0 0.3140190972222222 0.047839506172839504 0.048177083333333336 0.040123456790123455
0 0.4878472222222222 0.14699074074074073 0.0642361111111111 0.08101851851851852
0 0.5060763888888888 0.10069444444444445 0.059895833333333336 0.05478395061728395
0 0.13368055555555555 0.7716049382716049 0.2664930555555556 0.44753086419753085
0 0.3904079861111111 0.03356481481481482 0.04296875 0.033179012345679014
0 0.8487413194444444 0.2334104938271605 0.039496527777777776 0.08410493827160494
0 0.3628472222222222 0.037037037037037035 0.026041666666666668 0.037037037037037035
0 0.6987847222222222 0.1385030864197531 0.03993055555555555 0.05478395061728395
0 0.2955729166666667 0.033179012345679014 0.04600694444444445 0.029320987654320986
1 0.7265625 0.37885802469135804 0.049479166666666664 0.19907407407407407
1 0.7925347222222222 0.38927469135802467 0.04774305555555555 0.20601851851851852
0 0.19618055555555555 0.04050925925925926 0.041666666666666664 0.033179012345679014
0 0.23719618055555555 0.03742283950617284 0.029079861111111112 0.036265432098765434
0 0.505859375 0.03819444444444445 0.03515625 0.020833333333333332
0 0.7291666666666666 0.11766975308641975 0.027777777777777776 0.04398148148148148
0 0.7506510416666666 0.11689814814814815 0.017795138888888888 0.04089506172839506
0 0.7673611111111112 0.11226851851851852 0.027777777777777776 0.036265432098765434