0 0.6208767361111112 0.17939814814814814 0.06901041666666667 0.0933641975308642
0 0.21202256944444445 0.03935185185185185 0.04383680555555555 0.033950617283950615
0 0.353515625 0.05594135802469136 0.055121527777777776 0.03780864197530864
0 0.6108940972222222 0.11149691358024691 0.05078125 0.05324074074074074
0 0.2842881944444444 0.03973765432098766 0.036458333333333336 0.04552469135802469
0 0.8259548611111112 0.22723765432098766 0.08159722222222222 0.0933641975308642
0 0.7469618055555556 0.16628086419753085 0.06944444444444445 0.06404320987654322
0 0.8407118055555556 0.3090277777777778 0.04079861111111111 0.11033950617283951
0 0.3927951388888889 0.03819444444444445 0.03298611111111111 0.02700617283950617
0 0.3062065972222222 0.030478395061728395 0.03342013888888889 0.02700617283950617
0 0.7098524305555556 0.11651234567901235 0.031684027777777776 0.044753086419753084
0 0.8062065972222222 0.10455246913580248 0.016927083333333332 0.02854938271604938
1 0.7443576388888888 0.5547839506172839 0.0859375 0.36419753086419754
0 0.3413628472222222 0.03819444444444445 0.039496527777777776 0.034722222222222224
0 0.3893229166666667 0.05015432098765432 0.026909722222222224 0.033950617283950615
0 0.7595486111111112 0.10069444444444445 0.021701388888888888 0.033179012345679014
0 0.7942708333333334 0.09799382716049383 0.016493055555555556 0.032407407407407406
0 0.4763454861111111 0.04552469135802469 0.04123263888888889 0.08333333333333333
0 0.24283854166666666 0.031635802469135804 0.023003472222222224 0.029320987654320986