0 0.1859809027777778 0.7827932098765432 0.3624131944444444 0.43441358024691357
0 0.6729600694444444 0.10532407407407407 0.040364583333333336 0.04861111111111111
0 0.5423177083333334 0.09259259259259259 0.06553819444444445 0.047839506172839504
0 0.8068576388888888 0.18132716049382716 0.0859375 0.07253086419753087
0 0.3804253472222222 0.05941358024691358 0.055121527777777776 0.040123456790123455
0 0.5835503472222222 0.09259259259259259 0.03689236111111111 0.046296296296296294
0 0.4884982638888889 0.06828703703703703 0.03602430555555555 0.03935185185185185
0 0.3120659722222222 0.04861111111111111 0.051215277777777776 0.037037037037037035
0 0.2578125 0.04089506172839506 0.04513888888888889 0.038580246913580245
0 0.4733072916666667 0.0775462962962963 0.029079861111111112 0.04243827160493827
0 0.2847222222222222 0.036265432098765434 0.035590277777777776 0.035493827160493825
1 0.8244357638888888 0.4236111111111111 0.07161458333333333 0.23148148148148148
0 0.3463541666666667 0.045910493827160496 0.017361111111111112 0.03935185185185185
0 0.513671875 0.030478395061728395 0.047309027777777776 0.033179012345679014