0 0.52734375 0.12731481481481483 0.06944444444444445 0.06018518518518518
0 0.6334635416666666 0.10648148148148148 0.04904513888888889 0.05709876543209876
0 0.3680555555555556 0.059799382716049385 0.05381944444444445 0.03780864197530864
0 0.6833767361111112 0.09953703703703703 0.03428819444444445 0.043209876543209874
0 0.3352864583333333 0.04552469135802469 0.03689236111111111 0.032407407407407406
0 0.5290798611111112 0.08641975308641975 0.05642361111111111 0.040123456790123455
0 0.2300347222222222 0.04128086419753087 0.035590277777777776 0.02854938271604938
0 0.2957899305555556 0.047453703703703706 0.04904513888888889 0.036265432098765434
0 0.734375 0.16435185185185186 0.07118055555555555 0.05864197530864197
0 0.4073350694444444 0.059027777777777776 0.03342013888888889 0.03935185185185185
0 0.2170138888888889 0.03279320987654321 0.034722222222222224 0.02700617283950617
0 0.16905381944444445 0.04205246913580247 0.030815972222222224 0.02546296296296296
0 0.3563368055555556 0.02816358024691358 0.028645833333333332 0.016203703703703703
0 0.3838975694444444 0.03587962962962963 0.03428819444444445 0.020833333333333332
0 0.2962239583333333 0.02507716049382716 0.032552083333333336 0.017746913580246913
0 0.2801649305555556 0.017361111111111112 0.04210069444444445 0.02700617283950617
1 0.06966145833333333 0.20794753086419754 0.018663194444444444 0.10108024691358025
1 0.07921006944444445 0.16705246913580246 0.016927083333333332 0.08410493827160494
1 0.06510416666666667 0.16859567901234568 0.014756944444444444 0.08256172839506173