0 0.1812065972222222 0.40046296296296297 0.3016493055555556 0.25925925925925924
0 0.4928385416666667 0.07137345679012345 0.04383680555555555 0.03780864197530864
0 0.625 0.11689814814814815 0.06336805555555555 0.0625
0 0.5533854166666666 0.08410493827160494 0.058159722222222224 0.04938271604938271
0 0.7821180555555556 0.2368827160493827 0.13975694444444445 0.13580246913580246
0 0.3591579861111111 0.055169753086419755 0.055989583333333336 0.03935185185185185
0 0.6773003472222222 0.10416666666666667 0.03342013888888889 0.043209876543209874
0 0.2183159722222222 0.03896604938271605 0.046875 0.036265432098765434
0 0.7914496527777778 0.1712962962962963 0.08637152777777778 0.06790123456790123
0 0.2847222222222222 0.040123456790123455 0.03993055555555555 0.046296296296296294
0 0.6059027777777778 0.08680555555555555 0.04600694444444445 0.04552469135802469
0 0.7819010416666666 0.1099537037037037 0.017795138888888888 0.02854938271604938
0 0.4676649305555556 0.03935185185185185 0.028211805555555556 0.023148148148148147
0 0.3190104166666667 0.036265432098765434 0.026041666666666668 0.032407407407407406
1 0.2775607638888889 0.13464506172839505 0.01953125 0.08873456790123457
0 0.3335503472222222 0.04282407407407408 0.032552083333333336 0.033179012345679014
0 0.4166666666666667 0.05632716049382716 0.028645833333333332 0.035493827160493825
0 0.3838975694444444 0.04861111111111111 0.026475694444444444 0.037037037037037035
0 0.4021267361111111 0.03356481481481482 0.03689236111111111 0.02854938271604938
0 0.7191840277777778 0.11844135802469136 0.03298611111111111 0.05015432098765432