0 0.2619357638888889 0.32600308641975306 0.2573784722222222 0.20756172839506173
0 0.4919704861111111 0.08024691358024691 0.039496527777777776 0.05246913580246913
0 0.333984375 0.04513888888888889 0.039496527777777776 0.034722222222222224
0 0.3689236111111111 0.05787037037037037 0.04861111111111111 0.044753086419753084
0 0.3897569444444444 0.02700617283950617 0.046875 0.05246913580246913
0 0.2105034722222222 0.04050925925925926 0.041666666666666664 0.033179012345679014
1 0.7289496527777778 0.37962962962962965 0.045572916666666664 0.19444444444444445
1 0.7892795138888888 0.38657407407407407 0.047309027777777776 0.2006172839506173
0 0.2858072916666667 0.03587962962962963 0.038628472222222224 0.04243827160493827
0 0.4696180555555556 0.03742283950617284 0.020833333333333332 0.031635802469135804
0 0.7369791666666666 0.1566358024691358 0.049479166666666664 0.07098765432098765
0 0.7176649305555556 0.13078703703703703 0.03428819444444445 0.04552469135802469