0 0.1937934027777778 0.23881172839506173 0.1879340277777778 0.1550925925925926
0 0.5520833333333334 0.1566358024691358 0.09027777777777778 0.06944444444444445
0 0.5412326388888888 0.10725308641975309 0.06597222222222222 0.05092592592592592
0 0.1814236111111111 0.07368827160493827 0.0546875 0.06095679012345679
0 0.3012152777777778 0.0470679012345679 0.051215277777777776 0.040123456790123455
0 0.4724392361111111 0.04128086419753087 0.030815972222222224 0.022376543209876542
0 0.7447916666666666 0.11496913580246913 0.0390625 0.041666666666666664
1 0.5557725694444444 0.30478395061728397 0.04296875 0.1728395061728395
0 0.2183159722222222 0.03433641975308642 0.035590277777777776 0.036265432098765434
0 0.24717881944444445 0.04089506172839506 0.05251736111111111 0.038580246913580245
0 0.4934895833333333 0.035493827160493825 0.026909722222222224 0.024691358024691357
0 0.6916232638888888 0.1554783950617284 0.0915798611111111 0.07175925925925926
0 0.72265625 0.13695987654320987 0.04861111111111111 0.06867283950617284
0 0.7506510416666666 0.24575617283950618 0.16796875 0.15046296296296297