0 0.3897569444444444 0.2654320987654321 0.22569444444444445 0.22685185185185186
0 0.2322048611111111 0.043209876543209874 0.034722222222222224 0.032407407407407406
0 0.3014322916666667 0.0466820987654321 0.05251736111111111 0.04243827160493827
0 0.3717447916666667 0.03433641975308642 0.04383680555555555 0.03009259259259259
0 0.6716579861111112 0.10609567901234568 0.03515625 0.03935185185185185
0 0.4880642361111111 0.04398148148148148 0.03515625 0.021604938271604937
0 0.451171875 0.17631172839506173 0.1150173611111111 0.08873456790123457
1 0.6799045138888888 0.7974537037037037 0.1115451388888889 0.4035493827160494
1 0.5789930555555556 0.7492283950617284 0.1189236111111111 0.44907407407407407
1 0.6423611111111112 0.5536265432098766 0.08072916666666667 0.2692901234567901
1 0.7120225694444444 0.5960648148148148 0.055121527777777776 0.2152777777777778
1 0.7764756944444444 0.5378086419753086 0.059895833333333336 0.30709876543209874
0 0.181640625 0.03819444444444445 0.04470486111111111 0.02854938271604938
0 0.4021267361111111 0.037037037037037035 0.03602430555555555 0.032407407407407406
0 0.4819878472222222 0.03202160493827161 0.01953125 0.016203703703703703
0 0.7139756944444444 0.11689814814814815 0.042534722222222224 0.05941358024691358
0 0.7393663194444444 0.11419753086419752 0.025607638888888888 0.046296296296296294
0 0.7608506944444444 0.11728395061728394 0.020833333333333332 0.038580246913580245
0 0.845703125 0.19868827160493827 0.05251736111111111 0.05478395061728395