0 0.8155381944444444 0.30478395061728397 0.10243055555555555 0.12191358024691358
0 0.5631510416666666 0.11689814814814815 0.06987847222222222 0.06712962962962964
0 0.6378038194444444 0.2175925925925926 0.1462673611111111 0.12808641975308643
0 0.3776041666666667 0.04050925925925926 0.035590277777777776 0.033179012345679014
0 0.2712673611111111 0.08719135802469136 0.07725694444444445 0.07716049382716049
0 0.3517795138888889 0.03202160493827161 0.03428819444444445 0.031635802469135804
0 0.3272569444444444 0.034722222222222224 0.030381944444444444 0.030864197530864196
1 0.16341145833333334 0.22800925925925927 0.02734375 0.1396604938271605
0 0.2111545138888889 0.040123456790123455 0.04470486111111111 0.033950617283950615
0 0.2628038194444444 0.03279320987654321 0.04296875 0.031635802469135804
0 0.4212239583333333 0.05324074074074074 0.030815972222222224 0.032407407407407406
0 0.478515625 0.04128086419753087 0.032552083333333336 0.02700617283950617
0 0.50390625 0.040123456790123455 0.030381944444444444 0.024691358024691357
0 0.677734375 0.16589506172839505 0.07074652777777778 0.08179012345679013
0 0.7556423611111112 0.16396604938271606 0.07378472222222222 0.08564814814814815
0 0.8044704861111112 0.2330246913580247 0.12890625 0.09259259259259259