0 0.14171006944444445 0.38078703703703703 0.2565104166666667 0.2662037037037037
0 0.18684895833333334 0.7511574074074074 0.3728298611111111 0.48842592592592593
0 0.4917534722222222 0.08140432098765432 0.04079861111111111 0.04552469135802469
0 0.6022135416666666 0.10648148148148148 0.05685763888888889 0.06172839506172839
0 0.35546875 0.05594135802469136 0.05555555555555555 0.04089506172839506
0 0.2300347222222222 0.06828703703703703 0.05381944444444445 0.04243827160493827
0 0.5477430555555556 0.09722222222222222 0.059027777777777776 0.044753086419753084
0 0.2894965277777778 0.0466820987654321 0.04774305555555555 0.034722222222222224
0 0.6584201388888888 0.13310185185185186 0.04079861111111111 0.06867283950617284
0 0.09505208333333333 0.26273148148148145 0.1892361111111111 0.16435185185185186
0 0.4105902777777778 0.06481481481481481 0.041666666666666664 0.038580246913580245
0 0.7610677083333334 0.19868827160493827 0.08984375 0.11651234567901235
0 0.3784722222222222 0.03279320987654321 0.042534722222222224 0.02700617283950617
0 0.2348090277777778 0.034722222222222224 0.035590277777777776 0.027777777777777776
0 0.4937065972222222 0.03973765432098766 0.031684027777777776 0.022376543209876542
0 0.3359375 0.03356481481481482 0.030381944444444444 0.036265432098765434
0 0.6458333333333334 0.10069444444444445 0.03732638888888889 0.05478395061728395
1 0.7443576388888888 0.5057870370370371 0.06076388888888889 0.27546296296296297
1 0.5954861111111112 0.45949074074074076 0.052083333333333336 0.26157407407407407
0 0.3053385416666667 0.03009259259259259 0.03689236111111111 0.023148148148148147
0 0.6829427083333334 0.10146604938271606 0.03515625 0.0470679012345679