0 0.1853298611111111 0.7854938271604939 0.3619791666666667 0.42901234567901236
0 0.3483072916666667 0.29128086419753085 0.2365451388888889 0.2013888888888889
0 0.5010850694444444 0.07253086419753087 0.048177083333333336 0.035493827160493825
0 0.5353732638888888 0.09182098765432099 0.0646701388888889 0.046296296296296294
0 0.3680555555555556 0.05787037037037037 0.05555555555555555 0.040123456790123455
0 0.2513020833333333 0.043209876543209874 0.04513888888888889 0.035493827160493825
0 0.3127170138888889 0.04976851851851852 0.05078125 0.03780864197530864
0 0.2074652777777778 0.03896604938271605 0.03732638888888889 0.031635802469135804
0 0.6597222222222222 0.13194444444444445 0.08940972222222222 0.06635802469135803
0 0.615234375 0.1095679012345679 0.06032986111111111 0.044753086419753084
0 0.4908854166666667 0.03819444444444445 0.029513888888888888 0.020833333333333332
0 0.5794270833333334 0.09837962962962964 0.05381944444444445 0.04552469135802469
0 0.2816840277777778 0.038580246913580245 0.026909722222222224 0.026234567901234566
1 0.5933159722222222 0.7372685185185185 0.09375 0.4174382716049383
1 0.1950954861111111 0.12037037037037036 0.016927083333333332 0.08179012345679013
1 0.029947916666666668 0.20679012345679013 0.021701388888888888 0.10030864197530864
0 0.4006076388888889 0.057484567901234566 0.017361111111111112 0.03935185185185185
0 0.4665798611111111 0.05864197530864197 0.019965277777777776 0.030864197530864196