0 0.302734375 0.10532407407407407 0.0802951388888889 0.06712962962962964
0 0.2204861111111111 0.04205246913580247 0.043402777777777776 0.034722222222222224
0 0.5030381944444444 0.1570216049382716 0.11024305555555555 0.10570987654320987
0 0.3387586805555556 0.03202160493827161 0.045572916666666664 0.02854938271604938
0 0.2938368055555556 0.025848765432098766 0.034722222222222224 0.02546296296296296
0 0.4982638888888889 0.03742283950617284 0.03125 0.022376543209876542
0 0.712890625 0.2503858024691358 0.14366319444444445 0.15354938271604937
0 0.7484809027777778 0.16203703703703703 0.045572916666666664 0.06172839506172839
0 0.77734375 0.11072530864197531 0.017361111111111112 0.02546296296296296
1 0.7371961805555556 0.5763888888888888 0.0837673611111111 0.3194444444444444
1 0.035807291666666664 0.2044753086419753 0.021267361111111112 0.12037037037037036
1 0.1423611111111111 0.14390432098765432 0.022569444444444444 0.09799382716049383