0 0.4262152777777778 0.25617283950617287 0.2144097222222222 0.17746913580246915
0 0.08138020833333333 0.6238425925925926 0.1618923611111111 0.38503086419753085
0 0.4876302083333333 0.033950617283950615 0.04210069444444445 0.027777777777777776
0 0.3500434027777778 0.05092592592592592 0.05078125 0.037037037037037035
0 0.8430989583333334 0.19945987654320987 0.055989583333333336 0.05632716049382716
0 0.7849392361111112 0.15432098765432098 0.06987847222222222 0.05709876543209876
0 0.22721354166666666 0.03935185185185185 0.04296875 0.033950617283950615
0 0.275390625 0.03742283950617284 0.01953125 0.04089506172839506
0 0.7621527777777778 0.10532407407407407 0.028645833333333332 0.04243827160493827
0 0.6848958333333334 0.17708333333333334 0.05642361111111111 0.06867283950617284
0 0.3226996527777778 0.030478395061728395 0.025607638888888888 0.02546296296296296
0 0.4001736111111111 0.04050925925925926 0.03125 0.02546296296296296
0 0.19444444444444445 0.036265432098765434 0.029513888888888888 0.032407407407407406
1 0.8311631944444444 0.3958333333333333 0.04774305555555555 0.2021604938271605
0 0.3344184027777778 0.036265432098765434 0.017795138888888888 0.032407407407407406
0 0.3832465277777778 0.032407407407407406 0.025173611111111112 0.027777777777777776
0 0.169921875 0.04128086419753087 0.023871527777777776 0.034722222222222224