0 0.6024305555555556 0.09722222222222222 0.04861111111111111 0.043209876543209874
0 0.5362413194444444 0.08757716049382716 0.05946180555555555 0.05015432098765432
0 0.771484375 0.27391975308641975 0.16883680555555555 0.16203703703703703
0 0.4800347222222222 0.06828703703703703 0.04774305555555555 0.04243827160493827
0 0.6497395833333334 0.1076388888888889 0.035590277777777776 0.05015432098765432
0 0.3999565972222222 0.05478395061728395 0.04296875 0.038580246913580245
0 0.2947048611111111 0.0470679012345679 0.04774305555555555 0.033950617283950615
0 0.2048611111111111 0.03202160493827161 0.03125 0.02700617283950617
0 0.23567708333333334 0.02816358024691358 0.033854166666666664 0.02700617283950617
0 0.3190104166666667 0.03202160493827161 0.033854166666666664 0.034722222222222224
0 0.6896701388888888 0.10648148148148148 0.026041666666666668 0.037037037037037035
0 0.3810763888888889 0.03125 0.03125 0.023919753086419752
0 0.3643663194444444 0.038580246913580245 0.030815972222222224 0.030864197530864196
1 0.8016493055555556 0.4324845679012346 0.059027777777777776 0.22299382716049382
1 0.7274305555555556 0.623070987654321 0.10069444444444445 0.36496913580246915
0 0.2630208333333333 0.031635802469135804 0.04079861111111111 0.027777777777777776
0 0.3276909722222222 0.04089506172839506 0.019965277777777776 0.032407407407407406
0 0.3960503472222222 0.034722222222222224 0.039496527777777776 0.024691358024691357
0 0.4806857638888889 0.040123456790123455 0.037760416666666664 0.021604938271604937
0 0.17078993055555555 0.03973765432098766 0.026475694444444444 0.033179012345679014