0 0.13368055555555555 0.8256172839506173 0.2664930555555556 0.3487654320987654
0 0.5490451388888888 0.12731481481481483 0.06076388888888889 0.06635802469135803
0 0.22330729166666666 0.041666666666666664 0.045572916666666664 0.037037037037037035
0 0.7610677083333334 0.314429012345679 0.1974826388888889 0.1705246913580247
0 0.2992621527777778 0.021604938271604937 0.04296875 0.030864197530864196
0 0.6082899305555556 0.1095679012345679 0.04904513888888889 0.04938271604938271
0 0.3958333333333333 0.02662037037037037 0.041666666666666664 0.02546296296296296
1 0.3118489583333333 0.16358024691358025 0.023003472222222224 0.09876543209876543
1 0.3274739583333333 0.1574074074074074 0.020399305555555556 0.1095679012345679
0 0.6781684027777778 0.17785493827160495 0.07074652777777778 0.09490740740740741
0 0.7044270833333334 0.1284722222222222 0.044270833333333336 0.06095679012345679
0 0.4993489583333333 0.040123456790123455 0.03515625 0.026234567901234566