0 0.4934895833333333 0.07214506172839506 0.0390625 0.036265432098765434
0 0.1851128472222222 0.7862654320987654 0.3615451388888889 0.42592592592592593
0 0.5186631944444444 0.1739969135802469 0.11284722222222222 0.11959876543209877
0 0.5720486111111112 0.11419753086419752 0.052083333333333336 0.07561728395061729
0 0.8146701388888888 0.1840277777777778 0.07291666666666667 0.06712962962962964
0 0.3504774305555556 0.05478395061728395 0.053385416666666664 0.038580246913580245
0 0.21354166666666666 0.040123456790123455 0.042534722222222224 0.032407407407407406
0 0.2814670138888889 0.043209876543209874 0.04904513888888889 0.037037037037037035
0 0.3177083333333333 0.036265432098765434 0.030381944444444444 0.027777777777777776
0 0.3795572916666667 0.034722222222222224 0.0881076388888889 0.06790123456790123
0 0.4993489583333333 0.03819444444444445 0.03342013888888889 0.022376543209876542
0 0.24283854166666666 0.037037037037037035 0.024739583333333332 0.030864197530864196
1 0.67578125 0.6585648148148148 0.10590277777777778 0.36959876543209874
1 0.062065972222222224 0.527391975308642 0.07378472222222222 0.2044753086419753
0 0.8602430555555556 0.19945987654320987 0.019965277777777776 0.04089506172839506