0 0.09223090277777778 0.2820216049382716 0.18359375 0.21219135802469136
0 0.1851128472222222 0.7881944444444444 0.3606770833333333 0.4236111111111111
0 0.4283854166666667 0.28742283950617287 0.1918402777777778 0.18132716049382716
0 0.361328125 0.19984567901234568 0.13671875 0.11728395061728394
0 0.62109375 0.16126543209876543 0.16927083333333334 0.2021604938271605
0 0.2890625 0.09760802469135803 0.08680555555555555 0.0763888888888889
0 0.20833333333333334 0.03935185185185185 0.04079861111111111 0.032407407407407406
0 0.5262586805555556 0.08101851851851852 0.03515625 0.038580246913580245
0 0.4752604166666667 0.06867283950617284 0.03993055555555555 0.043209876543209874
0 0.3669704861111111 0.05594135802469136 0.05946180555555555 0.04552469135802469
0 0.3151041666666667 0.047453703703703706 0.042534722222222224 0.036265432098765434
0 0.7738715277777778 0.14506172839506173 0.049479166666666664 0.05864197530864197
0 0.384765625 0.02507716049382716 0.061197916666666664 0.04089506172839506
0 0.2823350694444444 0.03587962962962963 0.032552083333333336 0.02854938271604938
1 0.10503472222222222 0.15162037037037038 0.020833333333333332 0.06712962962962964
0 0.2595486111111111 0.046296296296296294 0.04513888888888889 0.030864197530864196
0 0.3346354166666667 0.023148148148148147 0.042534722222222224 0.023148148148148147
0 0.4034288194444444 0.05632716049382716 0.025607638888888888 0.038580246913580245
0 0.4696180555555556 0.03125 0.028645833333333332 0.033179012345679014
0 0.4852430555555556 0.04243827160493827 0.03211805555555555 0.021604938271604937
0 0.5088975694444444 0.03780864197530864 0.029947916666666668 0.016975308641975308
0 0.7586805555555556 0.16666666666666666 0.05295138888888889 0.07253086419753087