0 0.1859809027777778 0.7854938271604939 0.3624131944444444 0.42901234567901236
0 0.5006510416666666 0.08680555555555555 0.05946180555555555 0.04861111111111111
0 0.3849826388888889 0.06018518518518518 0.05555555555555555 0.040123456790123455
0 0.1955295138888889 0.041666666666666664 0.040364583333333336 0.032407407407407406
0 0.6788194444444444 0.2662037037037037 0.1779513888888889 0.14814814814814814
0 0.3196614583333333 0.05092592592592592 0.04904513888888889 0.033950617283950615
0 0.2625868055555556 0.04128086419753087 0.049479166666666664 0.03935185185185185
0 0.4739583333333333 0.052083333333333336 0.034722222222222224 0.03009259259259259
0 0.3587239583333333 0.0466820987654321 0.038628472222222224 0.04243827160493827
1 0.7484809027777778 0.38927469135802467 0.046440972222222224 0.22299382716049382
0 0.4782986111111111 0.038580246913580245 0.03125 0.024691358024691357
0 0.6937934027777778 0.1087962962962963 0.1072048611111111 0.10339506172839506