0 0.1853298611111111 0.7862654320987654 0.3611111111111111 0.42746913580246915
0 0.5900607638888888 0.10378086419753087 0.06553819444444445 0.10416666666666667
0 0.5397135416666666 0.09567901234567901 0.055989583333333336 0.041666666666666664
0 0.4919704861111111 0.08256172839506173 0.04210069444444445 0.043209876543209874
0 0.3255208333333333 0.047453703703703706 0.05555555555555555 0.04243827160493827
0 0.3776041666666667 0.05439814814814815 0.04600694444444445 0.034722222222222224
0 0.4060329861111111 0.0625 0.04904513888888889 0.040123456790123455
0 0.7847222222222222 0.1693672839506173 0.078125 0.06558641975308642
0 0.2107204861111111 0.03896604938271605 0.04470486111111111 0.034722222222222224
0 0.6762152777777778 0.12962962962962962 0.0390625 0.05555555555555555
0 0.4780815972222222 0.04089506172839506 0.032552083333333336 0.023148148148148147
1 0.7667100694444444 0.48225308641975306 0.06293402777777778 0.2808641975308642
0 0.2810329861111111 0.041666666666666664 0.03342013888888889 0.043209876543209874