0 0.2779947916666667 0.3298611111111111 0.2608506944444444 0.2152777777777778
0 0.4826388888888889 0.07947530864197531 0.03298611111111111 0.047839506172839504
0 0.3884548611111111 0.04976851851851852 0.042534722222222224 0.03780864197530864
0 0.6011284722222222 0.09953703703703703 0.06076388888888889 0.043209876543209874
0 0.2495659722222222 0.04243827160493827 0.04600694444444445 0.033950617283950615
0 0.3318142361111111 0.05169753086419753 0.04904513888888889 0.046296296296296294
0 0.484375 0.041666666666666664 0.033854166666666664 0.029320987654320986
1 0.7747395833333334 0.38233024691358025 0.04600694444444445 0.19367283950617284
1 0.7131076388888888 0.3773148148148148 0.041666666666666664 0.2021604938271605
0 0.2319878472222222 0.03587962962962963 0.02734375 0.033179012345679014
0 0.17643229166666666 0.04050925925925926 0.037760416666666664 0.033179012345679014
0 0.3795572916666667 0.03009259259259259 0.028211805555555556 0.027777777777777776
0 0.552734375 0.10609567901234568 0.047309027777777776 0.10262345679012345
0 0.7235243055555556 0.12152777777777778 0.03993055555555555 0.06095679012345679