0 0.5759548611111112 0.10146604938271606 0.06076388888888889 0.04861111111111111
0 0.4937065972222222 0.07947530864197531 0.04210069444444445 0.043209876543209874
0 0.3489583333333333 0.05246913580246913 0.05555555555555555 0.041666666666666664
0 0.8389756944444444 0.19637345679012347 0.06336805555555555 0.06404320987654322
0 0.2250434027777778 0.04089506172839506 0.032552083333333336 0.030864197530864196
0 0.4019097222222222 0.03356481481481482 0.03819444444444445 0.034722222222222224
0 0.4014756944444444 0.06095679012345679 0.03993055555555555 0.038580246913580245
0 0.6788194444444444 0.10570987654320987 0.03125 0.038580246913580245
0 0.7899305555555556 0.14390432098765432 0.0798611111111111 0.07175925925925926
1 0.7879774305555556 0.4513888888888889 0.05251736111111111 0.22376543209876543
1 0.09114583333333333 0.23842592592592593 0.026041666666666668 0.13117283950617284
1 0.7293836805555556 0.38040123456790126 0.04383680555555555 0.19753086419753085
1 0.7899305555555556 0.3410493827160494 0.034722222222222224 0.11265432098765432
0 0.7144097222222222 0.1697530864197531 0.0859375 0.08487654320987655
0 0.4720052083333333 0.03587962962962963 0.029947916666666668 0.03935185185185185
0 0.5071614583333334 0.038580246913580245 0.030815972222222224 0.023148148148148147
0 0.3381076388888889 0.02816358024691358 0.052083333333333336 0.036265432098765434
0 0.2667100694444444 0.04436728395061729 0.04470486111111111 0.0470679012345679