0 0.5162760416666666 0.07947530864197531 0.039496527777777776 0.040123456790123455
0 0.19010416666666666 0.04205246913580247 0.044270833333333336 0.02700617283950617
0 0.8229166666666666 0.1712962962962963 0.10069444444444445 0.10030864197530864
0 0.7450086805555556 0.16242283950617284 0.04991319444444445 0.07330246913580248
0 0.7220052083333334 0.10570987654320987 0.1193576388888889 0.10030864197530864
0 0.3270399305555556 0.040123456790123455 0.08637152777777778 0.06172839506172839
0 0.4359809027777778 0.062114197530864196 0.07161458333333333 0.04398148148148148
0 0.2560763888888889 0.04128086419753087 0.041666666666666664 0.036265432098765434
0 0.3936631944444444 0.03742283950617284 0.019965277777777776 0.02546296296296296
0 0.5338541666666666 0.032407407407407406 0.03732638888888889 0.033950617283950615
1 0.3786892361111111 0.2179783950617284 0.02734375 0.13348765432098766