0 0.3522135416666667 0.12692901234567902 0.08723958333333333 0.07484567901234568
0 0.5562065972222222 0.13618827160493827 0.04470486111111111 0.06712962962962964
0 0.2868923611111111 0.0466820987654321 0.041666666666666664 0.03009259259259259
0 0.4787326388888889 0.040123456790123455 0.03211805555555555 0.021604938271604937
0 0.6605902777777778 0.13541666666666666 0.03993055555555555 0.07484567901234568
0 0.3695746527777778 0.02854938271604938 0.055121527777777776 0.037037037037037035
0 0.5989583333333334 0.11226851851851852 0.057291666666666664 0.07330246913580248
0 0.8274739583333334 0.24768518518518517 0.07161458333333333 0.10648148148148148
0 0.2146267361111111 0.04282407407407408 0.045572916666666664 0.033179012345679014
0 0.3029513888888889 0.027777777777777776 0.03993055555555555 0.029320987654320986
0 0.7200520833333334 0.13001543209876543 0.0390625 0.06095679012345679
0 0.4943576388888889 0.03896604938271605 0.024305555555555556 0.020833333333333332
0 0.5881076388888888 0.08024691358024691 0.0720486111111111 0.06635802469135803
1 0.7786458333333334 0.46103395061728397 0.06336805555555555 0.2368827160493827