0 0.18294270833333334 0.7993827160493827 0.3598090277777778 0.4012345679012346
0 0.16905381944444445 0.435570987654321 0.3372395833333333 0.2816358024691358
0 0.3524305555555556 0.19521604938271606 0.14756944444444445 0.12191358024691358
0 0.1937934027777778 0.08101851851851852 0.0646701388888889 0.047839506172839504
0 0.8174913194444444 0.1840277777777778 0.07855902777777778 0.06867283950617284
0 0.3817274305555556 0.05941358024691358 0.055989583333333336 0.040123456790123455
0 0.4991319444444444 0.07098765432098765 0.036458333333333336 0.037037037037037035
0 0.31640625 0.04938271604938271 0.05381944444444445 0.041666666666666664
0 0.75390625 0.20871913580246915 0.09895833333333333 0.10262345679012345
0 0.4748263888888889 0.07600308641975309 0.026041666666666668 0.04243827160493827
0 0.19422743055555555 0.04050925925925926 0.04470486111111111 0.034722222222222224
0 0.2608506944444444 0.04050925925925926 0.05381944444444445 0.04243827160493827
1 0.8209635416666666 0.45524691358024694 0.061197916666666664 0.21450617283950618
1 0.2814670138888889 0.15084876543209877 0.023003472222222224 0.09953703703703703
1 0.3059895833333333 0.1427469135802469 0.0234375 0.07098765432098765
0 0.3576388888888889 0.04552469135802469 0.0390625 0.040123456790123455
0 0.7317708333333334 0.14390432098765432 0.06770833333333333 0.04552469135802469