0 0.1193576388888889 0.44367283950617287 0.23697916666666666 0.2700617283950617
0 0.638671875 0.2056327160493827 0.11675347222222222 0.12114197530864197
0 0.5286458333333334 0.09066358024691358 0.0642361111111111 0.04861111111111111
0 0.09722222222222222 0.2650462962962963 0.1814236111111111 0.13503086419753085
0 0.3671875 0.058256172839506175 0.052083333333333336 0.03935185185185185
0 0.2287326388888889 0.04205246913580247 0.03819444444444445 0.03009259259259259
0 0.6516927083333334 0.12307098765432099 0.06553819444444445 0.06558641975308642
0 0.2951388888888889 0.047453703703703706 0.04861111111111111 0.033179012345679014
0 0.7845052083333334 0.16165123456790123 0.08463541666666667 0.07947530864197531
0 0.4027777777777778 0.03202160493827161 0.035590277777777776 0.02700617283950617
0 0.4670138888888889 0.043209876543209874 0.026041666666666668 0.027777777777777776
0 0.1872829861111111 0.036265432098765434 0.04123263888888889 0.027777777777777776
0 0.4989149305555556 0.04128086419753087 0.028211805555555556 0.019290123456790122
1 0.4129774305555556 0.3113425925925926 0.026475694444444444 0.16280864197530864
0 0.6597222222222222 0.09722222222222222 0.0390625 0.035493827160493825
0 0.3708767361111111 0.036265432098765434 0.025607638888888888 0.030864197530864196
0 0.3302951388888889 0.044753086419753084 0.025173611111111112 0.038580246913580245
0 0.2964409722222222 0.027777777777777776 0.03819444444444445 0.016975308641975308