0 0.18446180555555555 0.7878086419753086 0.3602430555555556 0.4243827160493827
0 0.6278211805555556 0.10609567901234568 0.047309027777777776 0.05015432098765432
0 0.5392795138888888 0.09143518518518519 0.05946180555555555 0.04552469135802469
0 0.3506944444444444 0.056712962962962965 0.0546875 0.03780864197530864
0 0.4958767361111111 0.07407407407407407 0.04991319444444445 0.037037037037037035
0 0.21397569444444445 0.04089506172839506 0.042534722222222224 0.030864197530864196
0 0.2853732638888889 0.04359567901234568 0.040364583333333336 0.036265432098765434
0 0.4639756944444444 0.05324074074074074 0.0234375 0.026234567901234566
0 0.7426215277777778 0.16280864197530864 0.050347222222222224 0.06327160493827161
0 0.4116753472222222 0.06751543209876543 0.03689236111111111 0.034722222222222224
0 0.3871527777777778 0.04938271604938271 0.034722222222222224 0.032407407407407406
0 0.3185763888888889 0.027777777777777776 0.0859375 0.05401234567901234
1 0.6495225694444444 0.7191358024691358 0.14973958333333334 0.47530864197530864