0 0.5924479166666666 0.09953703703703703 0.06076388888888889 0.041666666666666664
0 0.4819878472222222 0.06905864197530864 0.02734375 0.03780864197530864
0 0.3880208333333333 0.04513888888888889 0.027777777777777776 0.033179012345679014
0 0.2938368055555556 0.048996913580246916 0.04600694444444445 0.03009259259259259
0 0.5110677083333334 0.9471450617283951 0.12109375 0.10108024691358025
0 0.5082465277777778 0.03510802469135803 0.028645833333333332 0.020833333333333332
0 0.5375434027777778 0.8649691358024691 0.05859375 0.08950617283950617
0 0.3322482638888889 0.030478395061728395 0.0759548611111111 0.05941358024691358
0 0.2265625 0.03780864197530864 0.049479166666666664 0.040123456790123455
0 0.4069010416666667 0.03742283950617284 0.02734375 0.02700617283950617
0 0.7135416666666666 0.1253858024691358 0.03211805555555555 0.05324074074074074
1 0.5106336805555556 0.9097222222222222 0.12369791666666667 0.18055555555555555