0 0.30859375 0.03279320987654321 0.04513888888888889 0.03009259259259259
0 0.3413628472222222 0.30246913580246915 0.18446180555555555 0.18518518518518517
0 0.5785590277777778 0.11612654320987655 0.06336805555555555 0.05632716049382716
0 0.19053819444444445 0.07561728395061729 0.05381944444444445 0.047839506172839504
0 0.3997395833333333 0.0466820987654321 0.03819444444444445 0.03935185185185185
0 0.3739149305555556 0.03973765432098766 0.029947916666666668 0.033179012345679014
0 0.7953559027777778 0.18248456790123457 0.0881076388888889 0.06558641975308642
0 0.7224392361111112 0.11574074074074074 0.03342013888888889 0.044753086419753084
0 0.7582465277777778 0.11342592592592593 0.020833333333333332 0.030864197530864196
0 0.2241753472222222 0.03356481481481482 0.04296875 0.02546296296296296
0 0.2758246527777778 0.03125 0.024739583333333332 0.02854938271604938
0 0.1697048611111111 0.038580246913580245 0.025173611111111112 0.027777777777777776
0 0.4952256944444444 0.03896604938271605 0.043402777777777776 0.02854938271604938
1 0.78125 0.44907407407407407 0.057291666666666664 0.27314814814814814
1 0.7447916666666666 0.44637345679012347 0.04513888888888889 0.2368827160493827