0 0.2853732638888889 0.3101851851851852 0.23828125 0.2052469135802469
0 0.18619791666666666 0.7862654320987654 0.3628472222222222 0.42746913580246915
0 0.5559895833333334 0.24112654320987653 0.18489583333333334 0.13194444444444445
0 0.4034288194444444 0.059799382716049385 0.055121527777777776 0.04089506172839506
0 0.4943576388888889 0.08024691358024691 0.049479166666666664 0.047839506172839504
0 0.5902777777777778 0.09683641975308642 0.05642361111111111 0.05787037037037037
0 0.22743055555555555 0.04128086419753087 0.03993055555555555 0.031635802469135804
0 0.3344184027777778 0.05092592592592592 0.05685763888888889 0.041666666666666664
0 0.5407986111111112 0.15625 0.1076388888888889 0.07175925925925926
0 0.2847222222222222 0.03780864197530864 0.03732638888888889 0.032407407407407406
0 0.19205729166666666 0.032407407407407406 0.04210069444444445 0.035493827160493825
1 0.6710069444444444 0.8001543209876543 0.1232638888888889 0.39814814814814814
1 0.5679253472222222 0.6963734567901234 0.11328125 0.4097222222222222
0 0.31640625 0.03202160493827161 0.021701388888888888 0.03009259259259259
0 0.3661024305555556 0.05015432098765432 0.020399305555555556 0.032407407407407406
0 0.4759114583333333 0.033950617283950615 0.037760416666666664 0.037037037037037035
0 0.5638020833333334 0.10339506172839506 0.0703125 0.05092592592592592
0 0.5381944444444444 0.12692901234567902 0.059895833333333336 0.05169753086419753
0 0.849609375 0.1728395061728395 0.05164930555555555 0.10493827160493827