0 0.2777777777777778 0.21720679012345678 0.1545138888888889 0.14429012345679013
0 0.10394965277777778 0.4471450617283951 0.20703125 0.30632716049382713
0 0.6304253472222222 0.1091820987654321 0.07682291666666667 0.06404320987654322
0 0.2662760416666667 0.03279320987654321 0.047309027777777776 0.03009259259259259
0 0.3038194444444444 0.02970679012345679 0.021701388888888888 0.02854938271604938
0 0.3619791666666667 0.036265432098765434 0.026041666666666668 0.030864197530864196
0 0.6746961805555556 0.10686728395061729 0.026475694444444444 0.036265432098765434
0 0.4937065972222222 0.03819444444444445 0.025607638888888888 0.022376543209876542
0 0.3823784722222222 0.03356481481481482 0.03298611111111111 0.023919753086419752
1 0.6655815972222222 0.6496913580246914 0.08637152777777778 0.3904320987654321
0 0.3326822916666667 0.03356481481481482 0.022135416666666668 0.03009259259259259
0 0.4147135416666667 0.06172839506172839 0.03515625 0.037037037037037035
0 0.4737413194444444 0.043209876543209874 0.03602430555555555 0.026234567901234566
0 0.4123263888888889 0.037037037037037035 0.0234375 0.027777777777777776
0 0.7055121527777778 0.10223765432098765 0.02734375 0.0470679012345679