0 0.2842881944444444 0.31867283950617287 0.2517361111111111 0.24845679012345678
0 0.1345486111111111 0.8179012345679012 0.2682291666666667 0.36419753086419754
0 0.3930121527777778 0.0628858024691358 0.062065972222222224 0.04861111111111111
0 0.24609375 0.09837962962962964 0.078125 0.06404320987654322
0 0.4939236111111111 0.07175925925925926 0.03993055555555555 0.044753086419753084
0 0.029947916666666668 0.3263888888888889 0.059027777777777776 0.22839506172839505
0 0.2858072916666667 0.02546296296296296 0.037760416666666664 0.027777777777777776
0 0.3528645833333333 0.031635802469135804 0.03211805555555555 0.030864197530864196
0 0.6792534722222222 0.14660493827160495 0.08506944444444445 0.06635802469135803
1 0.7740885416666666 0.4992283950617284 0.062065972222222224 0.29012345679012347
1 0.7003038194444444 0.7399691358024691 0.11328125 0.4351851851851852
1 0.5805121527777778 0.6778549382716049 0.0802951388888889 0.43441358024691357
1 0.6293402777777778 0.7488425925925926 0.0703125 0.30169753086419754
1 0.23828125 0.04398148148148148 0.042534722222222224 0.037037037037037035
0 0.4683159722222222 0.040123456790123455 0.026909722222222224 0.026234567901234566
0 0.5088975694444444 0.037037037037037035 0.031684027777777776 0.023148148148148147
0 0.4077690972222222 0.028935185185185185 0.023003472222222224 0.02854938271604938
0 0.701171875 0.11959876543209877 0.03602430555555555 0.033950617283950615
0 0.7387152777777778 0.11535493827160494 0.033854166666666664 0.04861111111111111