0 0.5130208333333334 0.1412037037037037 0.0798611111111111 0.07098765432098765
0 0.5444878472222222 0.09760802469135803 0.06553819444444445 0.04552469135802469
0 0.4928385416666667 0.08179012345679013 0.047309027777777776 0.046296296296296294
0 0.10872395833333333 0.7885802469135802 0.2165798611111111 0.41358024691358025
0 0.8216145833333334 0.28703703703703703 0.0876736111111111 0.21450617283950618
0 0.3780381944444444 0.046296296296296294 0.034722222222222224 0.026234567901234566
0 0.6710069444444444 0.09182098765432099 0.05381944444444445 0.06790123456790123
0 0.3984375 0.0628858024691358 0.043402777777777776 0.04089506172839506
0 0.7532552083333334 0.1597222222222222 0.07335069444444445 0.05401234567901234
0 0.3266059027777778 0.04938271604938271 0.061197916666666664 0.05246913580246913
0 0.2732204861111111 0.04513888888888889 0.046440972222222224 0.04089506172839506
0 0.2113715277777778 0.03935185185185185 0.046875 0.033950617283950615
0 0.17296006944444445 0.04128086419753087 0.037760416666666664 0.031635802469135804
0 0.23914930555555555 0.033950617283950615 0.028645833333333332 0.029320987654320986
1 0.5021701388888888 0.8209876543209876 0.14322916666666666 0.35648148148148145