0 0.12955729166666666 0.32677469135802467 0.2573784722222222 0.4174382716049383
0 0.22916666666666666 0.08796296296296297 0.058159722222222224 0.05401234567901234
0 0.8038194444444444 0.21219135802469136 0.125 0.2037037037037037
0 0.4778645833333333 0.041666666666666664 0.03298611111111111 0.023148148148148147
0 0.4075520833333333 0.03819444444444445 0.026041666666666668 0.02700617283950617
0 0.3754340277777778 0.050540123456790126 0.034722222222222224 0.03009259259259259
0 0.3226996527777778 0.03587962962962963 0.0837673611111111 0.07021604938271606
0 0.1931423611111111 0.036265432098765434 0.042534722222222224 0.027777777777777776
0 0.7152777777777778 0.12037037037037036 0.034722222222222224 0.05401234567901234
1 0.7430555555555556 0.5250771604938271 0.08506944444444445 0.3341049382716049
0 0.3836805555555556 0.03742283950617284 0.03211805555555555 0.033179012345679014