0 0.3122829861111111 0.028935185185185185 0.04296875 0.03009259259259259
0 0.5564236111111112 0.1246141975308642 0.0546875 0.06867283950617284
0 0.08094618055555555 0.6246141975308642 0.16102430555555555 0.3896604938271605
0 0.2126736111111111 0.040123456790123455 0.04513888888888889 0.035493827160493825
0 0.5026041666666666 0.2689043209876543 0.21180555555555555 0.1597222222222222
0 0.6111111111111112 0.11689814814814815 0.04774305555555555 0.05787037037037037
0 0.3828125 0.032407407407407406 0.0390625 0.029320987654320986
0 0.7688802083333334 0.14506172839506173 0.05078125 0.06481481481481481
0 0.673828125 0.13271604938271606 0.040364583333333336 0.05246913580246913
0 0.7335069444444444 0.16859567901234568 0.08333333333333333 0.06558641975308642
0 0.6662326388888888 0.10108024691358025 0.036458333333333336 0.038580246913580245
1 0.0818142361111111 0.16203703703703703 0.014322916666666666 0.09259259259259259
0 0.18467881944444445 0.03935185185185185 0.037760416666666664 0.033950617283950615
0 0.4698350694444444 0.04205246913580247 0.024739583333333332 0.02546296296296296
0 0.4956597222222222 0.04282407407407408 0.03125 0.017746913580246913
0 0.7105034722222222 0.12037037037037036 0.026909722222222224 0.047839506172839504