0 0.287109375 0.3175154320987654 0.22960069444444445 0.2044753086419753
0 0.5657552083333334 0.2681327160493827 0.16710069444444445 0.15200617283950618
0 0.37890625 0.09567901234567901 0.0642361111111111 0.05864197530864197
0 0.5421006944444444 0.08063271604938271 0.051215277777777776 0.04552469135802469
0 0.3285590277777778 0.028935185185185185 0.044270833333333336 0.03009259259259259
0 0.7009548611111112 0.18287037037037038 0.1232638888888889 0.17746913580246915
0 0.4871961805555556 0.03819444444444445 0.04123263888888889 0.036265432098765434
0 0.038411458333333336 0.5354938271604939 0.0759548611111111 0.3441358024691358
0 0.7849392361111112 0.19135802469135801 0.0724826388888889 0.10493827160493827
0 0.2484809027777778 0.03433641975308642 0.05772569444444445 0.05324074074074074
1 0.6482204861111112 0.7889660493827161 0.11414930555555555 0.42052469135802467
0 0.7795138888888888 0.11265432098765432 0.022569444444444444 0.030864197530864196