0 0.6041666666666666 0.11188271604938271 0.059027777777777776 0.06635802469135803
0 0.5288628472222222 0.09297839506172839 0.06380208333333333 0.05324074074074074
0 0.2955729166666667 0.04822530864197531 0.04861111111111111 0.034722222222222224
0 0.6742621527777778 0.10069444444444445 0.037760416666666664 0.04552469135802469
0 0.3680555555555556 0.060570987654320986 0.05555555555555555 0.04243827160493827
0 0.8446180555555556 0.2006172839506173 0.051215277777777776 0.06481481481481481
0 0.6631944444444444 0.15046296296296297 0.06076388888888889 0.05709876543209876
0 0.4353298611111111 0.16820987654320987 0.0876736111111111 0.08333333333333333
0 0.22916666666666666 0.04089506172839506 0.03993055555555555 0.032407407407407406
0 0.4737413194444444 0.035493827160493825 0.029947916666666668 0.023148148148148147
0 0.7252604166666666 0.12345679012345678 0.03819444444444445 0.05401234567901234
0 0.3322482638888889 0.044753086419753084 0.03342013888888889 0.035493827160493825
1 0.10590277777777778 0.2199074074074074 0.0234375 0.11728395061728394
1 0.029730902777777776 0.20833333333333334 0.016059027777777776 0.10493827160493827
1 0.014105902777777778 0.20640432098765432 0.018663194444444444 0.10262345679012345
0 0.3543836805555556 0.030864197530864196 0.028211805555555556 0.026234567901234566
0 0.3743489583333333 0.037037037037037035 0.029079861111111112 0.032407407407407406
0 0.4103732638888889 0.05864197530864197 0.039496527777777776 0.038580246913580245