0 0.12413194444444445 0.2835648148148148 0.2222222222222222 0.22762345679012347
0 0.3409288194444444 0.08641975308641975 0.0837673611111111 0.0787037037037037
0 0.8198784722222222 0.21412037037037038 0.09461805555555555 0.11188271604938271
0 0.2328559027777778 0.04205246913580247 0.037760416666666664 0.03009259259259259
0 0.6321614583333334 0.12731481481481483 0.04383680555555555 0.06018518518518518
0 0.7220052083333334 0.2334104938271605 0.13932291666666666 0.12885802469135801
0 0.7328559027777778 0.14467592592592593 0.05685763888888889 0.08256172839506173
1 0.10894097222222222 0.7287808641975309 0.14322916666666666 0.42669753086419754
1 0.8185763888888888 0.47337962962962965 0.05642361111111111 0.16126543209876543
0 0.2769097222222222 0.03433641975308642 0.020833333333333332 0.02700617283950617
0 0.2966579861111111 0.046296296296296294 0.054253472222222224 0.040123456790123455
0 0.4837239583333333 0.04243827160493827 0.040364583333333336 0.029320987654320986