0 0.2842881944444444 0.33449074074074076 0.24739583333333334 0.20910493827160495
0 0.5614149305555556 0.25733024691358025 0.16710069444444445 0.15046296296296297
0 0.10872395833333333 0.2700617283950617 0.19227430555555555 0.2021604938271605
0 0.5872395833333334 0.09259259259259259 0.0642361111111111 0.043209876543209874
0 0.4867621527777778 0.11342592592592593 0.03515625 0.07253086419753087
0 0.3012152777777778 0.02662037037037037 0.035590277777777776 0.02546296296296296
0 0.4032118055555556 0.1728395061728395 0.046875 0.06018518518518518
0 0.3734809027777778 0.13040123456790123 0.05772569444444445 0.06790123456790123
0 0.2068142361111111 0.04398148148148148 0.03602430555555555 0.032407407407407406
0 0.8580729166666666 0.18325617283950618 0.024305555555555556 0.07330246913580248
0 0.2664930555555556 0.03973765432098766 0.043402777777777776 0.04089506172839506
0 0.767578125 0.21103395061728394 0.10894097222222222 0.09799382716049383
0 0.7536892361111112 0.13695987654320987 0.13671875 0.10416666666666667
1 0.6605902777777778 0.7091049382716049 0.14149305555555555 0.4243827160493827
1 0.8274739583333334 0.38657407407407407 0.054253472222222224 0.13425925925925927