0 0.1870659722222222 0.7403549382716049 0.3715277777777778 0.5115740740740741
0 0.3541666666666667 0.1246141975308642 0.09461805555555555 0.07175925925925926
0 0.5907118055555556 0.27739197530864196 0.19270833333333334 0.14429012345679013
0 0.6553819444444444 0.10841049382716049 0.0685763888888889 0.06095679012345679
0 0.5438368055555556 0.1597222222222222 0.1423611111111111 0.10493827160493827
0 0.5536024305555556 0.10030864197530864 0.07335069444444445 0.047839506172839504
0 0.353515625 0.05555555555555555 0.055989583333333336 0.041666666666666664
0 0.2860243055555556 0.044753086419753084 0.04513888888888889 0.035493827160493825
0 0.7606336805555556 0.14621913580246915 0.04904513888888889 0.05169753086419753
0 0.4932725694444444 0.08179012345679013 0.04383680555555555 0.043209876543209874
0 0.4880642361111111 0.04243827160493827 0.031684027777777776 0.026234567901234566
0 0.3999565972222222 0.034722222222222224 0.04123263888888889 0.026234567901234566
0 0.798828125 0.09567901234567901 0.017795138888888888 0.029320987654320986
0 0.8107638888888888 0.2951388888888889 0.1032986111111111 0.15354938271604937
0 0.2326388888888889 0.04128086419753087 0.03732638888888889 0.031635802469135804
0 0.3029513888888889 0.03279320987654321 0.0546875 0.0470679012345679
0 0.7202690972222222 0.19791666666666666 0.1193576388888889 0.12422839506172839
0 0.7625868055555556 0.09992283950617284 0.026909722222222224 0.033179012345679014
0 0.4073350694444444 0.06404320987654322 0.03689236111111111 0.037037037037037035
1 0.6204427083333334 0.7307098765432098 0.09505208333333333 0.39197530864197533
1 0.6731770833333334 0.8036265432098766 0.10243055555555555 0.39274691358024694
0 0.21983506944444445 0.03202160493827161 0.04210069444444445 0.03935185185185185
0 0.169921875 0.038580246913580245 0.025607638888888888 0.027777777777777776
0 0.3550347222222222 0.030864197530864196 0.033854166666666664 0.033950617283950615
0 0.4008246527777778 0.048996913580246916 0.04123263888888889 0.036265432098765434
0 0.4993489583333333 0.07021604938271606 0.04470486111111111 0.038580246913580245
0 0.5509982638888888 0.07523148148148148 0.06380208333333333 0.033179012345679014