0 0.5 0.16165123456790123 0.0876736111111111 0.08719135802469136
0 0.08094618055555555 0.623070987654321 0.16102430555555555 0.3881172839506173
0 0.3324652777777778 0.032407407407407406 0.04513888888888889 0.030864197530864196
0 0.3743489583333333 0.04398148148148148 0.04383680555555555 0.033950617283950615
0 0.7849392361111112 0.22299382716049382 0.09765625 0.09876543209876543
0 0.4971788194444444 0.03896604938271605 0.031684027777777776 0.022376543209876542
0 0.6690538194444444 0.10841049382716049 0.03689236111111111 0.04552469135802469
0 0.2384982638888889 0.04398148148148148 0.029947916666666668 0.035493827160493825
0 0.2443576388888889 0.02700617283950617 0.06510416666666667 0.05246913580246913
1 0.14127604166666666 0.14891975308641975 0.01953125 0.0787037037037037
0 0.20247395833333334 0.03780864197530864 0.024739583333333332 0.035493827160493825
0 0.169921875 0.037037037037037035 0.024739583333333332 0.035493827160493825
0 0.7463107638888888 0.15817901234567902 0.0881076388888889 0.06018518518518518
0 0.6966145833333334 0.12345679012345678 0.05555555555555555 0.04938271604938271
0 0.8042534722222222 0.10416666666666667 0.018229166666666668 0.040123456790123455