0 0.1851128472222222 0.7916666666666666 0.3598090277777778 0.4166666666666667
0 0.109375 0.41165123456790126 0.2126736111111111 0.26003086419753085
0 0.4789496527777778 0.2523148148148148 0.19835069444444445 0.1527777777777778
0 0.6480034722222222 0.17901234567901234 0.1111111111111111 0.08950617283950617
0 0.5646701388888888 0.09953703703703703 0.07118055555555555 0.05092592592592592
0 0.3973524305555556 0.06327160493827161 0.04383680555555555 0.035493827160493825
0 0.4950086805555556 0.08179012345679013 0.048177083333333336 0.044753086419753084
0 0.806640625 0.1712962962962963 0.09852430555555555 0.08487654320987655
0 0.3346354166666667 0.05169753086419753 0.058159722222222224 0.046296296296296294
0 0.3014322916666667 0.038580246913580245 0.04123263888888889 0.035493827160493825
0 0.21158854166666666 0.03935185185185185 0.040364583333333336 0.032407407407407406
0 0.3812934027777778 0.034722222222222224 0.03602430555555555 0.026234567901234566
0 0.2556423611111111 0.043209876543209874 0.04513888888888889 0.033950617283950615
0 0.6332465277777778 0.1111111111111111 0.05642361111111111 0.043209876543209874
0 0.6688368055555556 0.10841049382716049 0.027777777777777776 0.04089506172839506
0 0.5091145833333334 0.03896604938271605 0.026041666666666668 0.017746913580246913
1 0.7730034722222222 0.49614197530864196 0.0625 0.2638888888888889
0 0.3693576388888889 0.050540123456790126 0.021701388888888888 0.034722222222222224