0 0.595703125 0.2623456790123457 0.17578125 0.16358024691358025
0 0.4904513888888889 0.08024691358024691 0.04079861111111111 0.041666666666666664
0 0.556640625 0.09645061728395062 0.062065972222222224 0.047839506172839504
0 0.6226128472222222 0.11535493827160494 0.061197916666666664 0.05169753086419753
0 0.4047309027777778 0.059799382716049385 0.04296875 0.04243827160493827
0 0.3079427083333333 0.0470679012345679 0.046440972222222224 0.047839506172839504
0 0.37890625 0.03780864197530864 0.033854166666666664 0.038580246913580245
1 0.7892795138888888 0.38425925925925924 0.04210069444444445 0.19753086419753085
1 0.7194010416666666 0.38387345679012347 0.03689236111111111 0.2029320987654321
0 0.7235243055555556 0.15200617283950618 0.049479166666666664 0.08179012345679013
0 0.5065104166666666 0.03896604938271605 0.03125 0.02700617283950617
0 0.4053819444444444 0.033179012345679014 0.03211805555555555 0.033950617283950615
0 0.2578125 0.04359567901234568 0.052083333333333336 0.04861111111111111
0 0.20768229166666666 0.03587962962962963 0.03689236111111111 0.04398148148148148