0 0.5008680555555556 0.08371913580246913 0.0546875 0.04552469135802469
0 0.21744791666666666 0.08641975308641975 0.059895833333333336 0.05246913580246913
0 0.3671875 0.05941358024691358 0.05295138888888889 0.041666666666666664
0 0.5924479166666666 0.10493827160493827 0.0720486111111111 0.05246913580246913
0 0.4854600694444444 0.18364197530864199 0.055989583333333336 0.05709876543209876
0 0.2282986111111111 0.0470679012345679 0.036458333333333336 0.029320987654320986
0 0.6759982638888888 0.19945987654320987 0.12977430555555555 0.1087962962962963
0 0.4930555555555556 0.03780864197530864 0.03125 0.023148148148148147
0 0.291015625 0.04938271604938271 0.04296875 0.030864197530864196
0 0.3919270833333333 0.033950617283950615 0.041666666666666664 0.026234567901234566
0 0.8122829861111112 0.3140432098765432 0.10112847222222222 0.13734567901234568
0 0.4574652777777778 0.13310185185185186 0.1111111111111111 0.14429012345679013
0 0.7278645833333334 0.14814814814814814 0.08246527777777778 0.05555555555555555
0 0.65234375 0.10416666666666667 0.03819444444444445 0.05092592592592592
0 0.6818576388888888 0.10108024691358025 0.030381944444444444 0.04938271604938271
0 0.7055121527777778 0.09799382716049383 0.02734375 0.037037037037037035
0 0.322265625 0.031635802469135804 0.04123263888888889 0.027777777777777776
0 0.2816840277777778 0.03202160493827161 0.03732638888888889 0.031635802469135804
1 0.7562934027777778 0.41280864197530864 0.05078125 0.2222222222222222
1 0.7803819444444444 0.44135802469135804 0.04600694444444445 0.1697530864197531