0 0.58203125 0.09104938271604938 0.058159722222222224 0.04938271604938271
0 0.4036458333333333 0.047453703703703706 0.034722222222222224 0.03780864197530864
0 0.3298611111111111 0.026234567901234566 0.04861111111111111 0.032407407407407406
0 0.2463107638888889 0.03780864197530864 0.053385416666666664 0.044753086419753084
0 0.8500434027777778 0.2021604938271605 0.048177083333333336 0.05401234567901234
0 0.6746961805555556 0.12885802469135801 0.0681423611111111 0.05709876543209876
0 0.18684895833333334 0.03742283950617284 0.04904513888888889 0.034722222222222224
0 0.3218315972222222 0.04128086419753087 0.03602430555555555 0.03009259259259259
1 0.6903211805555556 0.529320987654321 0.07508680555555555 0.345679012345679
1 0.748046875 0.5389660493827161 0.07074652777777778 0.3464506172839506
1 0.4633246527777778 0.32677469135802467 0.029947916666666668 0.1705246913580247