0 0.080078125 0.6246141975308642 0.15928819444444445 0.3896604938271605
0 0.3676215277777778 0.04861111111111111 0.043402777777777776 0.032407407407407406
0 0.6247829861111112 0.10416666666666667 0.05078125 0.047839506172839504
0 0.3949652777777778 0.033179012345679014 0.036458333333333336 0.029320987654320986
0 0.4806857638888889 0.07253086419753087 0.047309027777777776 0.05555555555555555
0 0.333984375 0.037037037037037035 0.03428819444444445 0.032407407407407406
0 0.2280815972222222 0.030478395061728395 0.07508680555555555 0.05941358024691358
0 0.279296875 0.032407407407407406 0.029947916666666668 0.024691358024691357
1 0.8194444444444444 0.4097222222222222 0.035590277777777776 0.2191358024691358
0 0.3715277777777778 0.027391975308641976 0.026041666666666668 0.022376543209876542
0 0.7081163194444444 0.1412037037037037 0.040364583333333336 0.06481481481481481