0 0.2265625 0.08487654320987655 0.06163194444444445 0.05555555555555555
0 0.18467881944444445 0.783179012345679 0.3624131944444444 0.43364197530864196
0 0.8391927083333334 0.18171296296296297 0.06293402777777778 0.09182098765432099
0 0.5358072916666666 0.09259259259259259 0.06380208333333333 0.044753086419753084
0 0.6158854166666666 0.11149691358024691 0.0685763888888889 0.05169753086419753
0 0.3682725694444444 0.05709876543209876 0.055989583333333336 0.040123456790123455
0 0.2966579861111111 0.0470679012345679 0.04904513888888889 0.033950617283950615
0 0.7701822916666666 0.16126543209876543 0.05946180555555555 0.06018518518518518
0 0.580078125 0.09143518518518519 0.046440972222222224 0.04243827160493827
0 0.5086805555555556 0.08063271604938271 0.052083333333333336 0.036265432098765434
0 0.20833333333333334 0.03935185185185185 0.04079861111111111 0.033950617283950615
0 0.3266059027777778 0.04205246913580247 0.032552083333333336 0.034722222222222224
0 0.23502604166666666 0.04436728395061729 0.039496527777777776 0.02854938271604938
1 0.052300347222222224 0.5324074074074074 0.07421875 0.1712962962962963
1 0.031032986111111112 0.18981481481481483 0.01953125 0.10493827160493827
0 0.4025607638888889 0.04976851851851852 0.025607638888888888 0.031635802469135804
0 0.4659288194444444 0.062114197530864196 0.01953125 0.033179012345679014
0 0.4954427083333333 0.07175925925925926 0.03689236111111111 0.032407407407407406
0 0.7152777777777778 0.1246141975308642 0.033854166666666664 0.04243827160493827
0 0.3895399305555556 0.025848765432098766 0.029947916666666668 0.016203703703703703
0 0.4793836805555556 0.035493827160493825 0.023871527777777776 0.029320987654320986