0 0.4670138888888889 0.2542438271604938 0.2170138888888889 0.2013888888888889
0 0.6293402777777778 0.1396604938271605 0.0798611111111111 0.06481481481481481
0 0.8430989583333334 0.18094135802469136 0.05946180555555555 0.05941358024691358
0 0.2855902777777778 0.03587962962962963 0.036458333333333336 0.03009259259259259
1 0.7886284722222222 0.38425925925925924 0.050347222222222224 0.19907407407407407
1 0.7315538194444444 0.3819444444444444 0.045572916666666664 0.2006172839506173
0 0.2109375 0.04205246913580247 0.043402777777777776 0.04552469135802469
0 0.2840711805555556 0.04513888888888889 0.03428819444444445 0.033179012345679014
0 0.3285590277777778 0.052083333333333336 0.046875 0.04243827160493827
0 0.3509114583333333 0.034722222222222224 0.04904513888888889 0.035493827160493825
0 0.4769965277777778 0.033179012345679014 0.021701388888888888 0.023148148148148147
0 0.7745225694444444 0.10030864197530864 0.020399305555555556 0.027777777777777776
0 0.8079427083333334 0.11188271604938271 0.018663194444444444 0.027777777777777776