0 0.1323784722222222 0.8194444444444444 0.2638888888888889 0.3611111111111111
0 0.5403645833333334 0.09143518518518519 0.05642361111111111 0.05478395061728395
0 0.5967881944444444 0.11381172839506173 0.05642361111111111 0.06404320987654322
0 0.3231336805555556 0.048996913580246916 0.046440972222222224 0.03935185185185185
0 0.5008680555555556 0.041666666666666664 0.03211805555555555 0.027777777777777776
0 0.3936631944444444 0.047839506172839504 0.04600694444444445 0.043209876543209874
0 0.6662326388888888 0.10493827160493827 0.035590277777777776 0.040123456790123455
1 0.7827690972222222 0.3881172839506173 0.03515625 0.20679012345679013
1 0.7322048611111112 0.3792438271604938 0.050347222222222224 0.19675925925925927
0 0.19618055555555555 0.037037037037037035 0.0390625 0.035493827160493825
0 0.2521701388888889 0.04359567901234568 0.04861111111111111 0.04552469135802469
0 0.736328125 0.1882716049382716 0.06293402777777778 0.09722222222222222
0 0.7057291666666666 0.1412037037037037 0.033854166666666664 0.04938271604938271
0 0.7033420138888888 0.10493827160493827 0.025607638888888888 0.040123456790123455
0 0.7484809027777778 0.11612654320987655 0.028211805555555556 0.04552469135802469