0 0.1877170138888889 0.7407407407407407 0.3728298611111111 0.5108024691358025
0 0.5006510416666666 0.1697530864197531 0.10026041666666667 0.09567901234567901
0 0.8307291666666666 0.19058641975308643 0.07552083333333333 0.06635802469135803
0 0.6148003472222222 0.11033950617283951 0.04904513888888889 0.05555555555555555
0 0.4919704861111111 0.08179012345679013 0.039496527777777776 0.044753086419753084
0 0.3546006944444444 0.05478395061728395 0.04861111111111111 0.037037037037037035
0 0.5549045138888888 0.09915123456790123 0.07074652777777778 0.04552469135802469
0 0.2868923611111111 0.047839506172839504 0.051215277777777776 0.037037037037037035
0 0.7740885416666666 0.15084876543209877 0.062065972222222224 0.05941358024691358
0 0.341796875 0.04243827160493827 0.05164930555555555 0.040123456790123455
0 0.6512586805555556 0.10648148148148148 0.031684027777777776 0.041666666666666664
0 0.4108072916666667 0.06597222222222222 0.04123263888888889 0.036265432098765434
0 0.23155381944444445 0.04128086419753087 0.037760416666666664 0.03009259259259259
0 0.400390625 0.05092592592592592 0.040364583333333336 0.04938271604938271
1 0.51171875 0.3271604938271605 0.036458333333333336 0.18055555555555555
0 0.22157118055555555 0.030864197530864196 0.026475694444444444 0.026234567901234566
0 0.2855902777777778 0.02507716049382716 0.044270833333333336 0.034722222222222224
0 0.470703125 0.028935185185185185 0.028211805555555556 0.04552469135802469
0 0.4778645833333333 0.059799382716049385 0.03993055555555555 0.020833333333333332
0 0.5460069444444444 0.08179012345679013 0.06076388888888889 0.032407407407407406
0 0.7406684027777778 0.10378086419753087 0.03602430555555555 0.0625
0 0.6942274305555556 0.1087962962962963 0.031684027777777776 0.038580246913580245