0 0.5991753472222222 0.10493827160493827 0.062065972222222224 0.047839506172839504
0 0.5648871527777778 0.08487654320987655 0.055121527777777776 0.043209876543209874
0 0.3430989583333333 0.053626543209876545 0.05685763888888889 0.04089506172839506
0 0.5106336805555556 0.02507716049382716 0.06380208333333333 0.04398148148148148
0 0.20442708333333334 0.037037037037037035 0.03819444444444445 0.032407407407407406
0 0.779296875 0.16859567901234568 0.0724826388888889 0.06404320987654322
0 0.2591145833333333 0.04282407407407408 0.051215277777777776 0.03780864197530864
0 0.3760850694444444 0.04089506172839506 0.030815972222222224 0.033950617283950615
0 0.6829427083333334 0.10532407407407407 0.02734375 0.03935185185185185
1 0.7973090277777778 0.45601851851851855 0.049479166666666664 0.22839506172839505
0 0.294921875 0.03009259259259259 0.032552083333333336 0.029320987654320986
0 0.2345920138888889 0.031635802469135804 0.029947916666666668 0.029320987654320986
0 0.3834635416666667 0.03202160493827161 0.040364583333333336 0.031635802469135804
0 0.3270399305555556 0.03819444444444445 0.02734375 0.03009259259259259