0 0.08333333333333333 0.2673611111111111 0.16319444444444445 0.1396604938271605
0 0.5876736111111112 0.09992283950617284 0.06944444444444445 0.05015432098765432
0 0.3719618055555556 0.056712962962962965 0.050347222222222224 0.034722222222222224
0 0.0703125 0.4182098765432099 0.1388888888888889 0.21296296296296297
0 0.3135850694444444 0.02044753086419753 0.04991319444444445 0.03780864197530864
0 0.4854600694444444 0.08101851851851852 0.031684027777777776 0.047839506172839504
0 0.4841579861111111 0.043209876543209874 0.037760416666666664 0.029320987654320986
0 0.7517361111111112 0.15123456790123457 0.0859375 0.08024691358024691
0 0.3806423611111111 0.21257716049382716 0.2708333333333333 0.2646604938271605
0 0.2641059027777778 0.04089506172839506 0.04470486111111111 0.040123456790123455
1 0.7248263888888888 0.3773148148148148 0.03819444444444445 0.2021604938271605
1 0.7604166666666666 0.5200617283950617 0.06163194444444445 0.30246913580246915
1 0.7777777777777778 0.36226851851851855 0.03819444444444445 0.1566358024691358
0 0.7248263888888888 0.11728395061728394 0.036458333333333336 0.05092592592592592
0 0.4071180555555556 0.033950617283950615 0.034722222222222224 0.038580246913580245