0 0.140625 0.39544753086419754 0.2803819444444444 0.2569444444444444
0 0.2940538194444444 0.10570987654320987 0.0759548611111111 0.06944444444444445
0 0.3993055555555556 0.0470679012345679 0.043402777777777776 0.032407407407407406
0 0.7456597222222222 0.26350308641975306 0.16145833333333334 0.13503086419753085
0 0.3404947916666667 0.04089506172839506 0.022135416666666668 0.029320987654320986
0 0.787109375 0.16628086419753085 0.09244791666666667 0.0779320987654321
0 0.4767795138888889 0.03973765432098766 0.03602430555555555 0.019290123456790122
0 0.6180555555555556 0.14583333333333334 0.059895833333333336 0.07098765432098765
0 0.5221354166666666 0.03665123456790124 0.024305555555555556 0.014660493827160493
0 0.28125 0.04359567901234568 0.041666666666666664 0.03009259259259259
0 0.2144097222222222 0.03819444444444445 0.049479166666666664 0.033179012345679014
0 0.3025173611111111 0.03125 0.036458333333333336 0.02546296296296296
0 0.361328125 0.032407407407407406 0.031684027777777776 0.026234567901234566
0 0.23502604166666666 0.02816358024691358 0.04210069444444445 0.034722222222222224
1 0.5366753472222222 0.5887345679012346 0.07335069444444445 0.3734567901234568
1 0.4340277777777778 0.6292438271604939 0.08854166666666667 0.39737654320987653