0 0.6338975694444444 0.10570987654320987 0.062065972222222224 0.046296296296296294
0 0.3758680555555556 0.059799382716049385 0.05295138888888889 0.04089506172839506
0 0.2189670138888889 0.038580246913580245 0.046440972222222224 0.035493827160493825
0 0.7840711805555556 0.17785493827160495 0.08550347222222222 0.06404320987654322
0 0.3155381944444444 0.03896604938271605 0.027777777777777776 0.03009259259259259
0 0.283203125 0.041666666666666664 0.04123263888888889 0.043209876543209874
0 0.6870659722222222 0.19521604938271606 0.057291666666666664 0.08487654320987655
0 0.6625434027777778 0.08796296296296297 0.028211805555555556 0.035493827160493825
0 0.3435329861111111 0.02970679012345679 0.031684027777777776 0.02854938271604938
0 0.3682725694444444 0.03742283950617284 0.03515625 0.023919753086419752
1 0.1697048611111111 0.10725308641975309 0.017361111111111112 0.06944444444444445
0 0.1872829861111111 0.037037037037037035 0.038628472222222224 0.029320987654320986
0 0.703125 0.11574074074074074 0.028645833333333332 0.05864197530864197