0 0.5130208333333334 0.07137345679012345 0.06076388888888889 0.05169753086419753
0 0.6009114583333334 0.10108024691358025 0.08289930555555555 0.06018518518518518
0 0.2072482638888889 0.04513888888888889 0.03602430555555555 0.031635802469135804
0 0.8020833333333334 0.18248456790123457 0.0842013888888889 0.07021604938271606
0 0.7693142361111112 0.15239197530864199 0.054253472222222224 0.04398148148148148
0 0.6883680555555556 0.10725308641975309 0.033854166666666664 0.040123456790123455
0 0.7302517361111112 0.11882716049382716 0.02734375 0.046296296296296294
0 0.755859375 0.10416666666666667 0.01953125 0.029320987654320986
0 0.23936631944444445 0.03587962962962963 0.031684027777777776 0.031635802469135804
0 0.2760416666666667 0.04282407407407408 0.025173611111111112 0.036265432098765434
0 0.3344184027777778 0.04089506172839506 0.08723958333333333 0.05401234567901234
0 0.3917100694444444 0.046296296296296294 0.03428819444444445 0.035493827160493825
0 0.3962673611111111 0.032407407407407406 0.041666666666666664 0.035493827160493825
0 0.3576388888888889 0.03009259259259259 0.03298611111111111 0.024691358024691357
1 0.5694444444444444 0.8618827160493827 0.14583333333333334 0.27469135802469136