0 0.1330295138888889 0.8136574074074074 0.2625868055555556 0.36959876543209874
0 0.5657552083333334 0.12075617283950617 0.062065972222222224 0.0625
0 0.6762152777777778 0.10648148148148148 0.03211805555555555 0.037037037037037035
0 0.6161024305555556 0.10455246913580248 0.046440972222222224 0.05324074074074074
0 0.3153211805555556 0.05092592592592592 0.047309027777777776 0.035493827160493825
0 0.4021267361111111 0.03202160493827161 0.031684027777777776 0.03935185185185185
0 0.365234375 0.04128086419753087 0.032552083333333336 0.03780864197530864
1 0.7267795138888888 0.37885802469135804 0.04904513888888889 0.19907407407407407
1 0.7819010416666666 0.38773148148148145 0.03602430555555555 0.20910493827160495
0 0.16688368055555555 0.07561728395061729 0.024739583333333332 0.05401234567901234
0 0.19422743055555555 0.038580246913580245 0.04296875 0.038580246913580245
0 0.24891493055555555 0.041666666666666664 0.047309027777777776 0.040123456790123455
0 0.2821180555555556 0.02970679012345679 0.026909722222222224 0.036265432098765434
0 0.4735243055555556 0.03510802469135803 0.026909722222222224 0.031635802469135804
0 0.7432725694444444 0.17515432098765432 0.05946180555555555 0.07253086419753087
0 0.7237413194444444 0.12114197530864197 0.03428819444444445 0.044753086419753084
0 0.7076822916666666 0.10223765432098765 0.030815972222222224 0.036265432098765434
0 0.7560763888888888 0.11882716049382716 0.026041666666666668 0.037037037037037035