0 0.6336805555555556 0.1099537037037037 0.07465277777777778 0.06095679012345679
0 0.3719618055555556 0.03935185185185185 0.033854166666666664 0.029320987654320986
0 0.23111979166666666 0.03896604938271605 0.048177083333333336 0.03780864197530864
0 0.2842881944444444 0.0466820987654321 0.042534722222222224 0.03780864197530864
0 0.3441840277777778 0.031635802469135804 0.033854166666666664 0.027777777777777776
0 0.4806857638888889 0.04243827160493827 0.031684027777777776 0.024691358024691357
1 0.7005208333333334 0.5717592592592593 0.09375 0.3765432098765432
1 0.3161892361111111 0.21566358024691357 0.030815972222222224 0.13503086419753085
1 0.07682291666666667 0.8070987654320988 0.1527777777777778 0.38580246913580246
0 0.1664496527777778 0.04050925925925926 0.024739583333333332 0.03009259259259259
0 0.4950086805555556 0.04050925925925926 0.030815972222222224 0.033179012345679014
0 0.7712673611111112 0.09143518518518519 0.029513888888888888 0.031635802469135804