0 0.18815104166666666 0.7391975308641975 0.3745659722222222 0.5123456790123457
0 0.2588975694444444 0.09683641975308642 0.07855902777777778 0.05787037037037037
0 0.4223090277777778 0.12037037037037036 0.11458333333333333 0.11419753086419752
0 0.5941840277777778 0.27391975308641975 0.1970486111111111 0.15123456790123457
0 0.4921875 0.08410493827160494 0.04079861111111111 0.043209876543209874
0 0.55078125 0.09722222222222222 0.06336805555555555 0.044753086419753084
0 0.3548177083333333 0.05324074074074074 0.053385416666666664 0.041666666666666664
0 0.6794704861111112 0.12654320987654322 0.07335069444444445 0.06018518518518518
0 0.2309027777777778 0.040123456790123455 0.03993055555555555 0.033950617283950615
0 0.2864583333333333 0.046296296296296294 0.04861111111111111 0.037037037037037035
0 0.6519097222222222 0.10493827160493827 0.04774305555555555 0.041666666666666664
0 0.8365885416666666 0.22299382716049382 0.06553819444444445 0.2006172839506173
0 0.31640625 0.03433641975308642 0.052083333333333336 0.05015432098765432
0 0.3854166666666667 0.030478395061728395 0.033854166666666664 0.023919753086419752
0 0.5792100694444444 0.09104938271604938 0.037760416666666664 0.044753086419753084
1 0.6948784722222222 0.5223765432098766 0.07118055555555555 0.2762345679012346
1 0.6108940972222222 0.8429783950617284 0.12022569444444445 0.3140432098765432
1 0.7751736111111112 0.5459104938271605 0.06336805555555555 0.3433641975308642
0 0.2654079861111111 0.022762345679012346 0.039496527777777776 0.02700617283950617
0 0.35546875 0.03279320987654321 0.034722222222222224 0.034722222222222224
0 0.3969184027777778 0.047453703703703706 0.031684027777777776 0.03009259259259259
0 0.4754774305555556 0.053626543209876545 0.039496527777777776 0.02700617283950617
0 0.5125868055555556 0.07523148148148148 0.035590277777777776 0.04552469135802469
0 0.7107204861111112 0.24266975308641975 0.1349826388888889 0.15200617283950618
0 0.7860243055555556 0.15779320987654322 0.05642361111111111 0.05169753086419753