0 0.18424479166666666 0.7885802469135802 0.3598090277777778 0.4228395061728395
0 0.830078125 0.18248456790123457 0.07421875 0.07330246913580248
0 0.3328993055555556 0.05246913580246913 0.049479166666666664 0.037037037037037035
0 0.615234375 0.10108024691358025 0.08550347222222222 0.06327160493827161
0 0.5227864583333334 0.08680555555555555 0.07074652777777778 0.05015432098765432
0 0.3975694444444444 0.03973765432098766 0.046875 0.04398148148148148
0 0.185546875 0.03935185185185185 0.037760416666666664 0.029320987654320986
0 0.4049479166666667 0.06018518518518518 0.0390625 0.040123456790123455
0 0.23567708333333334 0.04128086419753087 0.035590277777777776 0.03009259259259259
0 0.3328993055555556 0.02700617283950617 0.03732638888888889 0.023148148148148147
0 0.2860243055555556 0.03125 0.03211805555555555 0.02700617283950617
0 0.4809027777777778 0.035493827160493825 0.026909722222222224 0.018518518518518517
0 0.7315538194444444 0.15007716049382716 0.08116319444444445 0.06712962962962964
1 0.419921875 0.6095679012345679 0.11414930555555555 0.4027777777777778
0 0.3040364583333333 0.04050925925925926 0.047309027777777776 0.02546296296296296
0 0.4112413194444444 0.06983024691358025 0.03428819444444445 0.031635802469135804
0 0.4709201388888889 0.06712962962962964 0.03211805555555555 0.037037037037037035
0 0.5427517361111112 0.0779320987654321 0.05078125 0.044753086419753084
0 0.7013888888888888 0.10378086419753087 0.05295138888888889 0.06558641975308642
0 0.8619791666666666 0.21566358024691357 0.019965277777777776 0.04089506172839506