0 0.5091145833333334 0.08140432098765432 0.06597222222222222 0.04552469135802469
0 0.3404947916666667 0.02970679012345679 0.04123263888888889 0.02854938271604938
0 0.6712239583333334 0.10146604938271606 0.04383680555555555 0.05015432098765432
0 0.3728298611111111 0.040123456790123455 0.024305555555555556 0.029320987654320986
0 0.3995225694444444 0.047453703703703706 0.037760416666666664 0.033179012345679014
0 0.23936631944444445 0.04089506172839506 0.053385416666666664 0.041666666666666664
0 0.4973958333333333 0.03780864197530864 0.03211805555555555 0.024691358024691357
0 0.6877170138888888 0.19830246913580246 0.07942708333333333 0.09876543209876543
0 0.7899305555555556 0.16550925925925927 0.07552083333333333 0.06095679012345679
0 0.7719184027777778 0.1111111111111111 0.022135416666666668 0.026234567901234566
0 0.7220052083333334 0.07330246913580248 0.028211805555555556 0.024691358024691357
0 0.7586805555555556 0.08680555555555555 0.013020833333333334 0.016203703703703703
1 0.7860243055555556 0.4567901234567901 0.057291666666666664 0.25771604938271603