0 0.12955729166666666 0.24845679012345678 0.2052951388888889 0.22530864197530864
0 0.2170138888888889 0.034722222222222224 0.026041666666666668 0.026234567901234566
0 0.380859375 0.03973765432098766 0.03515625 0.03935185185185185
0 0.2790798611111111 0.032407407407407406 0.03819444444444445 0.027777777777777776
0 0.23936631944444445 0.04089506172839506 0.03689236111111111 0.035493827160493825
0 0.484375 0.03510802469135803 0.04774305555555555 0.031635802469135804
0 0.3604600694444444 0.022762345679012346 0.08984375 0.04398148148148148
0 0.8513454861111112 0.18364197530864199 0.04210069444444445 0.05092592592592592
0 0.7059461805555556 0.10686728395061729 0.026475694444444444 0.034722222222222224
0 0.7894965277777778 0.10841049382716049 0.019097222222222224 0.03009259259259259
1 0.7239583333333334 0.5547839506172839 0.07378472222222222 0.3333333333333333
1 0.7204861111111112 0.42476851851851855 0.07552083333333333 0.16743827160493827