0 0.1857638888888889 0.7839506172839507 0.3611111111111111 0.43209876543209874
0 0.5355902777777778 0.09143518518518519 0.06684027777777778 0.05015432098765432
0 0.3467881944444444 0.05632716049382716 0.05295138888888889 0.038580246913580245
0 0.4756944444444444 0.06905864197530864 0.03732638888888889 0.036265432098765434
0 0.2280815972222222 0.04089506172839506 0.045572916666666664 0.037037037037037035
0 0.7541232638888888 0.16203703703703703 0.09071180555555555 0.06790123456790123
0 0.1957465277777778 0.0625 0.046875 0.040123456790123455
0 0.2899305555555556 0.045910493827160496 0.04513888888888889 0.03780864197530864
0 0.3055555555555556 0.05092592592592592 0.027777777777777776 0.026234567901234566
0 0.4728732638888889 0.03896604938271605 0.024739583333333332 0.020833333333333332
0 0.404296875 0.05169753086419753 0.032552083333333336 0.032407407407407406
1 0.6336805555555556 0.7457561728395061 0.11284722222222222 0.4020061728395062
0 0.3706597222222222 0.047453703703703706 0.04600694444444445 0.04398148148148148
0 0.3161892361111111 0.024691358024691357 0.05078125 0.035493827160493825
0 0.4841579861111111 0.03742283950617284 0.031684027777777776 0.023919753086419752
0 0.7858072916666666 0.1566358024691358 0.04991319444444445 0.06172839506172839