0 0.18684895833333334 0.7391975308641975 0.3702256944444444 0.5154320987654321
0 0.5052083333333334 0.19907407407407407 0.11024305555555555 0.125
0 0.3743489583333333 0.16550925925925927 0.12196180555555555 0.1396604938271605
0 0.3543836805555556 0.05285493827160494 0.054253472222222224 0.04243827160493827
0 0.8548177083333334 0.1882716049382716 0.029079861111111112 0.07407407407407407
0 0.5221354166666666 0.1099537037037037 0.0720486111111111 0.06095679012345679
0 0.607421875 0.11959876543209877 0.04470486111111111 0.05401234567901234
0 0.4915364583333333 0.08179012345679013 0.039496527777777776 0.046296296296296294
0 0.23133680555555555 0.03973765432098766 0.0390625 0.033179012345679014
0 0.2888454861111111 0.04436728395061729 0.046440972222222224 0.034722222222222224
0 0.4079861111111111 0.06481481481481481 0.035590277777777776 0.038580246913580245
0 0.4047309027777778 0.03433641975308642 0.032552083333333336 0.02700617283950617
0 0.794921875 0.31983024691358025 0.13151041666666666 0.15354938271604937
0 0.6751302083333334 0.10300925925925926 0.031684027777777776 0.033179012345679014
0 0.6202256944444444 0.09799382716049383 0.06510416666666667 0.05864197530864197
0 0.5640190972222222 0.09837962962962964 0.04904513888888889 0.05015432098765432
0 0.7107204861111112 0.12422839506172839 0.07682291666666667 0.04938271604938271
0 0.7554253472222222 0.16358024691358025 0.06032986111111111 0.05864197530864197
0 0.7035590277777778 0.18479938271604937 0.09114583333333333 0.08256172839506173
1 0.5258246527777778 0.8248456790123457 0.1150173611111111 0.3487654320987654
0 0.22374131944444445 0.02970679012345679 0.03515625 0.019290123456790122
0 0.2892795138888889 0.027777777777777776 0.039496527777777776 0.026234567901234566
0 0.3309461805555556 0.033179012345679014 0.04210069444444445 0.030864197530864196
0 0.470703125 0.03125 0.029947916666666668 0.033179012345679014
0 0.4865451388888889 0.041666666666666664 0.033854166666666664 0.020061728395061727