0 0.6004774305555556 0.10416666666666667 0.0724826388888889 0.05246913580246913
0 0.2992621527777778 0.04552469135802469 0.05078125 0.037037037037037035
0 0.22591145833333334 0.02970679012345679 0.053385416666666664 0.04861111111111111
0 0.3637152777777778 0.05709876543209876 0.05642361111111111 0.038580246913580245
1 0.7037760416666666 0.6952160493827161 0.08550347222222222 0.3765432098765432
1 0.2979600694444444 0.13734567901234568 0.01953125 0.09567901234567901
1 0.6471354166666666 0.6388888888888888 0.08246527777777778 0.37191358024691357
0 0.3240017361111111 0.035493827160493825 0.028211805555555556 0.038580246913580245
0 0.3519965277777778 0.03780864197530864 0.027777777777777776 0.024691358024691357
0 0.3782552083333333 0.034722222222222224 0.023871527777777776 0.030864197530864196
0 0.4032118055555556 0.03665123456790124 0.03298611111111111 0.02700617283950617
0 0.5104166666666666 0.038580246913580245 0.027777777777777776 0.024691358024691357