0 0.1345486111111111 0.8179012345679012 0.2682291666666667 0.36419753086419754
0 0.5891927083333334 0.09452160493827161 0.06727430555555555 0.04398148148148148
0 0.3289930555555556 0.04513888888888889 0.049479166666666664 0.04089506172839506
0 0.2654079861111111 0.04089506172839506 0.06032986111111111 0.04938271604938271
0 0.3969184027777778 0.05941358024691358 0.05772569444444445 0.040123456790123455
0 0.8146701388888888 0.16473765432098766 0.08333333333333333 0.0625
0 0.6788194444444444 0.10802469135802469 0.030381944444444444 0.040123456790123455
0 0.4700520833333333 0.062114197530864196 0.024305555555555556 0.031635802469135804
0 0.3784722222222222 0.029320987654320986 0.033854166666666664 0.029320987654320986
1 0.650390625 0.7708333333333334 0.1150173611111111 0.4567901234567901
0 0.1968315972222222 0.03819444444444445 0.04383680555555555 0.033179012345679014
0 0.2228732638888889 0.03356481481481482 0.023871527777777776 0.034722222222222224
0 0.3767361111111111 0.038580246913580245 0.025173611111111112 0.033950617283950615
0 0.4720052083333333 0.041666666666666664 0.029947916666666668 0.035493827160493825
0 0.6471354166666666 0.10841049382716049 0.03732638888888889 0.04861111111111111
0 0.7107204861111112 0.11612654320987655 0.040364583333333336 0.05787037037037037
0 0.8567708333333334 0.20601851851851852 0.026041666666666668 0.05246913580246913