0 0.1332465277777778 0.814429012345679 0.265625 0.37114197530864196
0 0.3634982638888889 0.17746913580246915 0.1271701388888889 0.11265432098765432
0 0.53125 0.13618827160493827 0.1032986111111111 0.09182098765432099
0 0.318359375 0.0470679012345679 0.055989583333333336 0.037037037037037035
0 0.8181423611111112 0.18325617283950618 0.08680555555555555 0.07175925925925926
1 0.7632378472222222 0.38425925925925924 0.039496527777777776 0.2021604938271605
0 0.7137586805555556 0.15933641975308643 0.04296875 0.06867283950617284
0 0.7144097222222222 0.11651234567901235 0.0390625 0.044753086419753084
0 0.7426215277777778 0.11766975308641975 0.028645833333333332 0.04243827160493827
0 0.86328125 0.19058641975308643 0.019965277777777776 0.07253086419753087
0 0.4381510416666667 0.058256172839506175 0.05078125 0.034722222222222224
0 0.3841145833333333 0.03587962962962963 0.03211805555555555 0.03935185185185185
0 0.23524305555555555 0.04128086419753087 0.03298611111111111 0.036265432098765434
0 0.17643229166666666 0.04128086419753087 0.040364583333333336 0.036265432098765434