0 0.08094618055555555 0.6253858024691358 0.16102430555555555 0.3881172839506173
0 0.5904947916666666 0.18557098765432098 0.09244791666666667 0.11959876543209877
0 0.2026909722222222 0.08834876543209877 0.06336805555555555 0.05169753086419753
0 0.8157552083333334 0.18557098765432098 0.08637152777777778 0.07330246913580248
0 0.5933159722222222 0.09683641975308642 0.06944444444444445 0.06404320987654322
0 0.3543836805555556 0.03433641975308642 0.04383680555555555 0.033179012345679014
0 0.6555989583333334 0.10223765432098765 0.037760416666666664 0.04398148148148148
0 0.5056423611111112 0.03742283950617284 0.029513888888888888 0.022376543209876542
0 0.2762586805555556 0.03356481481481482 0.022135416666666668 0.02546296296296296
0 0.2113715277777778 0.04359567901234568 0.03819444444444445 0.03009259259259259
0 0.4029947916666667 0.036265432098765434 0.032552083333333336 0.027777777777777776
0 0.6651475694444444 0.1728395061728395 0.07421875 0.06790123456790123
0 0.23328993055555555 0.03587962962962963 0.03342013888888889 0.02854938271604938
1 0.15125868055555555 0.14506172839506173 0.021267361111111112 0.08333333333333333
0 0.3862847222222222 0.019290123456790122 0.05295138888888889 0.037037037037037035
0 0.5868055555555556 0.12422839506172839 0.05555555555555555 0.05246913580246913
0 0.6675347222222222 0.13541666666666666 0.043402777777777776 0.05632716049382716
0 0.7074652777777778 0.12229938271604938 0.026909722222222224 0.0470679012345679