0 0.5846354166666666 0.1419753086419753 0.08333333333333333 0.06944444444444445
0 0.08116319444444445 0.6280864197530864 0.16145833333333334 0.38117283950617287
0 0.6922743055555556 0.24614197530864199 0.12760416666666666 0.13580246913580246
0 0.3276909722222222 0.03202160493827161 0.04079861111111111 0.03009259259259259
0 0.03819444444444445 0.3117283950617284 0.07552083333333333 0.2021604938271605
0 0.4292534722222222 0.1423611111111111 0.11024305555555555 0.08719135802469136
0 0.689453125 0.1076388888888889 0.032552083333333336 0.036265432098765434
0 0.8255208333333334 0.1878858024691358 0.08333333333333333 0.07330246913580248
0 0.24500868055555555 0.03973765432098766 0.04470486111111111 0.03780864197530864
0 0.18272569444444445 0.03780864197530864 0.044270833333333336 0.029320987654320986
0 0.4887152777777778 0.038580246913580245 0.036458333333333336 0.024691358024691357
0 0.2990451388888889 0.027777777777777776 0.03125 0.029320987654320986
0 0.4088541666666667 0.055169753086419755 0.024305555555555556 0.02854938271604938
1 0.0896267361111111 0.16628086419753085 0.016927083333333332 0.08410493827160494
0 0.6970486111111112 0.16203703703703703 0.06163194444444445 0.06635802469135803
0 0.7591145833333334 0.10262345679012345 0.020833333333333332 0.024691358024691357
0 0.7779947916666666 0.1099537037037037 0.023003472222222224 0.02700617283950617
0 0.8174913194444444 0.10262345679012345 0.017795138888888888 0.032407407407407406