0 0.5460069444444444 0.10570987654320987 0.05295138888888889 0.05709876543209876
0 0.34375 0.04282407407407408 0.0390625 0.033179012345679014
0 0.2638888888888889 0.04205246913580247 0.050347222222222224 0.04398148148148148
0 0.20594618055555555 0.032407407407407406 0.03428819444444445 0.027777777777777776
0 0.6260850694444444 0.1253858024691358 0.039496527777777776 0.06404320987654322
0 0.6551649305555556 0.11033950617283951 0.031684027777777776 0.04938271604938271
0 0.4016927083333333 0.036265432098765434 0.032552083333333336 0.026234567901234566
0 0.4713541666666667 0.03742283950617284 0.03125 0.023919753086419752
1 0.7061631944444444 0.49266975308641975 0.07378472222222222 0.29552469135802467
1 0.78125 0.5547839506172839 0.07118055555555555 0.3055555555555556
0 0.7261284722222222 0.11574074074074074 0.029513888888888888 0.038580246913580245
0 0.416015625 0.062114197530864196 0.02734375 0.04089506172839506
0 0.3348524305555556 0.030478395061728395 0.026475694444444444 0.03009259259259259
0 0.3758680555555556 0.044753086419753084 0.026041666666666668 0.037037037037037035