0 0.18663194444444445 0.7391975308641975 0.3706597222222222 0.5123456790123457
0 0.5086805555555556 0.13117283950617284 0.07725694444444445 0.09722222222222222
0 0.8259548611111112 0.21682098765432098 0.08159722222222222 0.12037037037037036
0 0.7638888888888888 0.2623456790123457 0.1519097222222222 0.1743827160493827
0 0.6091579861111112 0.2673611111111111 0.17578125 0.16743827160493827
0 0.3541666666666667 0.05439814814814815 0.05381944444444445 0.04243827160493827
0 0.6440972222222222 0.1412037037037037 0.046875 0.06172839506172839
0 0.6032986111111112 0.09876543209876543 0.05381944444444445 0.05092592592592592
0 0.5568576388888888 0.09799382716049383 0.044270833333333336 0.047839506172839504
0 0.2884114583333333 0.04398148148148148 0.046440972222222224 0.037037037037037035
0 0.23177083333333334 0.04282407407407408 0.03732638888888889 0.03009259259259259
0 0.2035590277777778 0.03510802469135803 0.027777777777777776 0.02546296296296296
0 0.4911024305555556 0.0783179012345679 0.04123263888888889 0.04089506172839506
0 0.4027777777777778 0.033179012345679014 0.034722222222222224 0.027777777777777776
0 0.3480902777777778 0.032407407407407406 0.042534722222222224 0.026234567901234566
0 0.5831163194444444 0.16049382716049382 0.08897569444444445 0.0787037037037037
0 0.4110243055555556 0.06558641975308642 0.04079861111111111 0.040123456790123455
0 0.8472222222222222 0.16589506172839505 0.046875 0.044753086419753084
0 0.4986979166666667 0.04089506172839506 0.030381944444444444 0.024691358024691357
1 0.607421875 0.7445987654320988 0.09678819444444445 0.41358024691358025
0 0.16883680555555555 0.04205246913580247 0.026041666666666668 0.03009259259259259
0 0.2903645833333333 0.02816358024691358 0.044270833333333336 0.023919753086419752
0 0.7845052083333334 0.16820987654320987 0.08463541666666667 0.041666666666666664
0 0.6963975694444444 0.10686728395061729 0.031684027777777776 0.03935185185185185
0 0.6480034722222222 0.10339506172839506 0.034722222222222224 0.033950617283950615
0 0.7530381944444444 0.13657407407407407 0.0763888888888889 0.046296296296296294