0 0.16536458333333334 0.2611882716049383 0.2204861111111111 0.18441358024691357
0 0.23307291666666666 0.04243827160493827 0.034722222222222224 0.030864197530864196
0 0.8233506944444444 0.18595679012345678 0.09027777777777778 0.07253086419753087
0 0.3791232638888889 0.03587962962962963 0.04383680555555555 0.03780864197530864
0 0.6545138888888888 0.10532407407407407 0.03993055555555555 0.04398148148148148
0 0.2964409722222222 0.0466820987654321 0.05381944444444445 0.04089506172839506
0 0.7092013888888888 0.11882716049382716 0.034722222222222224 0.05555555555555555
1 0.7356770833333334 0.5868055555555556 0.0703125 0.3263888888888889
1 0.6723090277777778 0.5432098765432098 0.08333333333333333 0.32407407407407407
1 0.7215711805555556 0.4047067901234568 0.048177083333333336 0.13503086419753085
1 0.8020833333333334 0.43171296296296297 0.050347222222222224 0.21682098765432098
1 0.7825520833333334 0.4807098765432099 0.042534722222222224 0.18364197530864199
0 0.18446180555555555 0.03935185185185185 0.049479166666666664 0.032407407407407406
0 0.3556857638888889 0.029320987654320986 0.025607638888888888 0.029320987654320986
0 0.4800347222222222 0.03510802469135803 0.0234375 0.022376543209876542
0 0.7332899305555556 0.11458333333333333 0.023871527777777776 0.05015432098765432
0 0.751953125 0.11728395061728394 0.020399305555555556 0.043209876543209874
0 0.7582465277777778 0.2762345679012346 0.1840277777777778 0.17901234567901234