0 0.17708333333333334 0.36496913580246915 0.2734375 0.2330246913580247
0 0.23111979166666666 0.20910493827160495 0.17491319444444445 0.12037037037037036
0 0.5750868055555556 0.08757716049382716 0.058159722222222224 0.05015432098765432
0 0.6684027777777778 0.12731481481481483 0.06944444444444445 0.05092592592592592
0 0.4092881944444444 0.06442901234567901 0.042534722222222224 0.03935185185185185
0 0.3166232638888889 0.05092592592592592 0.05164930555555555 0.035493827160493825
0 0.4904513888888889 0.1736111111111111 0.16319444444444445 0.19290123456790123
0 0.7233072916666666 0.11805555555555555 0.03342013888888889 0.044753086419753084
0 0.2150607638888889 0.04128086419753087 0.04210069444444445 0.031635802469135804
1 0.7738715277777778 0.38271604938271603 0.046875 0.19290123456790123
1 0.7233072916666666 0.3777006172839506 0.04123263888888889 0.19984567901234568
0 0.005425347222222222 0.3422067901234568 0.008246527777777778 0.07947530864197531
0 0.23719618055555555 0.027777777777777776 0.029079861111111112 0.026234567901234566
0 0.4835069444444444 0.03665123456790124 0.033854166666666664 0.02700617283950617
0 0.5151909722222222 0.08449074074074074 0.0625 0.05015432098765432