0 0.12782118055555555 0.35185185185185186 0.2547743055555556 0.23919753086419754
0 0.5939670138888888 0.24074074074074073 0.20703125 0.18518518518518517
0 0.08116319444444445 0.6292438271604939 0.16145833333333334 0.38348765432098764
0 0.4858940972222222 0.03587962962962963 0.040364583333333336 0.031635802469135804
0 0.7358940972222222 0.16666666666666666 0.08984375 0.06481481481481481
0 0.3333333333333333 0.03433641975308642 0.03298611111111111 0.02854938271604938
0 0.3758680555555556 0.044753086419753084 0.036458333333333336 0.033950617283950615
0 0.7934027777777778 0.10493827160493827 0.0234375 0.035493827160493825
0 0.404296875 0.059027777777777776 0.05164930555555555 0.036265432098765434
0 0.2267795138888889 0.03973765432098766 0.04296875 0.033179012345679014
0 0.2903645833333333 0.02700617283950617 0.024305555555555556 0.023148148148148147
0 0.3602430555555556 0.026234567901234566 0.027777777777777776 0.023148148148148147
1 0.8311631944444444 0.39544753086419754 0.046875 0.2013888888888889
0 0.3350694444444444 0.037037037037037035 0.019965277777777776 0.030864197530864196
0 0.3897569444444444 0.03009259259259259 0.0390625 0.024691358024691357
0 0.2756076388888889 0.03935185185185185 0.019097222222222224 0.041666666666666664
0 0.2009548611111111 0.038580246913580245 0.026909722222222224 0.035493827160493825
0 0.3200954861111111 0.032407407407407406 0.020399305555555556 0.032407407407407406
0 0.1681857638888889 0.040123456790123455 0.024739583333333332 0.030864197530864196