0 0.4967447916666667 0.07253086419753087 0.048177083333333336 0.038580246913580245
0 0.1150173611111111 0.28125 0.20572916666666666 0.18441358024691357
0 0.5740017361111112 0.08834876543209877 0.06727430555555555 0.05478395061728395
0 0.2189670138888889 0.03896604938271605 0.04470486111111111 0.034722222222222224
0 0.3595920138888889 0.05594135802469136 0.055121527777777776 0.03935185185185185
0 0.6532118055555556 0.09722222222222222 0.03732638888888889 0.05709876543209876
0 0.2847222222222222 0.03973765432098766 0.0390625 0.04398148148148148
0 0.8001302083333334 0.10493827160493827 0.018663194444444444 0.033950617283950615
0 0.3361545138888889 0.032407407407407406 0.03342013888888889 0.030864197530864196
0 0.4911024305555556 0.040123456790123455 0.029079861111111112 0.021604938271604937
0 0.8472222222222222 0.19791666666666666 0.043402777777777776 0.05478395061728395
0 0.4079861111111111 0.035493827160493825 0.025173611111111112 0.027777777777777776
1 0.2897135416666667 0.13040123456790123 0.018663194444444444 0.08796296296296297
0 0.3161892361111111 0.03742283950617284 0.023871527777777776 0.033179012345679014
0 0.3932291666666667 0.05015432098765432 0.026041666666666668 0.038580246913580245
0 0.708984375 0.15895061728395063 0.10112847222222222 0.06790123456790123
0 0.6822916666666666 0.11381172839506173 0.0546875 0.06095679012345679