0 0.5190972222222222 0.0783179012345679 0.0625 0.04552469135802469
0 0.3294270833333333 0.04938271604938271 0.050347222222222224 0.038580246913580245
0 0.2289496527777778 0.04128086419753087 0.03689236111111111 0.031635802469135804
0 0.8411458333333334 0.19984567901234568 0.059027777777777776 0.06481481481481481
0 0.7131076388888888 0.08217592592592593 0.034722222222222224 0.0470679012345679
0 0.4969618055555556 0.036265432098765434 0.03125 0.020061728395061727
0 0.17881944444444445 0.033950617283950615 0.03819444444444445 0.027777777777777776
0 0.6827256944444444 0.12924382716049382 0.08940972222222222 0.06404320987654322
0 0.3600260416666667 0.04128086419753087 0.025607638888888888 0.03009259259259259
0 0.4680989583333333 0.03510802469135803 0.023871527777777776 0.020833333333333332
0 0.3901909722222222 0.036265432098765434 0.021701388888888888 0.024691358024691357
1 0.7432725694444444 0.4903549382716049 0.07508680555555555 0.29552469135802467
0 0.6529947916666666 0.10300925925925926 0.038628472222222224 0.04398148148148148
0 0.7497829861111112 0.11458333333333333 0.029079861111111112 0.04089506172839506