0 0.212890625 0.03896604938271605 0.04383680555555555 0.034722222222222224
0 0.3528645833333333 0.055169753086419755 0.0546875 0.03935185185185185
0 0.5904947916666666 0.1404320987654321 0.05251736111111111 0.08333333333333333
0 0.8296440972222222 0.19328703703703703 0.07942708333333333 0.07947530864197531
0 0.3936631944444444 0.0470679012345679 0.035590277777777776 0.030864197530864196
0 0.66015625 0.12384259259259259 0.05295138888888889 0.07484567901234568
0 0.2847222222222222 0.040123456790123455 0.04079861111111111 0.047839506172839504
0 0.322265625 0.025848765432098766 0.05078125 0.03935185185185185
0 0.08745659722222222 0.28896604938271603 0.1740451388888889 0.35262345679012347
0 0.4945746527777778 0.052083333333333336 0.0802951388888889 0.08410493827160494
1 0.6861979166666666 0.7276234567901234 0.1189236111111111 0.46296296296296297
0 0.71875 0.16898148148148148 0.057291666666666664 0.08487654320987655