0 0.5275607638888888 0.08680555555555555 0.05946180555555555 0.04552469135802469
0 0.3200954861111111 0.050540123456790126 0.05251736111111111 0.034722222222222224
0 0.5529513888888888 0.13464506172839505 0.0859375 0.06712962962962964
0 0.7907986111111112 0.17476851851851852 0.0798611111111111 0.06867283950617284
0 0.2677951388888889 0.25385802469135804 0.3133680555555556 0.30246913580246915
0 0.6006944444444444 0.1076388888888889 0.0685763888888889 0.05941358024691358
0 0.14171006944444445 0.24614197530864199 0.11762152777777778 0.15432098765432098
0 0.2265625 0.041666666666666664 0.049479166666666664 0.038580246913580245
0 0.4791666666666667 0.030478395061728395 0.03819444444444445 0.03009259259259259
0 0.8478732638888888 0.18132716049382716 0.046440972222222224 0.06944444444444445
0 0.3795572916666667 0.03510802469135803 0.037760416666666664 0.03009259259259259
0 0.4114583333333333 0.0628858024691358 0.035590277777777776 0.03780864197530864
1 0.7736545138888888 0.38117283950617287 0.046440972222222224 0.19444444444444445
1 0.7243923611111112 0.376929012345679 0.03819444444444445 0.19675925925925927
1 0.6449652777777778 0.7843364197530864 0.1076388888888889 0.42978395061728397
0 0.7287326388888888 0.12037037037037036 0.03993055555555555 0.05864197530864197
0 0.4724392361111111 0.03665123456790124 0.028211805555555556 0.02700617283950617