0 0.5164930555555556 0.08719135802469136 0.0625 0.047839506172839504
0 0.5700954861111112 0.08950617283950617 0.04991319444444445 0.047839506172839504
0 0.4720052083333333 0.03780864197530864 0.031684027777777776 0.023148148148148147
0 0.3791232638888889 0.045910493827160496 0.046440972222222224 0.034722222222222224
0 0.7886284722222222 0.2631172839506173 0.1527777777777778 0.1558641975308642
0 0.6625434027777778 0.09683641975308642 0.040364583333333336 0.05169753086419753
0 0.22200520833333334 0.03973765432098766 0.04210069444444445 0.034722222222222224
0 0.7450086805555556 0.1701388888888889 0.08550347222222222 0.04861111111111111
0 0.2842881944444444 0.04128086419753087 0.03993055555555555 0.04243827160493827
0 0.3185763888888889 0.04243827160493827 0.027777777777777776 0.026234567901234566
0 0.8506944444444444 0.18479938271604937 0.0390625 0.04089506172839506
0 0.7697482638888888 0.14621913580246915 0.04991319444444445 0.04552469135802469
1 0.8003472222222222 0.439429012345679 0.06684027777777778 0.2770061728395062
0 0.3684895833333333 0.031635802469135804 0.034722222222222224 0.032407407407407406
0 0.7024739583333334 0.11496913580246913 0.029947916666666668 0.05246913580246913
0 0.8585069444444444 0.21257716049382716 0.026909722222222224 0.03780864197530864