0 0.0978732638888889 0.27546296296296297 0.1948784722222222 0.25925925925925924
0 0.18684895833333334 0.7418981481481481 0.37109375 0.5084876543209876
0 0.6169704861111112 0.16435185185185186 0.06727430555555555 0.07716049382716049
0 0.4019097222222222 0.20640432098765432 0.17100694444444445 0.16280864197530864
0 0.3541666666666667 0.05246913580246913 0.0546875 0.044753086419753084
0 0.5536024305555556 0.09953703703703703 0.06987847222222222 0.044753086419753084
0 0.4928385416666667 0.08179012345679013 0.04296875 0.044753086419753084
0 0.6686197916666666 0.10532407407407407 0.037760416666666664 0.04243827160493827
0 0.8114149305555556 0.16705246913580246 0.09331597222222222 0.09799382716049383
0 0.5421006944444444 0.07137345679012345 0.05555555555555555 0.04552469135802469
0 0.23372395833333334 0.04089506172839506 0.04210069444444445 0.035493827160493825
0 0.2888454861111111 0.047839506172839504 0.048177083333333336 0.030864197530864196
0 0.4108072916666667 0.06404320987654322 0.04210069444444445 0.044753086419753084
0 0.5002170138888888 0.04050925925925926 0.029947916666666668 0.022376543209876542
0 0.40234375 0.045910493827160496 0.034722222222222224 0.04243827160493827
0 0.3439670138888889 0.031635802469135804 0.048177083333333336 0.026234567901234566
1 0.5212673611111112 0.8252314814814815 0.11024305555555555 0.3479938271604938
0 0.2326388888888889 0.02353395061728395 0.04861111111111111 0.033179012345679014
0 0.291015625 0.02662037037037037 0.04123263888888889 0.02700617283950617
0 0.4424913194444444 0.14814814814814814 0.09678819444444445 0.09722222222222222
0 0.7096354166666666 0.1574074074074074 0.09027777777777778 0.05709876543209876