0 0.24674479166666666 0.22376543209876543 0.17664930555555555 0.15432098765432098
0 0.298828125 0.02970679012345679 0.04210069444444445 0.02854938271604938
0 0.08116319444444445 0.625 0.16145833333333334 0.3888888888888889
0 0.4937065972222222 0.08256172839506173 0.045572916666666664 0.044753086419753084
0 0.6321614583333334 0.10570987654320987 0.04470486111111111 0.05555555555555555
0 0.3467881944444444 0.028935185185185185 0.030381944444444444 0.02854938271604938
0 0.1870659722222222 0.03510802469135803 0.052083333333333336 0.04089506172839506
0 0.3947482638888889 0.047453703703703706 0.04296875 0.04243827160493827
0 0.2567274305555556 0.035493827160493825 0.04383680555555555 0.038580246913580245
0 0.3717447916666667 0.032407407407407406 0.029079861111111112 0.027777777777777776
0 0.4680989583333333 0.03973765432098766 0.02734375 0.023919753086419752
0 0.23524305555555555 0.030478395061728395 0.034722222222222224 0.031635802469135804
1 0.13585069444444445 0.19907407407407407 0.022569444444444444 0.11728395061728394
0 0.5043402777777778 0.03973765432098766 0.03125 0.020833333333333332
0 0.7059461805555556 0.13040123456790123 0.039496527777777776 0.06944444444444445