0 0.5010850694444444 0.08487654320987655 0.05685763888888889 0.046296296296296294
0 0.5381944444444444 0.19212962962962962 0.1362847222222222 0.10648148148148148
0 0.5887586805555556 0.10455246913580248 0.06553819444444445 0.05324074074074074
0 0.2560763888888889 0.09683641975308642 0.0720486111111111 0.06712962962962964
0 0.3669704861111111 0.06095679012345679 0.05251736111111111 0.038580246913580245
0 0.3361545138888889 0.02507716049382716 0.031684027777777776 0.02546296296296296
0 0.4830729166666667 0.03819444444444445 0.042534722222222224 0.02546296296296296
0 0.6558159722222222 0.12384259259259259 0.05295138888888889 0.0470679012345679
0 0.7526041666666666 0.1574074074074074 0.0763888888888889 0.05709876543209876
0 0.65234375 0.09722222222222222 0.0390625 0.038580246913580245
0 0.2960069444444444 0.02700617283950617 0.034722222222222224 0.018518518518518517
0 0.22960069444444445 0.03973765432098766 0.042534722222222224 0.02854938271604938
0 0.23567708333333334 0.08101851851851852 0.05381944444444445 0.05092592592592592
0 0.3715277777777778 0.032407407407407406 0.042534722222222224 0.024691358024691357
1 0.7554253472222222 0.5015432098765432 0.07682291666666667 0.2916666666666667