0 0.2532552083333333 0.33217592592592593 0.2261284722222222 0.21682098765432098
0 0.3676215277777778 0.1743827160493827 0.12239583333333333 0.11574074074074074
0 0.2977430555555556 0.029320987654320986 0.041666666666666664 0.029320987654320986
0 0.08072916666666667 0.6111111111111112 0.1605902777777778 0.43364197530864196
0 0.3546006944444444 0.03202160493827161 0.041666666666666664 0.02546296296296296
0 0.6638454861111112 0.10416666666666667 0.04210069444444445 0.044753086419753084
0 0.21592881944444445 0.04243827160493827 0.04123263888888889 0.029320987654320986
0 0.5015190972222222 0.04128086419753087 0.03342013888888889 0.014660493827160493
0 0.8272569444444444 0.1732253086419753 0.09027777777777778 0.07175925925925926
0 0.03689236111111111 0.42322530864197533 0.07291666666666667 0.10416666666666667
0 0.7146267361111112 0.11766975308641975 0.03428819444444445 0.05478395061728395
1 0.04210069444444445 0.18942901234567902 0.018229166666666668 0.10725308641975309
0 0.23828125 0.032407407407407406 0.026041666666666668 0.023148148148148147
0 0.18815104166666666 0.03819444444444445 0.03689236111111111 0.031635802469135804
0 0.8576388888888888 0.22993827160493827 0.03732638888888889 0.11882716049382716
0 0.7942708333333334 0.11188271604938271 0.015625 0.029320987654320986