0 0.2445746527777778 0.09066358024691358 0.06640625 0.05941358024691358
0 0.2710503472222222 0.3167438271604938 0.24348958333333334 0.20910493827160495
0 0.185546875 0.7866512345679012 0.3615451388888889 0.42669753086419754
0 0.5360243055555556 0.24112654320987653 0.17100694444444445 0.1381172839506173
0 0.560546875 0.09915123456790123 0.06727430555555555 0.04861111111111111
0 0.8266059027777778 0.1693672839506173 0.055989583333333336 0.05941358024691358
0 0.607421875 0.12075617283950617 0.055121527777777776 0.05787037037037037
0 0.20225694444444445 0.03973765432098766 0.030381944444444444 0.02854938271604938
0 0.4943576388888889 0.08256172839506173 0.04774305555555555 0.044753086419753084
0 0.4040798611111111 0.06327160493827161 0.05555555555555555 0.044753086419753084
0 0.3335503472222222 0.048996913580246916 0.054253472222222224 0.04089506172839506
0 0.3016493055555556 0.03973765432098766 0.0390625 0.033179012345679014
0 0.7437065972222222 0.21604938271604937 0.1644965277777778 0.2222222222222222
0 0.2508680555555556 0.025848765432098766 0.0642361111111111 0.04398148148148148
1 0.6903211805555556 0.47723765432098764 0.0681423611111111 0.2770061728395062
1 0.7454427083333334 0.5304783950617284 0.062065972222222224 0.2800925925925926
0 0.2549913194444444 0.043209876543209874 0.04296875 0.032407407407407406
0 0.3689236111111111 0.05169753086419753 0.021701388888888888 0.037037037037037035
0 0.3904079861111111 0.030478395061728395 0.03689236111111111 0.023919753086419752