0 0.5147569444444444 0.17554012345679013 0.11284722222222222 0.09953703703703703
0 0.8079427083333334 0.24189814814814814 0.11848958333333333 0.11188271604938271
0 0.5583767361111112 0.12422839506172839 0.055121527777777776 0.06172839506172839
0 0.20703125 0.08294753086419752 0.05381944444444445 0.05324074074074074
0 0.3743489583333333 0.03202160493827161 0.045572916666666664 0.03009259259259259
0 0.6030815972222222 0.09953703703703703 0.055989583333333336 0.041666666666666664
0 0.2152777777777778 0.035493827160493825 0.04774305555555555 0.038580246913580245
0 0.669921875 0.10378086419753087 0.04123263888888889 0.04089506172839506
0 0.8444010416666666 0.2017746913580247 0.053385416666666664 0.05632716049382716
0 0.8229166666666666 0.16435185185185186 0.06163194444444445 0.047839506172839504
0 0.4908854166666667 0.027777777777777776 0.06336805555555555 0.05246913580246913
1 0.748046875 0.44212962962962965 0.062065972222222224 0.22067901234567902
1 0.7944878472222222 0.4660493827160494 0.05251736111111111 0.24691358024691357
1 0.18272569444444445 0.13194444444444445 0.015625 0.08796296296296297
1 0.19444444444444445 0.13580246913580246 0.016493055555555556 0.0787037037037037
0 0.7183159722222222 0.15007716049382716 0.0859375 0.05632716049382716