0 0.18446180555555555 0.7943672839506173 0.3602430555555556 0.4112654320987654
0 0.3765190972222222 0.29128086419753085 0.19401041666666666 0.17515432098765432
0 0.2202690972222222 0.08873456790123457 0.0646701388888889 0.05401234567901234
0 0.06640625 0.47608024691358025 0.13194444444444445 0.23148148148148148
0 0.5798611111111112 0.09992283950617284 0.0703125 0.05478395061728395
0 0.5065104166666666 0.08410493827160494 0.06597222222222222 0.04938271604938271
0 0.34765625 0.05555555555555555 0.05555555555555555 0.038580246913580245
0 0.7777777777777778 0.14776234567901234 0.046875 0.04861111111111111
0 0.7970920138888888 0.3167438271604938 0.12890625 0.13040123456790123
0 0.3936631944444444 0.035493827160493825 0.03819444444444445 0.026234567901234566
0 0.4047309027777778 0.058256172839506175 0.03602430555555555 0.036265432098765434
0 0.2842881944444444 0.045910493827160496 0.043402777777777776 0.034722222222222224
0 0.71484375 0.15316358024691357 0.09027777777777778 0.07021604938271606
0 0.6649305555555556 0.11612654320987655 0.08246527777777778 0.05632716049382716
0 0.3125 0.04398148148148148 0.030381944444444444 0.033950617283950615
1 0.8031684027777778 0.44560185185185186 0.06380208333333333 0.2183641975308642
0 0.22721354166666666 0.03973765432098766 0.046440972222222224 0.036265432098765434
0 0.5234375 0.026234567901234566 0.06510416666666667 0.035493827160493825
0 0.4685329861111111 0.03433641975308642 0.024739583333333332 0.03935185185185185
0 0.4913194444444444 0.04050925925925926 0.03732638888888889 0.020833333333333332