0 0.185546875 0.7866512345679012 0.3606770833333333 0.42669753086419754
0 0.6219618055555556 0.10455246913580248 0.06770833333333333 0.05478395061728395
0 0.8174913194444444 0.28973765432098764 0.08897569444444445 0.1396604938271605
0 0.5362413194444444 0.09143518518518519 0.06380208333333333 0.04552469135802469
0 0.6807725694444444 0.10802469135802469 0.03342013888888889 0.038580246913580245
0 0.5023871527777778 0.07175925925925926 0.047309027777777776 0.032407407407407406
0 0.20833333333333334 0.038580246913580245 0.03993055555555555 0.033950617283950615
0 0.17686631944444445 0.07214506172839506 0.045572916666666664 0.05632716049382716
0 0.3671875 0.05864197530864197 0.05555555555555555 0.040123456790123455
0 0.8567708333333334 0.2021604938271605 0.026909722222222224 0.05555555555555555
0 0.3107638888888889 0.0466820987654321 0.041666666666666664 0.034722222222222224
1 0.3079427083333333 0.14699074074074073 0.024739583333333332 0.10416666666666667
0 0.2582465277777778 0.044753086419753084 0.04600694444444445 0.033950617283950615
0 0.2808159722222222 0.038580246913580245 0.024305555555555556 0.032407407407407406
0 0.2881944444444444 0.023148148148148147 0.028645833333333332 0.041666666666666664
0 0.3331163194444444 0.04205246913580247 0.025607638888888888 0.034722222222222224
0 0.3982204861111111 0.05555555555555555 0.020399305555555556 0.037037037037037035
0 0.40625 0.04976851851851852 0.024305555555555556 0.036265432098765434
0 0.3745659722222222 0.02816358024691358 0.034722222222222224 0.019290123456790122
0 0.4676649305555556 0.06520061728395062 0.020399305555555556 0.04243827160493827
0 0.7417534722222222 0.15895061728395063 0.0859375 0.06172839506172839