0 0.11631944444444445 0.4174382716049383 0.23177083333333334 0.25771604938271603
0 0.3365885416666667 0.04552469135802469 0.04470486111111111 0.038580246913580245
0 0.6059027777777778 0.1111111111111111 0.06597222222222222 0.05555555555555555
0 0.5141059027777778 0.08641975308641975 0.0681423611111111 0.046296296296296294
0 0.74609375 0.20640432098765432 0.13368055555555555 0.11033950617283951
0 0.72265625 0.13657407407407407 0.04600694444444445 0.06481481481481481
0 0.2853732638888889 0.036265432098765434 0.038628472222222224 0.041666666666666664
1 0.7886284722222222 0.38503086419753085 0.046875 0.2052469135802469
1 0.7235243055555556 0.3757716049382716 0.04600694444444445 0.19907407407407407
0 0.20985243055555555 0.037037037037037035 0.04210069444444445 0.035493827160493825
0 0.23828125 0.02854938271604938 0.021701388888888888 0.027777777777777776
0 0.3758680555555556 0.025848765432098766 0.03125 0.04552469135802469
0 0.4140625 0.03587962962962963 0.012152777777777778 0.03009259259259259
0 0.4906684027777778 0.040123456790123455 0.03515625 0.024691358024691357