0 0.07356770833333333 0.39467592592592593 0.14539930555555555 0.38040123456790126
0 0.3335503472222222 0.05169753086419753 0.046440972222222224 0.033950617283950615
0 0.6080729166666666 0.20949074074074073 0.12239583333333333 0.11496913580246913
0 0.4546440972222222 0.25617283950617287 0.2035590277777778 0.1527777777777778
0 0.21375868055555555 0.03742283950617284 0.04904513888888889 0.036265432098765434
0 0.5770399305555556 0.11921296296296297 0.05772569444444445 0.06712962962962964
0 0.2847222222222222 0.09992283950617284 0.08072916666666667 0.06867283950617284
0 0.2849392361111111 0.03973765432098766 0.04383680555555555 0.03935185185185185
0 0.6636284722222222 0.10300925925925926 0.03993055555555555 0.04243827160493827
0 0.6217447916666666 0.10841049382716049 0.039496527777777776 0.0470679012345679
0 0.4963107638888889 0.02353395061728395 0.0681423611111111 0.04243827160493827
0 0.3869357638888889 0.04282407407407408 0.040364583333333336 0.03935185185185185
0 0.6983506944444444 0.09992283950617284 0.028645833333333332 0.04243827160493827
1 0.6616753472222222 0.5285493827160493 0.06553819444444445 0.3117283950617284
1 0.7417534722222222 0.5763888888888888 0.08854166666666667 0.33024691358024694
1 0.7708333333333334 0.4783950617283951 0.06597222222222222 0.31635802469135804