0 0.18424479166666666 0.7920524691358025 0.3606770833333333 0.4158950617283951
0 0.8411458333333334 0.25617283950617287 0.049479166666666664 0.0941358024691358
0 0.07530381944444445 0.4398148148148148 0.14973958333333334 0.2762345679012346
0 0.3430989583333333 0.055169753086419755 0.055121527777777776 0.036265432098765434
0 0.4963107638888889 0.08256172839506173 0.05078125 0.044753086419753084
0 0.5724826388888888 0.09799382716049383 0.0703125 0.05401234567901234
0 0.2267795138888889 0.03780864197530864 0.04383680555555555 0.037037037037037035
0 0.7326388888888888 0.16859567901234568 0.09635416666666667 0.06867283950617284
0 0.6490885416666666 0.11689814814814815 0.0881076388888889 0.07021604938271606
0 0.2840711805555556 0.0466820987654321 0.039496527777777776 0.033179012345679014
0 0.3891059027777778 0.044753086419753084 0.03515625 0.033950617283950615
0 0.5423177083333334 0.08217592592592593 0.04383680555555555 0.036265432098765434
0 0.4661458333333333 0.03202160493827161 0.020833333333333332 0.02546296296296296
1 0.3305121527777778 0.2658179012345679 0.037760416666666664 0.16589506172839505
1 0.3504774305555556 0.2650462962962963 0.03428819444444445 0.16743827160493827
0 0.16861979166666666 0.04282407407407408 0.031684027777777776 0.031635802469135804
0 0.4149305555555556 0.06905864197530864 0.03125 0.03935185185185185
0 0.3263888888888889 0.03587962962962963 0.030381944444444444 0.033179012345679014