0 0.4932725694444444 0.08024691358024691 0.045572916666666664 0.05092592592592592
0 0.6104600694444444 0.10339506172839506 0.054253472222222224 0.047839506172839504
0 0.3726128472222222 0.058256172839506175 0.05772569444444445 0.03935185185185185
0 0.3020833333333333 0.027391975308641976 0.042534722222222224 0.033179012345679014
0 0.20833333333333334 0.04243827160493827 0.035590277777777776 0.033950617283950615
0 0.6686197916666666 0.1087962962962963 0.048177083333333336 0.041666666666666664
0 0.4806857638888889 0.041666666666666664 0.03428819444444445 0.032407407407407406
0 0.3932291666666667 0.033950617283950615 0.03819444444444445 0.032407407407407406
1 0.6532118055555556 0.6793981481481481 0.13368055555555555 0.4251543209876543
0 0.005642361111111111 0.32523148148148145 0.009548611111111112 0.0779320987654321
0 0.22721354166666666 0.02970679012345679 0.037760416666666664 0.036265432098765434
0 0.4997829861111111 0.03935185185185185 0.01953125 0.021604938271604937
0 0.5201822916666666 0.038580246913580245 0.023871527777777776 0.020061728395061727
0 0.8608940972222222 0.21103395061728394 0.023871527777777776 0.03935185185185185