0 0.8233506944444444 0.18981481481481483 0.08680555555555555 0.07253086419753087
0 0.4871961805555556 0.07098765432098765 0.054253472222222224 0.04938271604938271
0 0.3068576388888889 0.02854938271604938 0.03993055555555555 0.029320987654320986
0 0.7532552083333334 0.1385030864197531 0.06901041666666667 0.05632716049382716
0 0.3582899305555556 0.041666666666666664 0.03602430555555555 0.030864197530864196
0 0.2829861111111111 0.047839506172839504 0.042534722222222224 0.037037037037037035
0 0.22981770833333334 0.04128086419753087 0.046440972222222224 0.03780864197530864
1 0.5115017361111112 0.7743055555555556 0.1228298611111111 0.4498456790123457
1 0.30859375 0.18479938271604937 0.025173611111111112 0.11496913580246913
0 0.4032118055555556 0.03973765432098766 0.033854166666666664 0.031635802469135804
0 0.4789496527777778 0.04128086419753087 0.031684027777777776 0.02700617283950617