0 0.1987847222222222 0.3734567901234568 0.2699652777777778 0.23765432098765432
0 0.3376736111111111 0.027391975308641976 0.03298611111111111 0.02700617283950617
0 0.7584635416666666 0.1554783950617284 0.08289930555555555 0.0625
0 0.3878038194444444 0.030478395061728395 0.040364583333333336 0.02700617283950617
1 0.7200520833333334 0.5173611111111112 0.09635416666666667 0.3109567901234568
1 0.22135416666666666 0.1392746913580247 0.017361111111111112 0.08719135802469136
0 0.2094184027777778 0.038580246913580245 0.038628472222222224 0.033950617283950615
0 0.2569444444444444 0.04359567901234568 0.042534722222222224 0.04089506172839506
0 0.2970920138888889 0.03125 0.038628472222222224 0.033179012345679014
0 0.3802083333333333 0.03665123456790124 0.020833333333333332 0.031635802469135804
0 0.4034288194444444 0.04861111111111111 0.040364583333333336 0.035493827160493825
0 0.4134114583333333 0.06674382716049383 0.03515625 0.036265432098765434
0 0.470703125 0.04050925925925926 0.025607638888888888 0.03009259259259259
0 0.7178819444444444 0.1867283950617284 0.057291666666666664 0.08179012345679013