0 0.376953125 0.29012345679012347 0.2035590277777778 0.2006172839506173
0 0.490234375 0.08063271604938271 0.040364583333333336 0.04089506172839506
0 0.5562065972222222 0.09722222222222222 0.06293402777777778 0.046296296296296294
0 0.6219618055555556 0.11535493827160494 0.059895833333333336 0.05169753086419753
0 0.65625 0.25578703703703703 0.1779513888888889 0.1427469135802469
0 0.7157118055555556 0.13348765432098766 0.044270833333333336 0.06018518518518518
0 0.4051649305555556 0.058256172839506175 0.045572916666666664 0.036265432098765434
0 0.3246527777777778 0.05015432098765432 0.05295138888888889 0.044753086419753084
0 0.3791232638888889 0.04128086419753087 0.025607638888888888 0.02854938271604938
0 0.2643229166666667 0.04359567901234568 0.050347222222222224 0.03935185185185185
1 0.7860243055555556 0.38503086419753085 0.046875 0.2006172839506173
1 0.7222222222222222 0.38155864197530864 0.042534722222222224 0.19521604938271606
0 0.494140625 0.03819444444444445 0.03602430555555555 0.02854938271604938
0 0.2087673611111111 0.03742283950617284 0.043402777777777776 0.04089506172839506