0 0.2892795138888889 0.31828703703703703 0.2547743055555556 0.20756172839506173
0 0.3240017361111111 0.02970679012345679 0.04210069444444445 0.03009259259259259
0 0.08116319444444445 0.623070987654321 0.16145833333333334 0.38503086419753085
0 0.6436631944444444 0.2658179012345679 0.1423611111111111 0.13503086419753085
0 0.2107204861111111 0.04282407407407408 0.04123263888888889 0.031635802469135804
0 0.8311631944444444 0.19483024691358025 0.07378472222222222 0.06404320987654322
0 0.6681857638888888 0.10609567901234568 0.038628472222222224 0.04552469135802469
0 0.6030815972222222 0.10493827160493827 0.05164930555555555 0.05401234567901234
0 0.4016927083333333 0.034722222222222224 0.03689236111111111 0.027777777777777776
0 0.2921006944444444 0.02854938271604938 0.030381944444444444 0.023148148148148147
0 0.7035590277777778 0.11651234567901235 0.029513888888888888 0.038580246913580245
1 0.041449652777777776 0.18981481481481483 0.017795138888888888 0.10493827160493827
0 0.7493489583333334 0.11458333333333333 0.025607638888888888 0.036265432098765434
0 0.2302517361111111 0.03125 0.040364583333333336 0.03780864197530864
0 0.4743923611111111 0.04089506172839506 0.03298611111111111 0.023148148148148147
0 0.7126736111111112 0.17862654320987653 0.04774305555555555 0.08873456790123457