0 0.14127604166666666 0.3939043209876543 0.2808159722222222 0.2662037037037037
0 0.5453559027777778 0.11844135802469136 0.07421875 0.06404320987654322
0 0.3513454861111111 0.05285493827160494 0.05772569444444445 0.04243827160493827
0 0.21744791666666666 0.04089506172839506 0.04513888888888889 0.033950617283950615
0 0.4926215277777778 0.08063271604938271 0.03993055555555555 0.04243827160493827
0 0.3031684027777778 0.031635802469135804 0.04296875 0.041666666666666664
0 0.4012586805555556 0.06172839506172839 0.037760416666666664 0.037037037037037035
0 0.6208767361111112 0.11921296296296297 0.048177083333333336 0.0625
0 0.6879340277777778 0.1246141975308642 0.0625 0.05015432098765432
0 0.4730902777777778 0.04398148148148148 0.034722222222222224 0.030864197530864196
0 0.3838975694444444 0.033179012345679014 0.030815972222222224 0.027777777777777776
1 0.7265625 0.37808641975308643 0.03993055555555555 0.19753086419753085
1 0.7810329861111112 0.38425925925925924 0.04991319444444445 0.2006172839506173
0 0.8270399305555556 0.1716820987654321 0.07074652777777778 0.05169753086419753
0 0.8459201388888888 0.19444444444444445 0.04774305555555555 0.05555555555555555
0 0.2658420138888889 0.04552469135802469 0.046440972222222224 0.040123456790123455
0 0.5575086805555556 0.09182098765432099 0.05946180555555555 0.047839506172839504
0 0.6666666666666666 0.09259259259259259 0.051215277777777776 0.07407407407407407