0 0.185546875 0.7874228395061729 0.3624131944444444 0.4251543209876543
0 0.4359809027777778 0.27546296296296297 0.20442708333333334 0.19135802469135801
0 0.2513020833333333 0.09722222222222222 0.0685763888888889 0.06172839506172839
0 0.5755208333333334 0.16358024691358025 0.11371527777777778 0.10030864197530864
0 0.3546006944444444 0.056712962962962965 0.057291666666666664 0.03935185185185185
0 0.5062934027777778 0.08449074074074074 0.06380208333333333 0.0470679012345679
0 0.8266059027777778 0.18287037037037038 0.08550347222222222 0.08179012345679013
0 0.408203125 0.059799382716049385 0.039496527777777776 0.036265432098765434
0 0.2862413194444444 0.047839506172839504 0.039496527777777776 0.041666666666666664
0 0.5794270833333334 0.09992283950617284 0.08072916666666667 0.05015432098765432
0 0.7200520833333334 0.15046296296296297 0.10069444444444445 0.08641975308641975
0 0.3628472222222222 0.01890432098765432 0.04600694444444445 0.03009259259259259
0 0.2280815972222222 0.038580246913580245 0.046440972222222224 0.037037037037037035
0 0.3240017361111111 0.028935185185185185 0.03515625 0.02854938271604938
0 0.6349826388888888 0.11882716049382716 0.043402777777777776 0.05246913580246913
1 0.8255208333333334 0.4386574074074074 0.058159722222222224 0.25540123456790126
1 0.7456597222222222 0.43094135802469136 0.05642361111111111 0.19830246913580246
1 0.4654947916666667 0.31635802469135804 0.03342013888888889 0.1867283950617284
1 0.1720920138888889 0.13194444444444445 0.016927083333333332 0.08950617283950617
0 0.1909722222222222 0.03819444444444445 0.046875 0.03780864197530864
0 0.3812934027777778 0.03742283950617284 0.03515625 0.02700617283950617
0 0.4928385416666667 0.027777777777777776 0.061197916666666664 0.037037037037037035
0 0.4765625 0.04282407407407408 0.034722222222222224 0.023919753086419752
0 0.6124131944444444 0.13773148148148148 0.05555555555555555 0.06095679012345679