0 0.2688802083333333 0.19637345679012347 0.16796875 0.13503086419753085
0 0.5824652777777778 0.10378086419753087 0.059895833333333336 0.06095679012345679
0 0.3485243055555556 0.02700617283950617 0.03993055555555555 0.038580246913580245
0 0.8450520833333334 0.17901234567901234 0.04861111111111111 0.05709876543209876
0 0.4116753472222222 0.03125 0.016927083333333332 0.033179012345679014
0 0.6983506944444444 0.1597222222222222 0.042534722222222224 0.07407407407407407
1 0.6842447916666666 0.6022376543209876 0.08116319444444445 0.3618827160493827
1 0.630859375 0.597608024691358 0.0724826388888889 0.3587962962962963
0 0.4006076388888889 0.027777777777777776 0.010416666666666666 0.037037037037037035
0 0.4802517361111111 0.04398148148148148 0.031684027777777776 0.023148148148148147
0 0.4991319444444444 0.041666666666666664 0.03125 0.030864197530864196
0 0.7317708333333334 0.12692901234567902 0.03211805555555555 0.04861111111111111