0 0.3873697916666667 0.06172839506172839 0.05164930555555555 0.038580246913580245
0 0.4871961805555556 0.031635802469135804 0.05685763888888889 0.037037037037037035
0 0.3120659722222222 0.050540123456790126 0.05295138888888889 0.034722222222222224
0 0.6371527777777778 0.11844135802469136 0.06944444444444445 0.04861111111111111
0 0.7810329861111112 0.14737654320987653 0.1228298611111111 0.13425925925925927
0 0.2326388888888889 0.04243827160493827 0.033854166666666664 0.029320987654320986
0 0.2903645833333333 0.033179012345679014 0.0390625 0.026234567901234566
0 0.37890625 0.03742283950617284 0.021701388888888888 0.02700617283950617
0 0.1684027777777778 0.04128086419753087 0.026041666666666668 0.02700617283950617
0 0.21354166666666666 0.03819444444444445 0.03125 0.03009259259259259
0 0.3257378472222222 0.03279320987654321 0.038628472222222224 0.02854938271604938
0 0.693359375 0.10185185185185185 0.028211805555555556 0.041666666666666664
1 0.748046875 0.4834104938271605 0.05859375 0.28780864197530864