0 0.18619791666666666 0.7411265432098766 0.3715277777777778 0.5084876543209876
0 0.3736979166666667 0.29398148148148145 0.20572916666666666 0.19907407407407407
0 0.5232204861111112 0.1385030864197531 0.09678819444444445 0.0779320987654321
0 0.4924045138888889 0.08140432098765432 0.04123263888888889 0.04552469135802469
0 0.2322048611111111 0.04089506172839506 0.03732638888888889 0.033950617283950615
0 0.3548177083333333 0.05439814814814815 0.053385416666666664 0.04243827160493827
0 0.6221788194444444 0.10339506172839506 0.05251736111111111 0.05864197530864197
0 0.2894965277777778 0.046296296296296294 0.046875 0.035493827160493825
0 0.5648871527777778 0.11689814814814815 0.0681423611111111 0.07021604938271606
0 0.8409288194444444 0.2013888888888889 0.0646701388888889 0.06327160493827161
0 0.6853298611111112 0.16087962962962962 0.06684027777777778 0.10570987654320987
0 0.4075520833333333 0.033950617283950615 0.028645833333333332 0.024691358024691357
0 0.4116753472222222 0.0628858024691358 0.04123263888888889 0.034722222222222224
0 0.4986979166666667 0.04128086419753087 0.029513888888888888 0.02546296296296296
0 0.3118489583333333 0.02816358024691358 0.039496527777777776 0.02546296296296296
0 0.6666666666666666 0.10223765432098765 0.0390625 0.05015432098765432
1 0.6861979166666666 0.6018518518518519 0.08072916666666667 0.35648148148148145
1 0.8326822916666666 0.4444444444444444 0.06293402777777778 0.22067901234567902
0 0.3524305555555556 0.03125 0.03819444444444445 0.031635802469135804
0 0.3799913194444444 0.03202160493827161 0.03342013888888889 0.02854938271604938
0 0.8361545138888888 0.16705246913580246 0.0724826388888889 0.05787037037037037
0 0.5425347222222222 0.09452160493827161 0.04774305555555555 0.04089506172839506