0 0.5616319444444444 0.18171296296296297 0.11631944444444445 0.09799382716049383
0 0.3485243055555556 0.024691358024691357 0.03732638888888889 0.029320987654320986
0 0.5299479166666666 0.09722222222222222 0.06076388888888889 0.08641975308641975
0 0.5907118055555556 0.08641975308641975 0.07465277777777778 0.08333333333333333
0 0.6510416666666666 0.1550925925925926 0.046875 0.07253086419753087
0 0.2263454861111111 0.03356481481481482 0.047309027777777776 0.02854938271604938
0 0.4678819444444444 0.038580246913580245 0.026041666666666668 0.026234567901234566
0 0.4759114583333333 0.032407407407407406 0.025607638888888888 0.033950617283950615
0 0.845703125 0.27314814814814814 0.05859375 0.19444444444444445
0 0.8092447916666666 0.2623456790123457 0.053385416666666664 0.09876543209876543
0 0.6714409722222222 0.12962962962962962 0.043402777777777776 0.05555555555555555
1 0.212890625 0.24807098765432098 0.026475694444444444 0.15046296296296297