0 0.5796440972222222 0.10069444444444445 0.05946180555555555 0.05169753086419753
0 0.2912326388888889 0.09645061728395062 0.0798611111111111 0.08024691358024691
0 0.3763020833333333 0.059799382716049385 0.057291666666666664 0.03935185185185185
0 0.3177083333333333 0.022376543209876542 0.034722222222222224 0.030864197530864196
0 0.4989149305555556 0.03973765432098766 0.032552083333333336 0.014660493827160493
0 0.6770833333333334 0.10570987654320987 0.03125 0.038580246913580245
0 0.7775607638888888 0.16743827160493827 0.08116319444444445 0.07716049382716049
0 0.7209201388888888 0.11496913580246913 0.03125 0.040123456790123455
0 0.2345920138888889 0.030864197530864196 0.04123263888888889 0.035493827160493825
0 0.19227430555555555 0.024691358024691357 0.046875 0.044753086419753084
0 0.29296875 0.02662037037037037 0.03125 0.02854938271604938
0 0.791015625 0.10493827160493827 0.016059027777777776 0.020061728395061727
0 0.7623697916666666 0.10185185185185185 0.017795138888888888 0.021604938271604937
1 0.1440972222222222 0.14467592592592593 0.019097222222222224 0.0933641975308642