0 0.1325954861111111 0.8190586419753086 0.2643229166666667 0.3618827160493827
0 0.3927951388888889 0.047839506172839504 0.03732638888888889 0.035493827160493825
0 0.2289496527777778 0.04359567901234568 0.04296875 0.036265432098765434
0 0.2977430555555556 0.04282407407407408 0.06076388888888889 0.04552469135802469
0 0.8326822916666666 0.1909722222222222 0.0681423611111111 0.05478395061728395
0 0.3498263888888889 0.047839506172839504 0.049479166666666664 0.038580246913580245
0 0.6788194444444444 0.10108024691358025 0.030381944444444444 0.032407407407407406
1 0.7135416666666666 0.560570987654321 0.08680555555555555 0.35262345679012347
0 0.6456163194444444 0.1076388888888889 0.040364583333333336 0.05015432098765432
0 0.6909722222222222 0.13310185185185186 0.0685763888888889 0.0470679012345679
0 0.4346788194444444 0.06172839506172839 0.061197916666666664 0.035493827160493825
0 0.3912760416666667 0.02546296296296296 0.03428819444444445 0.023148148148148147