0 0.18424479166666666 0.7947530864197531 0.3598090277777778 0.4089506172839506
0 0.11979166666666667 0.4193672839506173 0.2387152777777778 0.2662037037037037
0 0.5740017361111112 0.2623456790123457 0.1697048611111111 0.16203703703703703
0 0.5362413194444444 0.14776234567901234 0.0759548611111111 0.07330246913580248
0 0.3528645833333333 0.05632716049382716 0.0546875 0.037037037037037035
0 0.5067274305555556 0.08371913580246913 0.062065972222222224 0.04089506172839506
0 0.8114149305555556 0.1736111111111111 0.09678819444444445 0.08796296296296297
0 0.5978732638888888 0.11574074074074074 0.03515625 0.05092592592592592
0 0.7141927083333334 0.2569444444444444 0.1462673611111111 0.14814814814814814
0 0.2858072916666667 0.0466820987654321 0.038628472222222224 0.036265432098765434
0 0.6827256944444444 0.13734567901234568 0.1015625 0.07561728395061729
0 0.2261284722222222 0.04050925925925926 0.04600694444444445 0.03935185185185185
0 0.6037326388888888 0.0941358024691358 0.04513888888888889 0.032407407407407406
0 0.37890625 0.05092592592592592 0.034722222222222224 0.037037037037037035
1 0.7736545138888888 0.5069444444444444 0.0759548611111111 0.31790123456790126
1 0.6733940972222222 0.5860339506172839 0.08116319444444445 0.2986111111111111
1 0.7384982638888888 0.4722222222222222 0.06032986111111111 0.30246913580246915
1 0.3088107638888889 0.25655864197530864 0.030815972222222224 0.15817901234567902
1 0.13411458333333334 0.14853395061728394 0.021701388888888888 0.09182098765432099
0 0.19053819444444445 0.035493827160493825 0.042534722222222224 0.035493827160493825
0 0.3161892361111111 0.03973765432098766 0.029079861111111112 0.034722222222222224
0 0.3804253472222222 0.03587962962962963 0.037760416666666664 0.03009259259259259
0 0.4921875 0.02816358024691358 0.0625 0.04243827160493827
0 0.4782986111111111 0.041666666666666664 0.035590277777777776 0.020061728395061727
0 0.5425347222222222 0.11304012345679013 0.08940972222222222 0.07330246913580248