0 0.5757378472222222 0.10185185185185185 0.06032986111111111 0.05092592592592592
0 0.798828125 0.17592592592592593 0.09418402777777778 0.07407407407407407
0 0.6636284722222222 0.12191358024691358 0.0685763888888889 0.05401234567901234
0 0.4939236111111111 0.07947530864197531 0.04079861111111111 0.041666666666666664
0 0.3480902777777778 0.05401234567901234 0.05381944444444445 0.040123456790123455
0 0.21614583333333334 0.03780864197530864 0.04774305555555555 0.037037037037037035
0 0.40625 0.06558641975308642 0.04774305555555555 0.040123456790123455
0 0.2684461805555556 0.04436728395061729 0.04296875 0.04243827160493827
0 0.7144097222222222 0.12229938271604938 0.03732638888888889 0.05015432098765432
0 0.4730902777777778 0.03819444444444445 0.030381944444444444 0.03009259259259259
0 0.3420138888888889 0.03279320987654321 0.03993055555555555 0.02700617283950617
1 0.7875434027777778 0.38850308641975306 0.04470486111111111 0.2044753086419753
1 0.73046875 0.3819444444444444 0.033854166666666664 0.19907407407407407
0 0.6866319444444444 0.10802469135802469 0.024305555555555556 0.033950617283950615
0 0.4036458333333333 0.035493827160493825 0.03298611111111111 0.024691358024691357
0 0.17860243055555555 0.040123456790123455 0.04991319444444445 0.029320987654320986