0 0.5212673611111112 0.08989197530864197 0.06163194444444445 0.0470679012345679
0 0.5874565972222222 0.10378086419753087 0.062065972222222224 0.05015432098765432
0 0.3676215277777778 0.059027777777777776 0.05642361111111111 0.03935185185185185
0 0.650390625 0.10300925925925926 0.04210069444444445 0.05169753086419753
0 0.6979166666666666 0.1415895061728395 0.07725694444444445 0.0625
0 0.20052083333333334 0.03742283950617284 0.043402777777777776 0.02854938271604938
0 0.23177083333333334 0.04050925925925926 0.04079861111111111 0.03009259259259259
0 0.2970920138888889 0.04822530864197531 0.05078125 0.034722222222222224
0 0.3250868055555556 0.045910493827160496 0.033854166666666664 0.034722222222222224
0 0.3971354166666667 0.056712962962962965 0.03298611111111111 0.034722222222222224
0 0.466796875 0.04050925925925926 0.024739583333333332 0.02546296296296296
0 0.4982638888888889 0.03935185185185185 0.034722222222222224 0.026234567901234566
1 0.6733940972222222 0.7978395061728395 0.11241319444444445 0.4027777777777778
1 0.5592447916666666 0.7881944444444444 0.09852430555555555 0.4220679012345679
1 0.1623263888888889 0.14351851851851852 0.018229166666666668 0.08333333333333333
1 0.5542534722222222 0.33757716049382713 0.028645833333333332 0.19367283950617284
1 0.5319010416666666 0.3422067901234568 0.037760416666666664 0.2013888888888889