0 0.4724392361111111 0.07368827160493827 0.029947916666666668 0.04089506172839506
0 0.6395399305555556 0.10841049382716049 0.06032986111111111 0.04552469135802469
0 0.3871527777777778 0.036265432098765434 0.035590277777777776 0.026234567901234566
0 0.4874131944444444 0.03973765432098766 0.030381944444444444 0.020833333333333332
0 0.2810329861111111 0.04552469135802469 0.028211805555555556 0.038580246913580245
0 0.7478298611111112 0.1550925925925926 0.08854166666666667 0.06172839506172839
0 0.6857638888888888 0.09375 0.0390625 0.05941358024691358
1 0.7628038194444444 0.466820987654321 0.05164930555555555 0.17592592592592593
1 0.8146701388888888 0.4537037037037037 0.05642361111111111 0.25308641975308643
0 0.4084201388888889 0.034722222222222224 0.0234375 0.024691358024691357
0 0.7779947916666666 0.09220679012345678 0.029079861111111112 0.036265432098765434