0 0.1857638888888889 0.7824074074074074 0.3619791666666667 0.4351851851851852
0 0.5711805555555556 0.09760802469135803 0.07118055555555555 0.05478395061728395
0 0.4976128472222222 0.08024691358024691 0.053385416666666664 0.047839506172839504
0 0.6577690972222222 0.26851851851851855 0.1644965277777778 0.13580246913580246
0 0.34375 0.05478395061728395 0.05295138888888889 0.037037037037037035
0 0.7888454861111112 0.19020061728395063 0.06380208333333333 0.09182098765432099
0 0.3984375 0.048996913580246916 0.03819444444444445 0.02854938271604938
0 0.4711371527777778 0.03896604938271605 0.029079861111111112 0.03009259259259259
0 0.22721354166666666 0.03973765432098766 0.04296875 0.034722222222222224
0 0.2862413194444444 0.04552469135802469 0.04296875 0.037037037037037035
0 0.3140190972222222 0.03433641975308642 0.03689236111111111 0.02700617283950617
0 0.8509114583333334 0.20601851851851852 0.03689236111111111 0.047839506172839504
0 0.16710069444444445 0.04243827160493827 0.025173611111111112 0.027777777777777776
1 0.8133680555555556 0.44675925925925924 0.057291666666666664 0.22067901234567902
1 0.7914496527777778 0.39621913580246915 0.055989583333333336 0.20756172839506173
0 0.6462673611111112 0.11574074074074074 0.08333333333333333 0.06635802469135803
0 0.7241753472222222 0.1253858024691358 0.0646701388888889 0.10108024691358025
0 0.4149305555555556 0.06712962962962964 0.03298611111111111 0.037037037037037035