0 0.5212673611111112 0.12268518518518519 0.0625 0.06635802469135803
0 0.220703125 0.034722222222222224 0.04210069444444445 0.032407407407407406
0 0.8235677083333334 0.22376543209876543 0.08897569444444445 0.13580246913580246
0 0.3552517361111111 0.05478395061728395 0.05251736111111111 0.040123456790123455
0 0.662109375 0.1111111111111111 0.05685763888888889 0.044753086419753084
0 0.4772135416666667 0.0775462962962963 0.03515625 0.04398148148148148
0 0.2838541666666667 0.045910493827160496 0.034722222222222224 0.03780864197530864
0 0.3975694444444444 0.04128086419753087 0.04513888888888889 0.04089506172839506
1 0.7000868055555556 0.6439043209876543 0.08333333333333333 0.32175925925925924
1 0.4611545138888889 0.9340277777777778 0.1150173611111111 0.13040123456790123
1 0.1449652777777778 0.14351851851851852 0.021701388888888888 0.08333333333333333
0 0.3246527777777778 0.046296296296296294 0.041666666666666664 0.030864197530864196
0 0.4166666666666667 0.062114197530864196 0.029513888888888888 0.036265432098765434
0 0.4789496527777778 0.03896604938271605 0.037760416666666664 0.02546296296296296
0 0.8250868055555556 0.16628086419753085 0.0703125 0.04243827160493827
0 0.7233072916666666 0.14776234567901234 0.07942708333333333 0.06867283950617284
0 0.7677951388888888 0.11149691358024691 0.022569444444444444 0.031635802469135804