0 0.203125 0.08333333333333333 0.0642361111111111 0.05092592592592592
0 0.3404947916666667 0.041666666666666664 0.026475694444444444 0.026234567901234566
0 0.4865451388888889 0.04089506172839506 0.033854166666666664 0.024691358024691357
0 0.3873697916666667 0.04282407407407408 0.029079861111111112 0.02700617283950617
0 0.2801649305555556 0.045910493827160496 0.039496527777777776 0.031635802469135804
0 0.3634982638888889 0.033179012345679014 0.02734375 0.024691358024691357
0 0.7601996527777778 0.3109567901234568 0.19661458333333334 0.15123456790123457
0 0.77734375 0.21604938271604937 0.13975694444444445 0.13580246913580246
0 0.6625434027777778 0.15007716049382716 0.10199652777777778 0.08719135802469136
0 0.748046875 0.14429012345679013 0.04470486111111111 0.040123456790123455
0 0.7495659722222222 0.1091820987654321 0.03298611111111111 0.05169753086419753
0 0.2072482638888889 0.03510802469135803 0.047309027777777776 0.034722222222222224
0 0.24305555555555555 0.027391975308641976 0.026909722222222224 0.036265432098765434
0 0.326171875 0.033950617283950615 0.030815972222222224 0.026234567901234566
0 0.3025173611111111 0.030864197530864196 0.026041666666666668 0.026234567901234566
0 0.4040798611111111 0.034722222222222224 0.03211805555555555 0.029320987654320986
0 0.708984375 0.0941358024691358 0.03342013888888889 0.05092592592592592
1 0.05577256944444445 0.28973765432098764 0.031684027777777776 0.17515432098765432
1 0.083984375 0.27121913580246915 0.030815972222222224 0.17669753086419754