0 0.666015625 0.1724537037037037 0.17491319444444445 0.19058641975308643
0 0.3689236111111111 0.08873456790123457 0.07552083333333333 0.06790123456790123
0 0.5564236111111112 0.09876543209876543 0.059895833333333336 0.04938271604938271
0 0.7951388888888888 0.17824074074074073 0.09027777777777778 0.07098765432098765
0 0.4924045138888889 0.08063271604938271 0.038628472222222224 0.04089506172839506
0 0.8552517361111112 0.19212962962962962 0.032552083333333336 0.05709876543209876
0 0.5266927083333334 0.08024691358024691 0.039496527777777776 0.040123456790123455
0 0.3927951388888889 0.03819444444444445 0.03993055555555555 0.03935185185185185
0 0.2916666666666667 0.04282407407407408 0.051215277777777776 0.034722222222222224
0 0.20789930555555555 0.04128086419753087 0.03732638888888889 0.031635802469135804
1 0.7877604166666666 0.3846450617283951 0.04600694444444445 0.2013888888888889
1 0.7237413194444444 0.376929012345679 0.04296875 0.2013888888888889
0 0.3971354166666667 0.06867283950617284 0.043402777777777776 0.035493827160493825
0 0.3700086805555556 0.02353395061728395 0.04470486111111111 0.04089506172839506
0 0.3328993055555556 0.05015432098765432 0.057291666666666664 0.046296296296296294
0 0.2504340277777778 0.04513888888888889 0.04861111111111111 0.0470679012345679