0 0.1872829861111111 0.7399691358024691 0.3719618055555556 0.5123456790123457
0 0.3420138888888889 0.09953703703703703 0.1232638888888889 0.10648148148148148
0 0.611328125 0.2195216049382716 0.1427951388888889 0.1257716049382716
0 0.5685763888888888 0.09837962962962964 0.058159722222222224 0.04552469135802469
0 0.7797309027777778 0.3317901234567901 0.16102430555555555 0.14969135802469136
0 0.3337673611111111 0.02854938271604938 0.03993055555555555 0.029320987654320986
0 0.2899305555555556 0.046296296296296294 0.043402777777777776 0.033950617283950615
0 0.4776475694444444 0.0775462962962963 0.03602430555555555 0.04552469135802469
0 0.4704861111111111 0.03510802469135803 0.027777777777777776 0.022376543209876542
0 0.2087673611111111 0.03780864197530864 0.034722222222222224 0.029320987654320986
0 0.23046875 0.04128086419753087 0.0390625 0.03009259259259259
0 0.3971354166666667 0.03510802469135803 0.0390625 0.02854938271604938
0 0.6603732638888888 0.1257716049382716 0.05685763888888889 0.047839506172839504
0 0.4947916666666667 0.03665123456790124 0.024305555555555556 0.017746913580246913
0 0.6056857638888888 0.14814814814814814 0.1037326388888889 0.06790123456790123
1 0.054036458333333336 0.28742283950617287 0.031684027777777776 0.16898148148148148
0 0.6176215277777778 0.09297839506172839 0.051215277777777776 0.03935185185185185