0 0.6840277777777778 0.2353395061728395 0.1527777777777778 0.12808641975308643
0 0.3420138888888889 0.035493827160493825 0.042534722222222224 0.038580246913580245
0 0.6263020833333334 0.15084876543209877 0.0859375 0.06712962962962964
0 0.4848090277777778 0.040123456790123455 0.036458333333333336 0.029320987654320986
0 0.2322048611111111 0.041666666666666664 0.042534722222222224 0.038580246913580245
0 0.2784288194444444 0.03935185185185185 0.030815972222222224 0.040123456790123455
0 0.716796875 0.14621913580246915 0.08463541666666667 0.05478395061728395
1 0.2955729166666667 0.2847222222222222 0.04079861111111111 0.1697530864197531
1 0.181640625 0.12075617283950617 0.026475694444444444 0.09490740740740741
0 0.4105902777777778 0.03202160493827161 0.029513888888888888 0.04552469135802469
0 0.7094184027777778 0.10300925925925926 0.025607638888888888 0.031635802469135804
0 0.7380642361111112 0.11226851851851852 0.03428819444444445 0.031635802469135804