0 0.5648871527777778 0.13040123456790123 0.06640625 0.07716049382716049
0 0.2580295138888889 0.09837962962962964 0.06727430555555555 0.05787037037037037
0 0.026692708333333332 0.30246913580246915 0.05251736111111111 0.19753086419753085
0 0.3192274305555556 0.053626543209876545 0.05078125 0.036265432098765434
0 0.4748263888888889 0.03819444444444445 0.03819444444444445 0.02700617283950617
0 0.3708767361111111 0.03973765432098766 0.022135416666666668 0.031635802469135804
0 0.2866753472222222 0.02970679012345679 0.03689236111111111 0.02546296296296296
0 0.5049913194444444 0.03356481481481482 0.029079861111111112 0.022376543209876542
0 0.22135416666666666 0.04205246913580247 0.04774305555555555 0.033179012345679014
0 0.3467881944444444 0.033179012345679014 0.033854166666666664 0.026234567901234566
0 0.40234375 0.03433641975308642 0.03125 0.02854938271604938
0 0.765625 0.21682098765432098 0.10850694444444445 0.09876543209876543
0 0.8094618055555556 0.10108024691358025 0.029513888888888888 0.032407407407407406
1 0.7523871527777778 0.47800925925925924 0.055121527777777776 0.2692901234567901