0 0.3365885416666667 0.04513888888888889 0.04383680555555555 0.03935185185185185
0 0.5661892361111112 0.11342592592592593 0.05251736111111111 0.06944444444444445
0 0.2866753472222222 0.03665123456790124 0.038628472222222224 0.03780864197530864
1 0.7482638888888888 0.39197530864197533 0.04600694444444445 0.2006172839506173
1 0.7875434027777778 0.38773148148148145 0.039496527777777776 0.20756172839506173
0 0.6818576388888888 0.13503086419753085 0.06510416666666667 0.05864197530864197
0 0.7504340277777778 0.16358024691358025 0.06684027777777778 0.06635802469135803
0 0.7289496527777778 0.12924382716049382 0.028211805555555556 0.04861111111111111
0 0.4828559027777778 0.041666666666666664 0.03689236111111111 0.023148148148148147
0 0.4090711805555556 0.032407407407407406 0.024739583333333332 0.035493827160493825
0 0.3806423611111111 0.02816358024691358 0.019097222222222224 0.023919753086419752
0 0.3580729166666667 0.024305555555555556 0.026909722222222224 0.0470679012345679
0 0.2387152777777778 0.034722222222222224 0.019965277777777776 0.023148148148148147
0 0.24305555555555555 0.025848765432098766 0.017361111111111112 0.022376543209876542
0 0.2107204861111111 0.03819444444444445 0.04296875 0.034722222222222224