0 0.1857638888888889 0.7858796296296297 0.3619791666666667 0.42824074074074076
0 0.7556423611111112 0.27816358024691357 0.14930555555555555 0.1550925925925926
0 0.6510416666666666 0.1404320987654321 0.08159722222222222 0.06790123456790123
0 0.7797309027777778 0.16512345679012347 0.07421875 0.06944444444444445
0 0.3591579861111111 0.05555555555555555 0.047309027777777776 0.038580246913580245
0 0.4053819444444444 0.03665123456790124 0.03298611111111111 0.02546296296296296
0 0.2992621527777778 0.04861111111111111 0.05164930555555555 0.032407407407407406
0 0.3231336805555556 0.030478395061728395 0.038628472222222224 0.02546296296296296
0 0.5056423611111112 0.03780864197530864 0.028645833333333332 0.020061728395061727
0 0.2478298611111111 0.04205246913580247 0.04861111111111111 0.033179012345679014
0 0.2016059027777778 0.02816358024691358 0.06293402777777778 0.0470679012345679
1 0.7120225694444444 0.7094907407407407 0.1150173611111111 0.4359567901234568
0 0.3656684027777778 0.033179012345679014 0.03689236111111111 0.027777777777777776
0 0.4789496527777778 0.04128086419753087 0.03428819444444445 0.02546296296296296