0 0.18446180555555555 0.7881944444444444 0.3611111111111111 0.4236111111111111
0 0.5112847222222222 0.11805555555555555 0.058159722222222224 0.06172839506172839
0 0.5703125 0.08989197530864197 0.058159722222222224 0.0470679012345679
0 0.3187934027777778 0.05015432098765432 0.05251736111111111 0.037037037037037035
0 0.4937065972222222 0.07947530864197531 0.047309027777777776 0.040123456790123455
0 0.2033420138888889 0.034722222222222224 0.029947916666666668 0.027777777777777776
0 0.3825954861111111 0.052083333333333336 0.05078125 0.034722222222222224
0 0.2319878472222222 0.03896604938271605 0.038628472222222224 0.036265432098765434
0 0.3895399305555556 0.03202160493827161 0.038628472222222224 0.033179012345679014
1 0.5544704861111112 0.7172067901234568 0.13411458333333334 0.4837962962962963
0 0.2868923611111111 0.027777777777777776 0.07465277777777778 0.05401234567901234
0 0.3539496527777778 0.030478395061728395 0.038628472222222224 0.02854938271604938
0 0.4114583333333333 0.06635802469135803 0.03819444444444445 0.029320987654320986