0 0.3706597222222222 0.2908950617283951 0.2144097222222222 0.1728395061728395
0 0.3745659722222222 0.057484567901234566 0.052083333333333336 0.03780864197530864
0 0.6471354166666666 0.13503086419753085 0.07378472222222222 0.06635802469135803
0 0.2986111111111111 0.050540123456790126 0.04861111111111111 0.03780864197530864
0 0.3904079861111111 0.12731481481481483 0.046440972222222224 0.06635802469135803
0 0.8064236111111112 0.1701388888888889 0.0685763888888889 0.06404320987654322
0 0.3446180555555556 0.044753086419753084 0.03819444444444445 0.032407407407407406
0 0.23914930555555555 0.04359567901234568 0.03993055555555555 0.034722222222222224
0 0.1896701388888889 0.03819444444444445 0.043402777777777776 0.036265432098765434
0 0.22200520833333334 0.030864197530864196 0.031684027777777776 0.026234567901234566
0 0.4021267361111111 0.052083333333333336 0.03515625 0.04089506172839506
0 0.4696180555555556 0.04128086419753087 0.03211805555555555 0.023919753086419752
1 0.7280815972222222 0.4791666666666667 0.0646701388888889 0.26080246913580246
1 0.7545572916666666 0.5478395061728395 0.05164930555555555 0.2330246913580247