0 0.16319444444444445 0.26080246913580246 0.1892361111111111 0.18364197530864199
0 0.1853298611111111 0.7862654320987654 0.3611111111111111 0.42746913580246915
0 0.5056423611111112 0.08526234567901235 0.06336805555555555 0.0470679012345679
0 0.3880208333333333 0.28858024691358025 0.2222222222222222 0.18209876543209877
0 0.3517795138888889 0.05555555555555555 0.054253472222222224 0.040123456790123455
0 0.6723090277777778 0.27391975308641975 0.1762152777777778 0.16049382716049382
0 0.5470920138888888 0.15470679012345678 0.1037326388888889 0.0933641975308642
0 0.7914496527777778 0.16358024691358025 0.09505208333333333 0.08641975308641975
0 0.4088541666666667 0.060570987654320986 0.042534722222222224 0.04089506172839506
0 0.5785590277777778 0.10069444444444445 0.07465277777777778 0.05324074074074074
0 0.2790798611111111 0.045910493827160496 0.051215277777777776 0.03780864197530864
0 0.38671875 0.03665123456790124 0.041666666666666664 0.02546296296296296
0 0.18077256944444445 0.03973765432098766 0.04383680555555555 0.031635802469135804
0 0.2265625 0.03896604938271605 0.042534722222222224 0.034722222222222224
1 0.05164930555555555 0.22993827160493827 0.026041666666666668 0.12345679012345678
1 0.016059027777777776 0.19483024691358025 0.019965277777777776 0.11188271604938271
0 0.6686197916666666 0.20910493827160495 0.1662326388888889 0.14506172839506173
0 0.4798177083333333 0.1284722222222222 0.022135416666666668 0.06095679012345679
0 0.8585069444444444 0.21064814814814814 0.025173611111111112 0.040123456790123455
0 0.4924045138888889 0.027391975308641976 0.061197916666666664 0.04398148148148148
0 0.4841579861111111 0.04359567901234568 0.03342013888888889 0.017746913580246913
0 0.3125 0.03780864197530864 0.03211805555555555 0.037037037037037035