0 0.650390625 0.10416666666666667 0.039496527777777776 0.044753086419753084
0 0.5692274305555556 0.24344135802469136 0.20182291666666666 0.18287037037037038
0 0.5607638888888888 0.0941358024691358 0.06163194444444445 0.04938271604938271
0 0.3684895833333333 0.04513888888888889 0.025173611111111112 0.033179012345679014
0 0.4055989583333333 0.03973765432098766 0.031684027777777776 0.02546296296296296
0 0.291015625 0.032407407407407406 0.040364583333333336 0.027777777777777776
0 0.21766493055555555 0.03279320987654321 0.03515625 0.02700617283950617
0 0.2562934027777778 0.04050925925925926 0.05078125 0.03780864197530864
0 0.48828125 0.03896604938271605 0.03125 0.022376543209876542
0 0.3146701388888889 0.02353395061728395 0.0920138888888889 0.04552469135802469
1 0.011501736111111112 0.30478395061728397 0.022135416666666668 0.15895061728395063
0 0.16796875 0.04436728395061729 0.027777777777777776 0.03009259259259259
0 0.7658420138888888 0.14969135802469136 0.11588541666666667 0.10802469135802469
0 0.6903211805555556 0.10570987654320987 0.031684027777777776 0.046296296296296294