0 0.18489583333333334 0.785108024691358 0.3611111111111111 0.42978395061728397
0 0.21354166666666666 0.03973765432098766 0.042534722222222224 0.031635802469135804
0 0.5655381944444444 0.1111111111111111 0.058159722222222224 0.05401234567901234
0 0.5 0.08449074074074074 0.05555555555555555 0.04398148148148148
0 0.6686197916666666 0.10609567901234568 0.04123263888888889 0.04552469135802469
0 0.8079427083333334 0.16242283950617284 0.05164930555555555 0.05632716049382716
0 0.7940538194444444 0.2334104938271605 0.12109375 0.10416666666666667
0 0.3528645833333333 0.055169753086419755 0.05642361111111111 0.036265432098765434
0 0.4095052083333333 0.06095679012345679 0.04470486111111111 0.035493827160493825
0 0.279296875 0.045910493827160496 0.028211805555555556 0.02854938271604938
0 0.5536024305555556 0.08564814814814815 0.04991319444444445 0.043209876543209874
0 0.4750434027777778 0.061342592592592594 0.03515625 0.033179012345679014
0 0.4934895833333333 0.03819444444444445 0.03125 0.020833333333333332
0 0.4036458333333333 0.030478395061728395 0.034722222222222224 0.03009259259259259
1 0.059244791666666664 0.1736111111111111 0.022135416666666668 0.09876543209876543
0 0.24131944444444445 0.03202160493827161 0.026041666666666668 0.02854938271604938
0 0.296875 0.043209876543209874 0.03298611111111111 0.033950617283950615
0 0.3235677083333333 0.018132716049382717 0.05078125 0.03009259259259259
0 0.3413628472222222 0.04359567901234568 0.045572916666666664 0.02854938271604938
0 0.7107204861111112 0.09066358024691358 0.04383680555555555 0.0625
0 0.755859375 0.1597222222222222 0.07508680555555555 0.05246913580246913
0 0.7786458333333334 0.1091820987654321 0.020833333333333332 0.03009259259259259