0 0.5319010416666666 0.27199074074074076 0.1723090277777778 0.14583333333333334
0 0.3446180555555556 0.9131944444444444 0.078125 0.1720679012345679
0 0.5203993055555556 0.1257716049382716 0.10850694444444445 0.1527777777777778
0 0.8159722222222222 0.23804012345679013 0.09809027777777778 0.0933641975308642
0 0.3700086805555556 0.038580246913580245 0.023871527777777776 0.027777777777777776
0 0.2849392361111111 0.032407407407407406 0.03342013888888889 0.024691358024691357
0 0.22330729166666666 0.03510802469135803 0.038628472222222224 0.023919753086419752
0 0.16341145833333334 0.08449074074074074 0.015190972222222222 0.02700617283950617
0 0.7092013888888888 0.11882716049382716 0.035590277777777776 0.05246913580246913
0 0.7858072916666666 0.17669753086419754 0.08289930555555555 0.06172839506172839
0 0.5657552083333334 0.12152777777777778 0.038628472222222224 0.05632716049382716
0 0.3133680555555556 0.028935185185185185 0.03298611111111111 0.023919753086419752
0 0.3650173611111111 0.02507716049382716 0.08680555555555555 0.04861111111111111
0 0.5041232638888888 0.04513888888888889 0.026475694444444444 0.019290123456790122
1 0.3572048611111111 0.9170524691358025 0.1189236111111111 0.16589506172839505