0 0.3409288194444444 0.2044753086419753 0.16102430555555555 0.13271604938271606
0 0.1853298611111111 0.7866512345679012 0.3619791666666667 0.42669753086419754
0 0.345703125 0.055169753086419755 0.061197916666666664 0.036265432098765434
0 0.7567274305555556 0.29976851851851855 0.1879340277777778 0.16435185185185186
0 0.5709635416666666 0.09760802469135803 0.07161458333333333 0.05324074074074074
0 0.498046875 0.08371913580246913 0.054253472222222224 0.05015432098765432
0 0.8270399305555556 0.1875 0.07508680555555555 0.06944444444444445
0 0.2265625 0.03819444444444445 0.04513888888888889 0.036265432098765434
0 0.654296875 0.1111111111111111 0.08723958333333333 0.06481481481481481
0 0.5336371527777778 0.07908950617283951 0.037760416666666664 0.03780864197530864
0 0.2840711805555556 0.046296296296296294 0.04470486111111111 0.040123456790123455
0 0.3895399305555556 0.04513888888888889 0.030815972222222224 0.031635802469135804
0 0.7680121527777778 0.2025462962962963 0.08289930555555555 0.10416666666666667
0 0.4782986111111111 0.03433641975308642 0.030381944444444444 0.020833333333333332
1 0.1584201388888889 0.20679012345679013 0.03211805555555555 0.12191358024691358
0 0.4149305555555556 0.06481481481481481 0.033854166666666664 0.037037037037037035