0 0.8287760416666666 0.2507716049382716 0.07421875 0.1111111111111111
0 0.3478732638888889 0.040123456790123455 0.03515625 0.032407407407407406
0 0.4943576388888889 0.035493827160493825 0.03298611111111111 0.021604938271604937
0 0.23502604166666666 0.030864197530864196 0.032552083333333336 0.024691358024691357
0 0.3995225694444444 0.03742283950617284 0.03428819444444445 0.031635802469135804
0 0.2860243055555556 0.046296296296296294 0.04600694444444445 0.037037037037037035
0 0.7159288194444444 0.25 0.15321180555555555 0.13734567901234568
0 0.1859809027777778 0.036265432098765434 0.045572916666666664 0.029320987654320986
0 0.2905815972222222 0.02854938271604938 0.04210069444444445 0.026234567901234566
0 0.3487413194444444 0.031635802469135804 0.039496527777777776 0.029320987654320986
0 0.4646267361111111 0.03935185185185185 0.017795138888888888 0.026234567901234566
1 0.8283420138888888 0.44135802469135804 0.05078125 0.2175925925925926