0 0.185546875 0.7858796296296297 0.3606770833333333 0.42824074074074076
0 0.54296875 0.09297839506172839 0.06597222222222222 0.0470679012345679
0 0.6710069444444444 0.10455246913580248 0.03819444444444445 0.04861111111111111
0 0.3828125 0.062114197530864196 0.05642361111111111 0.04552469135802469
0 0.2367621527777778 0.03742283950617284 0.03515625 0.033179012345679014
0 0.5088975694444444 0.07407407407407407 0.04383680555555555 0.033950617283950615
0 0.3129340277777778 0.04976851851851852 0.04513888888888889 0.033179012345679014
0 0.1818576388888889 0.04050925925925926 0.04513888888888889 0.034722222222222224
0 0.7063802083333334 0.1693672839506173 0.0759548611111111 0.07484567901234568
0 0.4809027777777778 0.04128086419753087 0.03732638888888889 0.022376543209876542
0 0.4728732638888889 0.07716049382716049 0.029947916666666668 0.038580246913580245
0 0.3459201388888889 0.02970679012345679 0.0390625 0.02546296296296296
0 0.4034288194444444 0.03433641975308642 0.031684027777777776 0.02546296296296296
0 0.2786458333333333 0.04205246913580247 0.017361111111111112 0.03780864197530864
1 0.5768229166666666 0.7847222222222222 0.10850694444444445 0.42901234567901236
0 0.3565538194444444 0.046296296296296294 0.040364583333333336 0.038580246913580245