0 0.5457899305555556 0.2716049382716049 0.1974826388888889 0.15895061728395063
0 0.7877604166666666 0.16898148148148148 0.08506944444444445 0.06635802469135803
0 0.2916666666666667 0.044753086419753084 0.046875 0.040123456790123455
0 0.369140625 0.03665123456790124 0.03515625 0.031635802469135804
0 0.4088541666666667 0.06442901234567901 0.04774305555555555 0.04552469135802469
0 0.4845920138888889 0.03973765432098766 0.038628472222222224 0.03009259259259259
0 0.2183159722222222 0.04050925925925926 0.043402777777777776 0.033179012345679014
1 0.7747395833333334 0.38310185185185186 0.042534722222222224 0.19367283950617284
1 0.7118055555555556 0.3765432098765432 0.03993055555555555 0.2006172839506173
0 0.5475260416666666 0.0933641975308642 0.05251736111111111 0.09567901234567901
0 0.71875 0.12268518518518519 0.03298611111111111 0.05401234567901234