0 0.5457899305555556 0.08256172839506173 0.061197916666666664 0.044753086419753084
0 0.234375 0.08912037037037036 0.06163194444444445 0.05632716049382716
0 0.3786892361111111 0.04552469135802469 0.04383680555555555 0.033950617283950615
0 0.3081597222222222 0.05092592592592592 0.050347222222222224 0.035493827160493825
0 0.4919704861111111 0.03665123456790124 0.03689236111111111 0.023919753086419752
0 0.23893229166666666 0.038580246913580245 0.05078125 0.038580246913580245
0 0.18359375 0.03819444444444445 0.04513888888888889 0.02854938271604938
0 0.7052951388888888 0.12075617283950617 0.035590277777777776 0.05632716049382716
0 0.7311197916666666 0.10841049382716049 0.040364583333333336 0.07330246913580248
0 0.3878038194444444 0.024691358024691357 0.046440972222222224 0.033950617283950615
0 0.46875 0.03973765432098766 0.024305555555555556 0.023919753086419752
0 0.3181423611111111 0.03125 0.04513888888888889 0.02854938271604938
1 0.7890625 0.4521604938271605 0.052083333333333336 0.23919753086419754