0 0.2907986111111111 0.03202160493827161 0.042534722222222224 0.03009259259259259
0 0.21484375 0.03665123456790124 0.04861111111111111 0.03780864197530864
0 0.4915364583333333 0.16550925925925927 0.07942708333333333 0.09027777777777778
0 0.7764756944444444 0.1693672839506173 0.06597222222222222 0.05478395061728395
0 0.5212673611111112 0.08371913580246913 0.06510416666666667 0.04398148148148148
0 0.4053819444444444 0.05285493827160494 0.030381944444444444 0.02854938271604938
0 0.6666666666666666 0.11033950617283951 0.057291666666666664 0.05401234567901234
0 0.8428819444444444 0.17631172839506173 0.058159722222222224 0.06712962962962964
0 0.5225694444444444 0.13387345679012347 0.06597222222222222 0.06558641975308642
0 0.022786458333333332 0.5856481481481481 0.04470486111111111 0.3333333333333333
1 0.5974392361111112 0.8383487654320988 0.10980902777777778 0.32175925925925924
1 0.6480034722222222 0.6709104938271605 0.11197916666666667 0.42669753086419754
1 0.12803819444444445 0.15354938271604937 0.018229166666666668 0.08333333333333333
1 0.11414930555555555 0.15123456790123457 0.020833333333333332 0.09722222222222222