0 0.5203993055555556 0.08912037037037036 0.0625 0.04861111111111111
0 0.587890625 0.10300925925925926 0.06293402777777778 0.05169753086419753
0 0.3669704861111111 0.06172839506172839 0.053385416666666664 0.037037037037037035
0 0.6499565972222222 0.10262345679012345 0.04210069444444445 0.05246913580246913
0 0.7894965277777778 0.30709876543209874 0.1467013888888889 0.14660493827160495
0 0.7591145833333334 0.16126543209876543 0.0763888888888889 0.05709876543209876
0 0.6822916666666666 0.10223765432098765 0.027777777777777776 0.04552469135802469
0 0.7042100694444444 0.09915123456790123 0.018663194444444444 0.034722222222222224
0 0.2960069444444444 0.048996913580246916 0.052083333333333336 0.034722222222222224
0 0.3240017361111111 0.0466820987654321 0.03689236111111111 0.036265432098765434
0 0.369140625 0.033179012345679014 0.038628472222222224 0.024691358024691357
0 0.4761284722222222 0.04282407407407408 0.030381944444444444 0.019290123456790122
0 0.3986545138888889 0.05709876543209876 0.030815972222222224 0.035493827160493825
0 0.2306857638888889 0.041666666666666664 0.04470486111111111 0.032407407407407406
1 0.7092013888888888 0.5030864197530864 0.06336805555555555 0.2962962962962963
1 0.7710503472222222 0.4996141975308642 0.06640625 0.2770061728395062
1 0.3524305555555556 0.3236882716049383 0.06336805555555555 0.2013888888888889