0 0.185546875 0.7858796296296297 0.3606770833333333 0.42824074074074076
0 0.3519965277777778 0.12384259259259259 0.09288194444444445 0.08256172839506173
0 0.5477430555555556 0.19212962962962962 0.12413194444444445 0.10802469135802469
0 0.6677517361111112 0.10455246913580248 0.04296875 0.04861111111111111
0 0.6032986111111112 0.09722222222222222 0.05642361111111111 0.043209876543209874
0 0.54296875 0.09220679012345678 0.06597222222222222 0.04861111111111111
0 0.3641493055555556 0.059027777777777776 0.05642361111111111 0.04243827160493827
0 0.484375 0.07060185185185185 0.04079861111111111 0.036265432098765434
0 0.16666666666666666 0.07291666666666667 0.028645833333333332 0.04243827160493827
0 0.23524305555555555 0.03935185185185185 0.030381944444444444 0.035493827160493825
0 0.3023003472222222 0.04513888888888889 0.04904513888888889 0.03935185185185185
0 0.7534722222222222 0.14853395061728394 0.08072916666666667 0.05169753086419753
0 0.369140625 0.04513888888888889 0.05685763888888889 0.03935185185185185
0 0.2775607638888889 0.036265432098765434 0.025607638888888888 0.037037037037037035
1 0.7623697916666666 0.45949074074074076 0.06640625 0.27237654320987653
0 0.4069010416666667 0.04822530864197531 0.021267361111111112 0.033179012345679014
0 0.4676649305555556 0.07600308641975309 0.029079861111111112 0.04552469135802469