0 0.5238715277777778 0.0779320987654321 0.049479166666666664 0.038580246913580245
0 0.3895399305555556 0.15470679012345678 0.07855902777777778 0.10570987654320987
0 0.5716145833333334 0.11959876543209877 0.0546875 0.06481481481481481
0 0.634765625 0.11149691358024691 0.039496527777777776 0.05324074074074074
0 0.4754774305555556 0.06712962962962964 0.030815972222222224 0.035493827160493825
0 0.337890625 0.038580246913580245 0.06380208333333333 0.05864197530864197
0 0.6727430555555556 0.10455246913580248 0.042534722222222224 0.0470679012345679
0 0.7443576388888888 0.11149691358024691 0.027777777777777776 0.04243827160493827
1 0.1213107638888889 0.8101851851851852 0.11762152777777778 0.37808641975308643
1 0.4333767361111111 0.8811728395061729 0.1254340277777778 0.23765432098765432
1 0.5666232638888888 0.9594907407407407 0.08289930555555555 0.08101851851851852
0 0.2007378472222222 0.03935185185185185 0.05251736111111111 0.035493827160493825
0 0.2601996527777778 0.04243827160493827 0.05164930555555555 0.033950617283950615
0 0.3005642361111111 0.03202160493827161 0.055121527777777776 0.05169753086419753
0 0.3930121527777778 0.05092592592592592 0.029947916666666668 0.041666666666666664
0 0.4157986111111111 0.0625 0.035590277777777776 0.041666666666666664
0 0.5006510416666666 0.041666666666666664 0.028211805555555556 0.018518518518518517
0 0.7330729166666666 0.16319444444444445 0.059895833333333336 0.07947530864197531
0 0.6907552083333334 0.12770061728395063 0.030815972222222224 0.05478395061728395
0 0.7154947916666666 0.12268518518518519 0.023871527777777776 0.047839506172839504