0 0.4040798611111111 0.18016975308641975 0.1293402777777778 0.1087962962962963
0 0.08094618055555555 0.626929012345679 0.1618923611111111 0.3912037037037037
0 0.2983940972222222 0.029320987654320986 0.040364583333333336 0.027777777777777776
0 0.23307291666666666 0.038580246913580245 0.036458333333333336 0.038580246913580245
0 0.7131076388888888 0.2662037037037037 0.1779513888888889 0.14660493827160495
0 0.6365017361111112 0.10069444444444445 0.04210069444444445 0.04089506172839506
0 0.3335503472222222 0.03819444444444445 0.02734375 0.02854938271604938
0 0.35546875 0.03279320987654321 0.03298611111111111 0.02700617283950617
0 0.3838975694444444 0.03935185185185185 0.028211805555555556 0.027777777777777776
0 0.4055989583333333 0.050540123456790126 0.03342013888888889 0.031635802469135804
0 0.4683159722222222 0.04089506172839506 0.026041666666666668 0.024691358024691357
0 0.5034722222222222 0.036265432098765434 0.026041666666666668 0.020061728395061727
0 0.6625434027777778 0.12692901234567902 0.06727430555555555 0.05015432098765432
1 0.232421875 0.22029320987654322 0.03428819444444445 0.1427469135802469