0 0.3446180555555556 0.11959876543209877 0.09895833333333333 0.0941358024691358
0 0.5188802083333334 0.2025462962962963 0.12977430555555555 0.10262345679012345
0 0.29296875 0.032407407407407406 0.04600694444444445 0.030864197530864196
0 0.21158854166666666 0.04205246913580247 0.04296875 0.034722222222222224
0 0.08116319444444445 0.6277006172839507 0.16145833333333334 0.3912037037037037
0 0.6263020833333334 0.10185185185185185 0.046875 0.05092592592592592
0 0.5726996527777778 0.13001543209876543 0.055989583333333336 0.06712962962962964
0 0.3841145833333333 0.05478395061728395 0.05555555555555555 0.044753086419753084
0 0.3567708333333333 0.030864197530864196 0.036458333333333336 0.027777777777777776
0 0.17903645833333334 0.08256172839506173 0.048177083333333336 0.047839506172839504
0 0.4691840277777778 0.038580246913580245 0.026041666666666668 0.021604938271604937
0 0.2990451388888889 0.09722222222222222 0.03993055555555555 0.05092592592592592
0 0.7760416666666666 0.16743827160493827 0.06944444444444445 0.07561728395061729
0 0.7003038194444444 0.12770061728395063 0.03689236111111111 0.05324074074074074
1 0.16276041666666666 0.13425925925925927 0.013888888888888888 0.08179012345679013