0 0.5247395833333334 0.07947530864197531 0.051215277777777776 0.040123456790123455
0 0.04296875 0.32098765432098764 0.08506944444444445 0.17901234567901234
0 0.5759548611111112 0.12731481481481483 0.057291666666666664 0.07098765432098765
0 0.4743923611111111 0.06365740740740741 0.03732638888888889 0.04089506172839506
0 0.025824652777777776 0.5235339506172839 0.05078125 0.20601851851851852
0 0.3441840277777778 0.043209876543209874 0.078125 0.05709876543209876
0 0.7107204861111112 0.25887345679012347 0.1566840277777778 0.14583333333333334
0 0.3975694444444444 0.05169753086419753 0.033854166666666664 0.038580246913580245
1 0.6180555555555556 0.6450617283950617 0.078125 0.3873456790123457
1 0.6742621527777778 0.6554783950617284 0.09071180555555555 0.3680555555555556
0 0.1870659722222222 0.03973765432098766 0.049479166666666664 0.04089506172839506
0 0.2265625 0.03125 0.034722222222222224 0.03009259259259259
0 0.2573784722222222 0.04359567901234568 0.049479166666666664 0.04089506172839506
0 0.2999131944444444 0.02970679012345679 0.06076388888888889 0.05169753086419753
0 0.4171006944444444 0.06442901234567901 0.03298611111111111 0.04089506172839506
0 0.5082465277777778 0.023148148148148147 0.0998263888888889 0.043209876543209874
0 0.7059461805555556 0.12229938271604938 0.040364583333333336 0.05324074074074074
0 0.6703559027777778 0.16782407407407407 0.06640625 0.06095679012345679
0 0.7465277777777778 0.1840277777777778 0.06336805555555555 0.07947530864197531
0 0.7921006944444444 0.1705246913580247 0.06510416666666667 0.06327160493827161