0 0.18489583333333334 0.7862654320987654 0.3611111111111111 0.42746913580246915
0 0.5748697916666666 0.09992283950617284 0.06987847222222222 0.0470679012345679
0 0.5290798611111112 0.07947530864197531 0.049479166666666664 0.037037037037037035
0 0.1909722222222222 0.04089506172839506 0.04861111111111111 0.033950617283950615
0 0.3819444444444444 0.059799382716049385 0.05642361111111111 0.03935185185185185
0 0.6783854166666666 0.10378086419753087 0.03298611111111111 0.04243827160493827
0 0.6968315972222222 0.28858024691358025 0.19227430555555555 0.14506172839506173
0 0.7786458333333334 0.16898148148148148 0.0763888888888889 0.07098765432098765
0 0.3172743055555556 0.0470679012345679 0.050347222222222224 0.040123456790123455
0 0.4743923611111111 0.0783179012345679 0.029513888888888888 0.04243827160493827
0 0.8459201388888888 0.18094135802469136 0.04861111111111111 0.05015432098765432
0 0.22547743055555555 0.033179012345679014 0.03342013888888889 0.027777777777777776
0 0.2458767361111111 0.03780864197530864 0.03602430555555555 0.033950617283950615
0 0.4696180555555556 0.03665123456790124 0.029513888888888888 0.020833333333333332
0 0.4038628472222222 0.03665123456790124 0.030815972222222224 0.023919753086419752
1 0.20399305555555555 0.12114197530864197 0.016493055555555556 0.08333333333333333
1 0.1872829861111111 0.12422839506172839 0.016927083333333332 0.08796296296296297
0 0.2758246527777778 0.04205246913580247 0.021267361111111112 0.03780864197530864
0 0.3585069444444444 0.04513888888888889 0.035590277777777776 0.03780864197530864