0 0.7960069444444444 0.28973765432098764 0.1362847222222222 0.1566358024691358
0 0.5494791666666666 0.11921296296296297 0.0642361111111111 0.06712962962962964
0 0.5271267361111112 0.16473765432098766 0.1228298611111111 0.11959876543209877
0 0.21158854166666666 0.03935185185185185 0.04383680555555555 0.038580246913580245
0 0.2992621527777778 0.02970679012345679 0.040364583333333336 0.03009259259259259
0 0.3723958333333333 0.03665123456790124 0.030381944444444444 0.036265432098765434
1 0.2886284722222222 0.2708333333333333 0.04600694444444445 0.16049382716049382
0 0.3298611111111111 0.040123456790123455 0.033854166666666664 0.038580246913580245
0 0.4040798611111111 0.05092592592592592 0.044270833333333336 0.037037037037037035
0 0.7588975694444444 0.20023148148148148 0.10546875 0.09027777777777778
0 0.8500434027777778 0.2040895061728395 0.04123263888888889 0.05169753086419753
0 0.8452690972222222 0.16589506172839505 0.053385416666666664 0.08179012345679013