0 0.5952690972222222 0.14621913580246915 0.09765625 0.08873456790123457
0 0.5008680555555556 0.07368827160493827 0.057291666666666664 0.05169753086419753
0 0.2888454861111111 0.04050925925925926 0.037760416666666664 0.031635802469135804
0 0.3381076388888889 0.03896604938271605 0.03125 0.03009259259259259
0 0.6662326388888888 0.10570987654320987 0.04079861111111111 0.041666666666666664
0 0.4644097222222222 0.13155864197530864 0.125 0.13657407407407407
0 0.3602430555555556 0.031635802469135804 0.027777777777777776 0.026234567901234566
0 0.3875868055555556 0.04089506172839506 0.0234375 0.027777777777777776
0 0.7903645833333334 0.18016975308641975 0.09722222222222222 0.06867283950617284
0 0.7269965277777778 0.11381172839506173 0.041666666666666664 0.06404320987654322
0 0.6888020833333334 0.0941358024691358 0.03993055555555555 0.06018518518518518
0 0.2914496527777778 0.02700617283950617 0.046440972222222224 0.030864197530864196
0 0.4066840277777778 0.035493827160493825 0.030381944444444444 0.027777777777777776
0 0.4709201388888889 0.03973765432098766 0.03125 0.022376543209876542
0 0.5145399305555556 0.041666666666666664 0.024739583333333332 0.013888888888888888
0 0.1896701388888889 0.03742283950617284 0.046875 0.036265432098765434
0 0.2532552083333333 0.04282407407407408 0.04991319444444445 0.031635802469135804
0 0.22157118055555555 0.03665123456790124 0.024739583333333332 0.02700617283950617
1 0.04513888888888889 0.19251543209876543 0.019965277777777776 0.11959876543209877