0 0.08441840277777778 0.2908950617283951 0.16796875 0.21141975308641975
0 0.5518663194444444 0.08526234567901235 0.05946180555555555 0.04552469135802469
0 0.8289930555555556 0.18904320987654322 0.07465277777777778 0.07098765432098765
0 0.4926215277777778 0.27044753086419754 0.15885416666666666 0.15200617283950618
0 0.3734809027777778 0.059027777777777776 0.055989583333333336 0.04089506172839506
0 0.6588541666666666 0.1087962962962963 0.04079861111111111 0.044753086419753084
0 0.298828125 0.04976851851851852 0.047309027777777776 0.033179012345679014
0 0.3370225694444444 0.03202160493827161 0.04210069444444445 0.03009259259259259
0 0.6968315972222222 0.18479938271604937 0.06987847222222222 0.08719135802469136
0 0.1859809027777778 0.03819444444444445 0.04296875 0.02854938271604938
0 0.2341579861111111 0.041666666666666664 0.030815972222222224 0.026234567901234566
0 0.2825520833333333 0.02816358024691358 0.03125 0.019290123456790122
0 0.3795572916666667 0.03819444444444445 0.03428819444444445 0.022376543209876542
1 0.14388020833333334 0.14506172839506173 0.017795138888888888 0.0787037037037037
0 0.3630642361111111 0.048996913580246916 0.047309027777777776 0.031635802469135804
0 0.4696180555555556 0.07407407407407407 0.025173611111111112 0.046296296296296294
0 0.5013020833333334 0.02546296296296296 0.05642361111111111 0.044753086419753084