0 0.3502604166666667 0.05324074074074074 0.05555555555555555 0.041666666666666664
0 0.5746527777777778 0.10262345679012345 0.059027777777777776 0.047839506172839504
0 0.4934895833333333 0.07947530864197531 0.041666666666666664 0.043209876543209874
0 0.7651909722222222 0.17592592592592593 0.0842013888888889 0.07561728395061729
0 0.4034288194444444 0.0628858024691358 0.040364583333333336 0.034722222222222224
0 0.2667100694444444 0.043209876543209874 0.04210069444444445 0.037037037037037035
0 0.21592881944444445 0.040123456790123455 0.048177083333333336 0.035493827160493825
0 0.7810329861111112 0.2334104938271605 0.11067708333333333 0.12731481481481483
0 0.5568576388888888 0.08256172839506173 0.06076388888888889 0.038580246913580245
0 0.4733072916666667 0.03819444444444445 0.032552083333333336 0.03009259259259259
1 0.6456163194444444 0.4972993827160494 0.06640625 0.2662037037037037
1 0.7838541666666666 0.38657407407407407 0.04774305555555555 0.2006172839506173
1 0.7335069444444444 0.38310185185185186 0.042534722222222224 0.2013888888888889
1 0.23328993055555555 0.26273148148148145 0.03515625 0.16589506172839505
0 0.3352864583333333 0.027391975308641976 0.029079861111111112 0.02700617283950617
0 0.3634982638888889 0.02970679012345679 0.03428819444444445 0.031635802469135804
0 0.5108506944444444 0.037037037037037035 0.03298611111111111 0.026234567901234566
0 0.6794704861111112 0.14544753086419754 0.053385416666666664 0.06867283950617284
0 0.6820746527777778 0.10378086419753087 0.037760416666666664 0.04243827160493827
0 0.7452256944444444 0.09452160493827161 0.034722222222222224 0.04243827160493827