0 0.10655381944444445 0.44367283950617287 0.2087673611111111 0.2808641975308642
0 0.3083767361111111 0.2025462962962963 0.1410590277777778 0.13194444444444445
0 0.1840277777777778 0.7951388888888888 0.3585069444444444 0.408179012345679
0 0.6280381944444444 0.16203703703703703 0.0876736111111111 0.07253086419753087
0 0.6247829861111112 0.10108024691358025 0.06727430555555555 0.041666666666666664
0 0.4869791666666667 0.14467592592592593 0.06510416666666667 0.08564814814814815
0 0.517578125 0.08217592592592593 0.0881076388888889 0.10725308641975309
0 0.2133246527777778 0.03896604938271605 0.04123263888888889 0.031635802469135804
0 0.3671875 0.05632716049382716 0.05642361111111111 0.044753086419753084
0 0.3118489583333333 0.0470679012345679 0.040364583333333336 0.033950617283950615
0 0.5657552083333334 0.08989197530864197 0.016927083333333332 0.04552469135802469
0 0.2888454861111111 0.03935185185185185 0.029947916666666668 0.032407407407407406
1 0.05859375 0.1736111111111111 0.021701388888888888 0.09259259259259259
0 0.259765625 0.045910493827160496 0.04383680555555555 0.031635802469135804
0 0.4064670138888889 0.05787037037037037 0.040364583333333336 0.037037037037037035
0 0.3109809027777778 0.05131172839506173 0.053385416666666664 0.033179012345679014
0 0.7547743055555556 0.1732253086419753 0.043402777777777776 0.06404320987654322
0 0.7196180555555556 0.12307098765432099 0.03298611111111111 0.04089506172839506
0 0.40625 0.03665123456790124 0.03819444444444445 0.023919753086419752
0 0.2970920138888889 0.024305555555555556 0.04123263888888889 0.022376543209876542