0 0.7493489583333334 0.26080246913580246 0.17317708333333334 0.19444444444444445
0 0.20963541666666666 0.04128086419753087 0.042534722222222224 0.031635802469135804
0 0.4850260416666667 0.1381172839506173 0.06380208333333333 0.09722222222222222
0 0.7784288194444444 0.16820987654320987 0.08116319444444445 0.07561728395061729
0 0.3713107638888889 0.03510802469135803 0.028211805555555556 0.036265432098765434
0 0.2365451388888889 0.030478395061728395 0.03298611111111111 0.02700617283950617
0 0.3975694444444444 0.046296296296296294 0.041666666666666664 0.040123456790123455
1 0.4602864583333333 0.3159722222222222 0.03602430555555555 0.1736111111111111
0 0.3088107638888889 0.03356481481481482 0.020399305555555556 0.02546296296296296
0 0.3307291666666667 0.040123456790123455 0.035590277777777776 0.038580246913580245
0 0.4110243055555556 0.03356481481481482 0.022569444444444444 0.02854938271604938
0 0.6697048611111112 0.09760802469135803 0.07552083333333333 0.07484567901234568