0 0.2751736111111111 0.10146604938271606 0.07725694444444445 0.06558641975308642
0 0.8114149305555556 0.18094135802469136 0.08637152777777778 0.08410493827160494
0 0.08138020833333333 0.6246141975308642 0.1618923611111111 0.3819444444444444
0 0.388671875 0.03665123456790124 0.040364583333333336 0.03780864197530864
0 0.6595052083333334 0.14390432098765432 0.07942708333333333 0.0625
0 0.2280815972222222 0.04050925925925926 0.04210069444444445 0.031635802469135804
0 0.4861111111111111 0.036265432098765434 0.04079861111111111 0.026234567901234566
0 0.3337673611111111 0.03587962962962963 0.0234375 0.03009259259259259
0 0.3057725694444444 0.043209876543209874 0.046440972222222224 0.037037037037037035
1 0.7541232638888888 0.46296296296296297 0.06640625 0.2962962962962963
1 0.8318142361111112 0.39621913580246915 0.047309027777777776 0.19830246913580246
0 0.4880642361111111 0.04282407407407408 0.031684027777777776 0.019290123456790122
0 0.2762586805555556 0.03819444444444445 0.016927083333333332 0.036265432098765434
0 0.1996527777777778 0.03742283950617284 0.024305555555555556 0.034722222222222224
0 0.7571614583333334 0.11226851851851852 0.023003472222222224 0.036265432098765434
0 0.16861979166666666 0.041666666666666664 0.025607638888888888 0.032407407407407406