0 0.630859375 0.10532407407407407 0.046440972222222224 0.0470679012345679
0 0.1851128472222222 0.7839506172839507 0.3606770833333333 0.43209876543209874
0 0.8194444444444444 0.19020061728395063 0.07465277777777778 0.06712962962962964
0 0.087890625 0.2646604938271605 0.17491319444444445 0.16512345679012347
0 0.22352430555555555 0.04089506172839506 0.041666666666666664 0.032407407407407406
0 0.4997829861111111 0.08371913580246913 0.054253472222222224 0.04243827160493827
0 0.5536024305555556 0.08989197530864197 0.05685763888888889 0.0470679012345679
0 0.2914496527777778 0.04822530864197531 0.04470486111111111 0.033179012345679014
0 0.7495659722222222 0.25925925925925924 0.13368055555555555 0.1404320987654321
0 0.3526475694444444 0.056712962962962965 0.055989583333333336 0.04089506172839506
0 0.6799045138888888 0.10648148148148148 0.030815972222222224 0.037037037037037035
0 0.4086371527777778 0.06404320987654322 0.04470486111111111 0.041666666666666664
0 0.4058159722222222 0.03510802469135803 0.03125 0.02700617283950617
0 0.3721788194444444 0.02816358024691358 0.04991319444444445 0.033179012345679014
0 0.6885850694444444 0.15625 0.07855902777777778 0.06712962962962964
0 0.3250868055555556 0.04050925925925926 0.035590277777777776 0.03009259259259259
0 0.4874131944444444 0.040123456790123455 0.025173611111111112 0.023148148148148147
1 0.06684027777777778 0.16126543209876543 0.021701388888888888 0.07098765432098765
0 0.2864583333333333 0.020061728395061727 0.04513888888888889 0.035493827160493825
0 0.5006510416666666 0.043209876543209874 0.02734375 0.018518518518518517
0 0.4763454861111111 0.06674382716049383 0.040364583333333336 0.036265432098765434
0 0.7163628472222222 0.0933641975308642 0.04123263888888889 0.06327160493827161
0 0.8096788194444444 0.16165123456790123 0.06987847222222222 0.03780864197530864