0 0.1519097222222222 0.24575617283950618 0.16145833333333334 0.16435185185185186
0 0.20789930555555555 0.04513888888888889 0.036458333333333336 0.031635802469135804
0 0.4049479166666667 0.059799382716049385 0.049479166666666664 0.034722222222222224
0 0.8446180555555556 0.3290895061728395 0.03298611111111111 0.11805555555555555
0 0.4769965277777778 0.05401234567901234 0.04774305555555555 0.06481481481481481
0 0.2671440972222222 0.04089506172839506 0.040364583333333336 0.033950617283950615
0 0.2398003472222222 0.03665123456790124 0.030815972222222224 0.034722222222222224
0 0.3459201388888889 0.04552469135802469 0.0876736111111111 0.06790123456790123
0 0.3763020833333333 0.022762345679012346 0.059027777777777776 0.04243827160493827
0 0.8294270833333334 0.19328703703703703 0.08072916666666667 0.0779320987654321
0 0.7387152777777778 0.13155864197530864 0.05381944444444445 0.06404320987654322
0 0.6892361111111112 0.13541666666666666 0.0642361111111111 0.06558641975308642
1 0.7458767361111112 0.6296296296296297 0.09418402777777778 0.3395061728395062