0 0.3919270833333333 0.10300925925925926 0.036458333333333336 0.05169753086419753
0 0.6100260416666666 0.12345679012345678 0.04904513888888889 0.05864197530864197
0 0.3446180555555556 0.03125 0.041666666666666664 0.02854938271604938
0 0.3200954861111111 0.12075617283950617 0.08463541666666667 0.06558641975308642
0 0.66796875 0.10339506172839506 0.035590277777777776 0.040123456790123455
0 0.39453125 0.03780864197530864 0.035590277777777776 0.029320987654320986
0 0.2437065972222222 0.03819444444444445 0.038628472222222224 0.034722222222222224
0 0.2033420138888889 0.03973765432098766 0.029947916666666668 0.02700617283950617
0 0.8302951388888888 0.19251543209876543 0.078125 0.07330246913580248
0 0.7981770833333334 0.15895061728395063 0.0685763888888889 0.041666666666666664
0 0.4678819444444444 0.041666666666666664 0.024305555555555556 0.021604938271604937
0 0.5247395833333334 0.03742283950617284 0.034722222222222224 0.020833333333333332
0 0.6868489583333334 0.1527777777777778 0.05946180555555555 0.06481481481481481
0 0.2582465277777778 0.04282407407407408 0.05295138888888889 0.031635802469135804
0 0.7057291666666666 0.11689814814814815 0.026041666666666668 0.031635802469135804
1 0.759765625 0.4834104938271605 0.07682291666666667 0.3125