0 0.4635416666666667 0.2839506172839506 0.2248263888888889 0.16203703703703703
0 0.56640625 0.08719135802469136 0.058159722222222224 0.043209876543209874
0 0.3930121527777778 0.05092592592592592 0.061197916666666664 0.05092592592592592
0 0.8083767361111112 0.2816358024691358 0.11414930555555555 0.18364197530864199
0 0.64453125 0.10416666666666667 0.1076388888888889 0.08641975308641975
0 0.4952256944444444 0.06365740740740741 0.06076388888888889 0.06404320987654322
0 0.3198784722222222 0.03780864197530864 0.03298611111111111 0.032407407407407406
0 0.2615017361111111 0.041666666666666664 0.04991319444444445 0.040123456790123455
0 0.34765625 0.044753086419753084 0.0390625 0.035493827160493825
0 0.7317708333333334 0.11419753086419752 0.036458333333333336 0.044753086419753084
1 0.007595486111111111 0.21103395061728394 0.014322916666666666 0.11496913580246913
0 0.20811631944444445 0.037037037037037035 0.040364583333333336 0.037037037037037035
0 0.17057291666666666 0.04089506172839506 0.024305555555555556 0.038580246913580245
0 0.3756510416666667 0.02507716049382716 0.029079861111111112 0.04243827160493827
0 0.7109375 0.10609567901234568 0.018229166666666668 0.04243827160493827
0 0.7786458333333334 0.1091820987654321 0.020833333333333332 0.02854938271604938