0 0.2760416666666667 0.3097993827160494 0.23177083333333334 0.19367283950617284
0 0.5002170138888888 0.12808641975308643 0.05946180555555555 0.07716049382716049
0 0.3765190972222222 0.13271604938271606 0.08289930555555555 0.08950617283950617
0 0.3036024305555556 0.047453703703703706 0.04904513888888889 0.03935185185185185
0 0.34765625 0.021219135802469136 0.04861111111111111 0.034722222222222224
0 0.681640625 0.10570987654320987 0.03428819444444445 0.033950617283950615
0 0.7743055555555556 0.14853395061728394 0.059027777777777776 0.05478395061728395
0 0.6226128472222222 0.10146604938271606 0.045572916666666664 0.033179012345679014
0 0.6417100694444444 0.13464506172839505 0.05251736111111111 0.04243827160493827
0 0.7007378472222222 0.13078703703703703 0.03689236111111111 0.05015432098765432
1 0.4396701388888889 0.8676697530864198 0.12586805555555555 0.2646604938271605