0 0.576171875 0.10262345679012345 0.061197916666666664 0.05092592592592592
0 0.6764322916666666 0.18518518518518517 0.06727430555555555 0.08950617283950617
0 0.3493923611111111 0.05594135802469136 0.05295138888888889 0.03935185185185185
0 0.4911024305555556 0.0775462962962963 0.047309027777777776 0.0470679012345679
0 0.4079861111111111 0.06674382716049383 0.052083333333333336 0.04089506172839506
0 0.21788194444444445 0.04128086419753087 0.04861111111111111 0.036265432098765434
0 0.2669270833333333 0.04436728395061729 0.043402777777777776 0.03935185185185185
0 0.6762152777777778 0.10686728395061729 0.03298611111111111 0.04398148148148148
0 0.2927517361111111 0.023919753086419752 0.029947916666666668 0.024691358024691357
1 0.19639756944444445 0.5582561728395061 0.06032986111111111 0.3279320987654321
1 0.6829427083333334 0.3896604938271605 0.06380208333333333 0.21141975308641975
1 0.7845052083333334 0.3873456790123457 0.048177083333333336 0.2006172839506173
1 0.7269965277777778 0.3846450617283951 0.035590277777777776 0.2044753086419753
0 0.2319878472222222 0.03279320987654321 0.039496527777777776 0.031635802469135804
0 0.3391927083333333 0.03009259259259259 0.032552083333333336 0.032407407407407406
0 0.3671875 0.025848765432098766 0.029513888888888888 0.031635802469135804
0 0.5219184027777778 0.03587962962962963 0.026475694444444444 0.023919753086419752
0 0.6000434027777778 0.09567901234567901 0.05078125 0.05401234567901234
0 0.7092013888888888 0.13117283950617284 0.04079861111111111 0.05246913580246913
0 0.7209201388888888 0.09220679012345678 0.036458333333333336 0.06095679012345679