0 0.5570746527777778 0.09645061728395062 0.06727430555555555 0.047839506172839504
0 0.4772135416666667 0.06828703703703703 0.037760416666666664 0.04552469135802469
0 0.7677951388888888 0.16820987654320987 0.09895833333333333 0.06481481481481481
0 0.3715277777777778 0.03587962962962963 0.03819444444444445 0.033179012345679014
0 0.26171875 0.04128086419753087 0.043402777777777776 0.04089506172839506
1 0.2621527777777778 0.1427469135802469 0.019097222222222224 0.08796296296296297
0 0.3739149305555556 0.04282407407407408 0.02734375 0.03780864197530864
0 0.4142795138888889 0.03587962962962963 0.014322916666666666 0.02546296296296296
0 0.5026041666666666 0.04089506172839506 0.027777777777777776 0.020061728395061727
0 0.2094184027777778 0.03780864197530864 0.040364583333333336 0.029320987654320986
0 0.23893229166666666 0.031635802469135804 0.025607638888888888 0.029320987654320986