0 0.5080295138888888 0.10725308641975309 0.06901041666666667 0.12037037037037036
0 0.8391927083333334 0.24768518518518517 0.05772569444444445 0.10493827160493827
0 0.3736979166666667 0.03665123456790124 0.036458333333333336 0.02546296296296296
0 0.6087239583333334 0.1570216049382716 0.0759548611111111 0.11496913580246913
0 0.794921875 0.19174382716049382 0.07508680555555555 0.09799382716049383
0 0.2873263888888889 0.04436728395061729 0.03993055555555555 0.031635802469135804
0 0.3450520833333333 0.02970679012345679 0.029513888888888888 0.02700617283950617
0 0.6866319444444444 0.2361111111111111 0.11284722222222222 0.1388888888888889
0 0.21571180555555555 0.038580246913580245 0.04513888888888889 0.032407407407407406
0 0.388671875 0.03009259259259259 0.023003472222222224 0.023148148148148147
0 0.6697048611111112 0.1404320987654321 0.042534722222222224 0.06327160493827161
0 0.6959635416666666 0.10069444444444445 0.029079861111111112 0.0470679012345679
0 0.8161892361111112 0.16859567901234568 0.04123263888888889 0.05478395061728395
0 0.4752604166666667 0.044753086419753084 0.03211805555555555 0.021604938271604937
1 0.5579427083333334 0.810570987654321 0.1349826388888889 0.3773148148148148