0 0.2721354166666667 0.3082561728395062 0.2534722222222222 0.22608024691358025
0 0.5405815972222222 0.09182098765432099 0.062065972222222224 0.047839506172839504
0 0.6106770833333334 0.11033950617283951 0.06163194444444445 0.04938271604938271
0 0.18055555555555555 0.06905864197530864 0.050347222222222224 0.0625
0 0.384765625 0.059799382716049385 0.05772569444444445 0.04552469135802469
0 0.3038194444444444 0.047453703703703706 0.04861111111111111 0.03780864197530864
0 0.4728732638888889 0.07523148148148148 0.028211805555555556 0.03935185185185185
1 0.8072916666666666 0.3908179012345679 0.04513888888888889 0.2044753086419753
1 0.7248263888888888 0.3765432098765432 0.03993055555555555 0.19753086419753085
0 0.505859375 0.033179012345679014 0.045572916666666664 0.038580246913580245
0 0.24869791666666666 0.040123456790123455 0.049479166666666664 0.043209876543209874
0 0.2048611111111111 0.04128086419753087 0.03819444444444445 0.04861111111111111