0 0.5483940972222222 0.24074074074074073 0.2009548611111111 0.19135802469135801
0 0.4904513888888889 0.08140432098765432 0.0390625 0.04243827160493827
0 0.3298611111111111 0.050540123456790126 0.05295138888888889 0.04552469135802469
0 0.404296875 0.06018518518518518 0.045572916666666664 0.037037037037037035
0 0.3697916666666667 0.037037037037037035 0.026909722222222224 0.032407407407407406
0 0.2840711805555556 0.043209876543209874 0.03428819444444445 0.037037037037037035
1 0.7853732638888888 0.38503086419753085 0.045572916666666664 0.2006172839506173
1 0.7183159722222222 0.3761574074074074 0.03819444444444445 0.19521604938271606
0 0.8413628472222222 0.27584876543209874 0.045572916666666664 0.08873456790123457
0 0.4984809027777778 0.12654320987654322 0.055989583333333336 0.06481481481481481
0 0.2085503472222222 0.036265432098765434 0.04123263888888889 0.043209876543209874