0 0.5655381944444444 0.13734567901234568 0.08940972222222222 0.06944444444444445
0 0.3561197916666667 0.12229938271604938 0.09765625 0.09182098765432099
0 0.365234375 0.05594135802469136 0.054253472222222224 0.03935185185185185
0 0.5243055555555556 0.0798611111111111 0.059027777777777776 0.03935185185185185
0 0.6527777777777778 0.23996913580246915 0.11805555555555555 0.12345679012345678
0 0.2660590277777778 0.032407407407407406 0.0625 0.05864197530864197
0 0.2007378472222222 0.03896604938271605 0.026475694444444444 0.02854938271604938
0 0.7630208333333334 0.16049382716049382 0.0763888888888889 0.06327160493827161
0 0.7515190972222222 0.12037037037037036 0.08723958333333333 0.05092592592592592
0 0.3053385416666667 0.03279320987654321 0.029947916666666668 0.03009259259259259
0 0.3328993055555556 0.035493827160493825 0.027777777777777776 0.038580246913580245
0 0.4691840277777778 0.03819444444444445 0.028645833333333332 0.022376543209876542
1 0.7159288194444444 0.48032407407407407 0.07421875 0.2800925925925926
1 0.7760416666666666 0.47337962962962965 0.06597222222222222 0.30324074074074076