0 0.3728298611111111 0.13194444444444445 0.08072916666666667 0.09259259259259259
0 0.1853298611111111 0.7858796296296297 0.3611111111111111 0.42824074074074076
0 0.5075954861111112 0.08449074074074074 0.06640625 0.05015432098765432
0 0.3313802083333333 0.05131172839506173 0.04904513888888889 0.04243827160493827
0 0.8444010416666666 0.19907407407407407 0.04904513888888889 0.05709876543209876
0 0.6662326388888888 0.1427469135802469 0.0763888888888889 0.05246913580246913
0 0.5842013888888888 0.09220679012345678 0.0546875 0.03780864197530864
0 0.4856770833333333 0.04128086419753087 0.03125 0.023919753086419752
0 0.2864583333333333 0.040123456790123455 0.03819444444444445 0.030864197530864196
0 0.23958333333333334 0.04050925925925926 0.025173611111111112 0.031635802469135804
0 0.4036458333333333 0.05787037037037037 0.036458333333333336 0.030864197530864196
0 0.6690538194444444 0.10339506172839506 0.03515625 0.035493827160493825
0 0.1872829861111111 0.038580246913580245 0.039496527777777776 0.030864197530864196
0 0.6100260416666666 0.11304012345679013 0.06032986111111111 0.04398148148148148
0 0.3665364583333333 0.02854938271604938 0.03602430555555555 0.027777777777777776
0 0.70703125 0.10570987654320987 0.0234375 0.040123456790123455
0 0.306640625 0.02353395061728395 0.026475694444444444 0.02546296296296296
0 0.4717881944444444 0.06442901234567901 0.03298611111111111 0.034722222222222224
1 0.028211805555555556 0.3449074074074074 0.035590277777777776 0.19135802469135801
0 0.2068142361111111 0.02816358024691358 0.024739583333333332 0.03935185185185185
0 0.373046875 0.04359567901234568 0.022135416666666668 0.031635802469135804
0 0.412109375 0.06790123456790123 0.037760416666666664 0.035493827160493825