0 0.21328125 0.3590277777777778 0.246875 0.2625
0 0.523046875 0.0875 0.07109375 0.05
0 0.591015625 0.10694444444444444 0.06953125 0.06111111111111111
0 0.656640625 0.10277777777777777 0.04140625 0.041666666666666664
0 0.491796875 0.03819444444444445 0.03828125 0.02638888888888889
0 0.359375 0.05763888888888889 0.0546875 0.043055555555555555
0 0.6640625 0.12638888888888888 0.053125 0.05555555555555555
0 0.22421875 0.06388888888888888 0.13125 0.125
0 0.30625 0.04722222222222222 0.0390625 0.03333333333333333
0 0.3359375 0.025694444444444443 0.046875 0.02361111111111111
0 0.392578125 0.04513888888888889 0.01796875 0.034722222222222224
0 0.717578125 0.13472222222222222 0.03359375 0.05