1 0.64296875 0.6375 0.0921875 0.375
0 0.237890625 0.3548611111111111 0.28203125 0.22361111111111112
0 0.646875 0.21458333333333332 0.1203125 0.1125
0 0.5234375 0.16597222222222222 0.1078125 0.09583333333333334
0 0.612109375 0.08819444444444445 0.08203125 0.0763888888888889
0 0.376171875 0.04583333333333333 0.03828125 0.03611111111111111
0 0.68515625 0.09722222222222222 0.0359375 0.03888888888888889
0 0.46953125 0.058333333333333334 0.028125 0.03611111111111111
0 0.71484375 0.18194444444444444 0.0890625 0.08888888888888889
0 0.761328125 0.16666666666666666 0.05390625 0.06111111111111111
0 0.784765625 0.31319444444444444 0.15546875 0.16527777777777777
0 0.2046875 0.044444444444444446 0.0328125 0.030555555555555555
0 0.234375 0.041666666666666664 0.0328125 0.03611111111111111
0 0.291796875 0.044444444444444446 0.04140625 0.03888888888888889
0 0.32734375 0.03958333333333333 0.0359375 0.043055555555555555
0 0.848046875 0.2 0.04609375 0.05