1 0.719140625 0.5930555555555556 0.08203125 0.3388888888888889
0 0.323828125 0.32569444444444445 0.20390625 0.20972222222222223
0 0.362109375 0.05625 0.05390625 0.04027777777777778
0 0.64140625 0.10902777777777778 0.0515625 0.059722222222222225
0 0.234765625 0.09791666666666667 0.06640625 0.05138888888888889
0 0.55234375 0.09652777777777778 0.0640625 0.043055555555555555
0 0.57578125 0.125 0.0625 0.058333333333333334
0 0.040625 0.31527777777777777 0.0796875 0.28888888888888886
0 0.475 0.0763888888888889 0.0421875 0.044444444444444446
0 0.490234375 0.15416666666666667 0.03828125 0.08333333333333333
0 0.334765625 0.020833333333333332 0.05859375 0.03888888888888889
0 0.501953125 0.04027777777777778 0.03203125 0.027777777777777776
0 0.292578125 0.050694444444444445 0.04921875 0.043055555555555555
0 0.633203125 0.26180555555555557 0.16171875 0.15694444444444444
0 0.81953125 0.30486111111111114 0.0984375 0.12916666666666668
0 0.723046875 0.14722222222222223 0.07578125 0.1361111111111111
0 0.35078125 0.029166666666666667 0.03125 0.022222222222222223
0 0.474609375 0.03819444444444445 0.02578125 0.02361111111111111
0 0.22421875 0.034722222222222224 0.0265625 0.027777777777777776
0 0.398828125 0.175 0.05703125 0.1