1 0.677734375 0.56875 0.08671875 0.31527777777777777
1 0.22734375 0.12708333333333333 0.01875 0.0875
1 0.08203125 0.1986111111111111 0.025 0.10833333333333334
1 0.108203125 0.15902777777777777 0.01796875 0.08472222222222223
0 0.34921875 0.05 0.05 0.03888888888888889
0 0.824609375 0.30277777777777776 0.07578125 0.13333333333333333
0 0.486328125 0.03888888888888889 0.03671875 0.030555555555555555
0 0.301171875 0.029166666666666667 0.05234375 0.03333333333333333
0 0.23046875 0.043055555555555555 0.0328125 0.03333333333333333
0 0.804296875 0.16527777777777777 0.07578125 0.058333333333333334
0 0.687109375 0.15902777777777777 0.08828125 0.07916666666666666
0 0.6640625 0.10902777777777778 0.0421875 0.043055555555555555
0 0.696484375 0.10416666666666667 0.03203125 0.03333333333333333
0 0.2015625 0.041666666666666664 0.025 0.030555555555555555