1 0.719140625 0.5791666666666667 0.06953125 0.33055555555555555
1 0.01875 0.23402777777777778 0.01875 0.11527777777777778
1 0.74140625 0.42083333333333334 0.0515625 0.16944444444444445
1 0.0078125 0.25069444444444444 0.0140625 0.09027777777777778
0 0.512890625 0.08888888888888889 0.07421875 0.05
0 0.35390625 0.05555555555555555 0.0515625 0.044444444444444446
0 0.597265625 0.09444444444444444 0.06328125 0.05555555555555555
0 0.683203125 0.10972222222222222 0.03359375 0.03611111111111111
0 0.3984375 0.06805555555555555 0.034375 0.03611111111111111
0 0.64609375 0.10833333333333334 0.0375 0.03888888888888889
0 0.352734375 0.029861111111111113 0.03984375 0.02361111111111111
0 0.689453125 0.16597222222222222 0.07109375 0.07083333333333333
0 0.73359375 0.09722222222222222 0.028125 0.05277777777777778
0 0.7125 0.10833333333333334 0.0265625 0.041666666666666664
0 0.29765625 0.04722222222222222 0.046875 0.03333333333333333
0 0.230859375 0.04097222222222222 0.04140625 0.03194444444444444