1 0.216015625 0.12986111111111112 0.01796875 0.0875
1 0.4421875 0.8583333333333333 0.128125 0.2833333333333333
1 0.108984375 0.15694444444444444 0.01953125 0.08888888888888889
0 0.587109375 0.09652777777777778 0.06328125 0.04861111111111111
0 0.48125 0.06944444444444445 0.0484375 0.041666666666666664
0 0.394921875 0.03125 0.03359375 0.02638888888888889
0 0.67109375 0.1361111111111111 0.0703125 0.06388888888888888
0 0.685546875 0.10138888888888889 0.03046875 0.03333333333333333
0 0.648828125 0.10347222222222222 0.02890625 0.0375
0 0.483203125 0.03888888888888889 0.03359375 0.030555555555555555
0 0.71875 0.1284722222222222 0.0296875 0.043055555555555555
0 0.283984375 0.03888888888888889 0.03203125 0.03888888888888889
0 0.223046875 0.04097222222222222 0.03046875 0.0375
0 0.201953125 0.044444444444444446 0.03046875 0.03333333333333333