1 0.255859375 0.14027777777777778 0.02265625 0.08888888888888889
0 0.523828125 0.16527777777777777 0.10390625 0.09722222222222222
0 0.517578125 0.08680555555555555 0.06796875 0.05416666666666667
0 0.358984375 0.05555555555555555 0.05234375 0.044444444444444446
0 0.22734375 0.09375 0.065625 0.059722222222222225
0 0.46171875 0.25416666666666665 0.2 0.18055555555555555
0 0.59765625 0.14583333333333334 0.0515625 0.075
0 0.581640625 0.09930555555555555 0.06484375 0.04861111111111111
0 0.8015625 0.18055555555555555 0.0796875 0.07222222222222222
0 0.3984375 0.04375 0.034375 0.0375
0 0.655078125 0.1125 0.03671875 0.03611111111111111
0 0.475390625 0.058333333333333334 0.04296875 0.041666666666666664
0 0.3921875 0.25763888888888886 0.0640625 0.1736111111111111
0 0.360546875 0.025 0.03984375 0.025
0 0.68671875 0.14652777777777778 0.0578125 0.05416666666666667
0 0.2953125 0.04722222222222222 0.0515625 0.04722222222222222
0 0.698046875 0.24722222222222223 0.14765625 0.14722222222222223
0 0.730859375 0.1111111111111111 0.02734375 0.05277777777777778
0 0.676171875 0.08125 0.05234375 0.05138888888888889
0 0.23515625 0.044444444444444446 0.0375 0.030555555555555555