1 0.0109375 0.22708333333333333 0.0203125 0.11805555555555555
1 0.22734375 0.12638888888888888 0.015625 0.08611111111111111
1 0.112109375 0.15833333333333333 0.01953125 0.08333333333333333
0 0.298828125 0.1125 0.07890625 0.06944444444444445
0 0.618359375 0.2111111111111111 0.13984375 0.11666666666666667
0 0.530859375 0.12083333333333333 0.06484375 0.125
0 0.379296875 0.03611111111111111 0.03203125 0.030555555555555555
0 0.228515625 0.09305555555555556 0.05546875 0.04722222222222222
0 0.491796875 0.08263888888888889 0.03828125 0.043055555555555555
0 0.324609375 0.052083333333333336 0.04609375 0.04027777777777778
0 0.627734375 0.1326388888888889 0.08046875 0.05416666666666667
0 0.48515625 0.03888888888888889 0.0359375 0.027777777777777776
0 0.3234375 0.02361111111111111 0.0421875 0.027777777777777776
0 0.18359375 0.03680555555555556 0.040625 0.03194444444444444
0 0.654296875 0.1076388888888889 0.03828125 0.0375
0 0.68515625 0.11180555555555556 0.025 0.04027777777777778