1 0.051171875 0.18263888888888888 0.01953125 0.09305555555555556
0 0.3515625 0.2951388888888889 0.234375 0.17916666666666667
0 0.54375 0.1638888888888889 0.13125 0.11666666666666667
0 0.073828125 0.33125 0.14609375 0.22361111111111112
0 0.29609375 0.19722222222222222 0.1484375 0.13333333333333333
0 0.353515625 0.05625 0.05078125 0.0375
0 0.607421875 0.11041666666666666 0.07421875 0.05416666666666667
0 0.668359375 0.1076388888888889 0.03359375 0.0375
0 0.396875 0.15902777777777777 0.0640625 0.09861111111111111
0 0.319921875 0.044444444444444446 0.04296875 0.03333333333333333
0 0.515625 0.09027777777777778 0.084375 0.05
0 0.401953125 0.06527777777777778 0.04296875 0.03888888888888889
0 0.76640625 0.16111111111111112 0.078125 0.08333333333333333
0 0.723828125 0.10694444444444444 0.03984375 0.05555555555555555
0 0.495703125 0.03958333333333333 0.03046875 0.02361111111111111
0 0.228125 0.04027777777777778 0.034375 0.027777777777777776