0 0.2578125 0.34097222222222223 0.2375 0.24583333333333332
0 0.279296875 0.10208333333333333 0.07109375 0.05694444444444444
0 0.493359375 0.2708333333333333 0.19765625 0.15
0 0.64140625 0.09791666666666667 0.046875 0.04861111111111111
0 0.58828125 0.10416666666666667 0.0453125 0.05
0 0.80625 0.17916666666666667 0.08125 0.06111111111111111
0 0.528515625 0.13958333333333334 0.11484375 0.14027777777777778
0 0.7734375 0.14791666666666667 0.0484375 0.043055555555555555
0 0.469921875 0.04375 0.02890625 0.029166666666666667
0 0.725390625 0.125 0.03046875 0.041666666666666664
0 0.20703125 0.04652777777777778 0.0390625 0.0375
0 0.232421875 0.03958333333333333 0.03203125 0.02638888888888889
0 0.294140625 0.044444444444444446 0.03515625 0.03333333333333333
0 0.3625 0.04722222222222222 0.0375 0.03333333333333333