1 0.69765625 0.6340277777777777 0.09375 0.38472222222222224
1 0.64765625 0.3958333333333333 0.0640625 0.16111111111111112
0 0.575390625 0.11666666666666667 0.06015625 0.06388888888888888
0 0.398828125 0.05486111111111111 0.03984375 0.0375
0 0.355078125 0.05694444444444444 0.05390625 0.041666666666666664
0 0.78984375 0.2076388888888889 0.090625 0.09305555555555556
0 0.651171875 0.10625 0.03828125 0.0375
0 0.684375 0.23541666666666666 0.1515625 0.13194444444444445
0 0.68984375 0.1375 0.065625 0.05555555555555555
0 0.7375 0.10416666666666667 0.03125 0.06111111111111111
0 0.2984375 0.050694444444444445 0.046875 0.04027777777777778
0 0.229296875 0.041666666666666664 0.03984375 0.03333333333333333