1 0.610546875 0.7145833333333333 0.10078125 0.37083333333333335
1 0.52109375 0.6881944444444444 0.09375 0.44305555555555554
1 0.7328125 0.6805555555555556 0.1484375 0.4111111111111111
1 0.183984375 0.13819444444444445 0.01796875 0.07361111111111111
1 0.25078125 0.12430555555555556 0.015625 0.08472222222222223
0 0.342578125 0.1284722222222222 0.09140625 0.08472222222222223
0 0.537109375 0.1125 0.08671875 0.11944444444444445
0 0.344140625 0.05416666666666667 0.05390625 0.044444444444444446
0 0.24609375 0.09305555555555556 0.06875 0.05
0 0.806640625 0.30833333333333335 0.11328125 0.15
0 0.486328125 0.1 0.03359375 0.05555555555555555
0 0.646875 0.22569444444444445 0.121875 0.11805555555555555
0 0.4046875 0.03680555555555556 0.028125 0.03194444444444444
0 0.644921875 0.12916666666666668 0.06953125 0.041666666666666664
0 0.662890625 0.18333333333333332 0.10859375 0.075
0 0.259765625 0.041666666666666664 0.05703125 0.03611111111111111