0 0.23984375 0.09097222222222222 0.0671875 0.05416666666666667
0 0.592578125 0.26319444444444445 0.17421875 0.16527777777777777
0 0.61875 0.12916666666666668 0.0578125 0.058333333333333334
0 0.4671875 0.10208333333333333 0.2359375 0.18472222222222223
0 0.318359375 0.08055555555555556 0.03359375 0.03888888888888889
0 0.841796875 0.19930555555555557 0.05859375 0.059722222222222225
0 0.74296875 0.13194444444444445 0.0578125 0.058333333333333334
0 0.71640625 0.17152777777777778 0.0671875 0.07083333333333333
0 0.659765625 0.11180555555555556 0.02734375 0.043055555555555555
0 0.684765625 0.12916666666666668 0.03046875 0.05277777777777778
0 0.335546875 0.03194444444444444 0.03359375 0.027777777777777776
0 0.292578125 0.02847222222222222 0.04765625 0.02361111111111111
0 0.21796875 0.035416666666666666 0.0265625 0.02638888888888889
0 0.233203125 0.04513888888888889 0.03515625 0.03194444444444444