0 0.221484375 0.35833333333333334 0.28671875 0.2388888888888889
0 0.81015625 0.18194444444444444 0.0890625 0.075
0 0.603515625 0.10694444444444444 0.07109375 0.05
0 0.495703125 0.075 0.05390625 0.041666666666666664
0 0.3921875 0.06319444444444444 0.053125 0.04027777777777778
0 0.57890625 0.0798611111111111 0.0609375 0.04861111111111111
0 0.4171875 0.1736111111111111 0.1046875 0.10833333333333334
0 0.73046875 0.2722222222222222 0.165625 0.15555555555555556
0 0.361328125 0.04375 0.04140625 0.034722222222222224
0 0.644140625 0.09861111111111111 0.04140625 0.04722222222222222
0 0.403125 0.043055555555555555 0.0390625 0.027777777777777776
0 0.72890625 0.125 0.0359375 0.041666666666666664
0 0.310546875 0.052083333333333336 0.04453125 0.0375
0 0.279296875 0.041666666666666664 0.02421875 0.03333333333333333