1 0.164453125 0.14305555555555555 0.01953125 0.08333333333333333
1 0.108984375 0.15694444444444444 0.01953125 0.08611111111111111
0 0.548046875 0.12361111111111112 0.06328125 0.05555555555555555
0 0.36328125 0.06111111111111111 0.05625 0.041666666666666664
0 0.616015625 0.1076388888888889 0.05234375 0.05694444444444444
0 0.84921875 0.24930555555555556 0.0328125 0.08472222222222223
0 0.76015625 0.17847222222222223 0.0453125 0.07083333333333333
0 0.677734375 0.10138888888888889 0.03359375 0.03611111111111111
0 0.383984375 0.034027777777777775 0.03203125 0.02638888888888889
0 0.3453125 0.03194444444444444 0.0328125 0.027777777777777776
0 0.702734375 0.13402777777777777 0.03359375 0.04861111111111111
0 0.7296875 0.12083333333333333 0.03125 0.05
0 0.478515625 0.043055555555555555 0.03671875 0.030555555555555555
0 0.28203125 0.03819444444444445 0.0328125 0.034722222222222224
0 0.223828125 0.04027777777777778 0.03203125 0.03333333333333333
0 0.2 0.04375 0.0296875 0.0375