1 0.76640625 0.4479166666666667 0.0671875 0.27361111111111114
1 0.22734375 0.12361111111111112 0.0171875 0.08055555555555556
1 0.042578125 0.21597222222222223 0.02265625 0.11527777777777778
1 0.079296875 0.24444444444444444 0.03203125 0.1361111111111111
1 0.107421875 0.15833333333333333 0.01953125 0.08333333333333333
0 0.312109375 0.1125 0.07734375 0.07222222222222222
0 0.23515625 0.23541666666666666 0.175 0.15416666666666667
0 0.539453125 0.09444444444444444 0.06953125 0.05
0 0.578125 0.2076388888888889 0.1265625 0.11527777777777778
0 0.499609375 0.14583333333333334 0.06640625 0.08611111111111111
0 0.35859375 0.059722222222222225 0.053125 0.03888888888888889
0 0.3390625 0.027777777777777776 0.034375 0.027777777777777776
0 0.48671875 0.0375 0.0390625 0.025
0 0.62421875 0.10694444444444444 0.05 0.04722222222222222
0 0.298828125 0.050694444444444445 0.04609375 0.04583333333333333
0 0.221484375 0.04861111111111111 0.04921875 0.044444444444444446
0 0.666015625 0.10833333333333334 0.03515625 0.03611111111111111
0 0.26328125 0.06111111111111111 0.03125 0.030555555555555555
0 0.8171875 0.2534722222222222 0.1 0.2152777777777778
0 0.740625 0.14722222222222223 0.0359375 0.07777777777777778
0 0.691015625 0.10972222222222222 0.03203125 0.03611111111111111
0 0.39765625 0.021527777777777778 0.0546875 0.04027777777777778