1 0.71640625 0.625 0.09375 0.425
1 0.134765625 0.1451388888888889 0.01796875 0.08472222222222223
1 0.616796875 0.6388888888888888 0.08046875 0.3972222222222222
1 0.789453125 0.47291666666666665 0.06484375 0.28194444444444444
1 0.10859375 0.15625 0.0203125 0.0875
0 0.13984375 0.25625 0.1921875 0.16527777777777777
0 0.279296875 0.10486111111111111 0.06953125 0.059722222222222225
0 0.56171875 0.12569444444444444 0.065625 0.06805555555555555
0 0.549609375 0.08541666666666667 0.06328125 0.04027777777777778
0 0.3640625 0.03819444444444445 0.0359375 0.034722222222222224
0 0.49296875 0.0375 0.028125 0.025
0 0.329296875 0.050694444444444445 0.04921875 0.0375
0 0.663671875 0.10277777777777777 0.03984375 0.03888888888888889
1 0.75625 0.39444444444444443 0.0421875 0.09166666666666666
0 0.7015625 0.23958333333333334 0.1609375 0.14583333333333334
0 0.71796875 0.12152777777777778 0.034375 0.04861111111111111
0 0.771875 0.1527777777777778 0.090625 0.09444444444444444
0 0.858984375 0.2 0.02421875 0.044444444444444446
0 0.660546875 0.14791666666666667 0.06015625 0.05138888888888889
0 0.215234375 0.04236111111111111 0.04609375 0.04027777777777778
0 0.2859375 0.04097222222222222 0.028125 0.0375