0 0.600390625 0.1423611111111111 0.08984375 0.09027777777777778
0 0.3625 0.044444444444444446 0.0359375 0.03611111111111111
0 0.765234375 0.25 0.13046875 0.125
0 0.68203125 0.29305555555555557 0.1765625 0.16944444444444445
0 0.790625 0.1798611111111111 0.0921875 0.06805555555555555
0 0.5109375 0.1486111111111111 0.078125 0.1
0 0.64609375 0.10902777777777778 0.0375 0.05138888888888889
0 0.68203125 0.10486111111111111 0.025 0.034722222222222224
0 0.230859375 0.03611111111111111 0.03515625 0.030555555555555555
0 0.18203125 0.04097222222222222 0.0390625 0.029166666666666667
0 0.501953125 0.043055555555555555 0.02421875 0.019444444444444445
0 0.4640625 0.03958333333333333 0.0265625 0.02361111111111111