0 0.1875 0.4152777777777778 0.296875 0.25833333333333336
0 0.23203125 0.2111111111111111 0.20625 0.17777777777777778
0 0.605078125 0.12291666666666666 0.08515625 0.059722222222222225
0 0.333203125 0.04513888888888889 0.04296875 0.0375
0 0.396875 0.05416666666666667 0.05 0.041666666666666664
0 0.658203125 0.10625 0.03671875 0.04027777777777778
0 0.375 0.041666666666666664 0.0265625 0.03611111111111111
0 0.770703125 0.16458333333333333 0.06015625 0.059722222222222225
0 0.713671875 0.1326388888888889 0.03203125 0.04583333333333333
0 0.296484375 0.04861111111111111 0.04296875 0.03333333333333333
0 0.230078125 0.04236111111111111 0.03984375 0.034722222222222224