1 0.799609375 0.44375 0.07265625 0.23194444444444445
0 0.350390625 0.17430555555555555 0.13984375 0.1486111111111111
0 0.598046875 0.10069444444444445 0.04921875 0.04027777777777778
0 0.593359375 0.15625 0.09140625 0.08194444444444444
0 0.3265625 0.025694444444444443 0.0390625 0.03194444444444444
0 0.504296875 0.04236111111111111 0.02734375 0.02361111111111111
0 0.673828125 0.10625 0.04140625 0.04027777777777778
0 0.397265625 0.0375 0.04296875 0.03611111111111111
0 0.8453125 0.18541666666666667 0.0453125 0.07361111111111111
0 0.837890625 0.2847222222222222 0.05703125 0.1388888888888889
0 0.719140625 0.11666666666666667 0.03359375 0.05555555555555555
0 0.47109375 0.041666666666666664 0.0265625 0.03333333333333333
0 0.28828125 0.04513888888888889 0.0390625 0.03194444444444444