1 0.54140625 0.32222222222222224 0.0484375 0.19444444444444445
0 0.513671875 0.08819444444444445 0.07109375 0.04861111111111111
0 0.566015625 0.12152777777777778 0.06484375 0.05694444444444444
0 0.353125 0.059027777777777776 0.053125 0.0375
0 0.68046875 0.1076388888888889 0.0328125 0.0375
0 0.635546875 0.10902777777777778 0.03984375 0.0375
0 0.51953125 0.03333333333333333 0.0328125 0.027777777777777776
0 0.4765625 0.04027777777777778 0.0453125 0.027777777777777776
0 0.39765625 0.06736111111111111 0.034375 0.0375
0 0.72421875 0.11319444444444444 0.053125 0.07361111111111111
0 0.29609375 0.052083333333333336 0.0484375 0.0375
0 0.229296875 0.0375 0.03984375 0.03333333333333333