1 0.74375 0.5159722222222223 0.075 0.29305555555555557
0 0.632421875 0.09722222222222222 0.05390625 0.05277777777777778
0 0.53359375 0.17569444444444443 0.1265625 0.10138888888888889
0 0.513671875 0.0875 0.06484375 0.05277777777777778
0 0.416015625 0.28125 0.20234375 0.17916666666666667
0 0.383984375 0.05763888888888889 0.06015625 0.04027777777777778
0 0.366796875 0.02847222222222222 0.04453125 0.029166666666666667
0 0.517578125 0.05486111111111111 0.03671875 0.02638888888888889
0 0.693359375 0.1076388888888889 0.03515625 0.04027777777777778
0 0.286328125 0.05277777777777778 0.06640625 0.04722222222222222
0 0.847265625 0.20347222222222222 0.04609375 0.06527777777777778
0 0.72421875 0.125 0.0296875 0.044444444444444446
0 0.487890625 0.03819444444444445 0.04140625 0.034722222222222224
0 0.215625 0.04375 0.0453125 0.034722222222222224