1 0.65234375 0.36041666666666666 0.08125 0.2125
1 0.058984375 0.18333333333333332 0.02265625 0.11666666666666667
1 0.561328125 0.3326388888888889 0.03984375 0.2125
0 0.319140625 0.2972222222222222 0.21796875 0.19166666666666668
0 0.341015625 0.12013888888888889 0.08984375 0.0763888888888889
0 0.51015625 0.08472222222222223 0.06875 0.05277777777777778
0 0.5015625 0.1701388888888889 0.0984375 0.09583333333333334
0 0.6703125 0.13819444444444445 0.0421875 0.059722222222222225
0 0.562890625 0.14305555555555555 0.08359375 0.06388888888888888
0 0.81796875 0.28958333333333336 0.0890625 0.14583333333333334
0 0.3796875 0.0625 0.05625 0.044444444444444446
0 0.637890625 0.21597222222222223 0.14609375 0.12083333333333333
0 0.58515625 0.09722222222222222 0.0765625 0.044444444444444446
0 0.692578125 0.10902777777777778 0.04609375 0.043055555555555555
0 0.3203125 0.030555555555555555 0.040625 0.030555555555555555
0 0.494140625 0.03819444444444445 0.02890625 0.02638888888888889
0 0.648828125 0.09652777777777778 0.05234375 0.07083333333333333
0 0.773046875 0.1798611111111111 0.05703125 0.0625
1 0.051171875 0.17291666666666666 0.01484375 0.10138888888888889
0 0.73046875 0.11180555555555556 0.028125 0.043055555555555555
0 0.284375 0.043055555555555555 0.0328125 0.03888888888888889