1 0.169140625 0.2465277777777778 0.03359375 0.15416666666666667
1 0.25625 0.21875 0.0328125 0.14027777777777778
1 0.12734375 0.25972222222222224 0.04375 0.16944444444444445
1 0.266015625 0.17152777777777778 0.02109375 0.09027777777777778
0 0.549609375 0.2638888888888889 0.17109375 0.14444444444444443
0 0.33984375 0.11875 0.0703125 0.06805555555555555
0 0.3765625 0.1673611111111111 0.08125 0.10416666666666667
0 0.526171875 0.17152777777777778 0.11484375 0.09027777777777778
0 0.596484375 0.09861111111111111 0.08828125 0.09722222222222222
0 0.645703125 0.16875 0.08359375 0.0763888888888889
0 0.37578125 0.05625 0.0546875 0.043055555555555555
0 0.312890625 0.03125 0.04140625 0.03194444444444444
0 0.359375 0.034027777777777775 0.0328125 0.03194444444444444
0 0.47734375 0.075 0.0359375 0.04722222222222222
0 0.667578125 0.12291666666666666 0.07265625 0.07083333333333333
0 0.483984375 0.034722222222222224 0.04140625 0.03333333333333333
0 0.8421875 0.2013888888888889 0.0578125 0.075
0 0.751171875 0.16041666666666668 0.06640625 0.06527777777777778
0 0.2046875 0.03958333333333333 0.0390625 0.04027777777777778
0 0.28984375 0.04097222222222222 0.04375 0.0375