1 0.1984375 0.13472222222222222 0.021875 0.08611111111111111
0 0.13359375 0.44305555555555554 0.265625 0.3333333333333333
0 0.24609375 0.22291666666666668 0.159375 0.1486111111111111
0 0.521484375 0.1597222222222222 0.08828125 0.11666666666666667
0 0.59921875 0.10625 0.071875 0.05694444444444444
0 0.77890625 0.16111111111111112 0.06875 0.06111111111111111
0 0.352734375 0.05555555555555555 0.04609375 0.03611111111111111
0 0.40234375 0.15069444444444444 0.08125 0.12638888888888888
0 0.66640625 0.10833333333333334 0.034375 0.03888888888888889
0 0.217578125 0.09791666666666667 0.06171875 0.04861111111111111
0 0.51875 0.08402777777777778 0.0609375 0.043055555555555555
0 0.212890625 0.04375 0.04453125 0.043055555555555555
0 0.31640625 0.04236111111111111 0.0375 0.03194444444444444
0 0.490625 0.04583333333333333 0.05 0.03611111111111111
0 0.725 0.11458333333333333 0.046875 0.07083333333333333
0 0.405078125 0.06736111111111111 0.03984375 0.0375
0 0.287109375 0.04791666666666667 0.04296875 0.0375
0 0.598046875 0.08819444444444445 0.05859375 0.02638888888888889