1 0.709765625 0.5277777777777778 0.05390625 0.2972222222222222
1 0.54453125 0.8777777777777778 0.125 0.24444444444444444
1 0.3859375 0.9159722222222222 0.1328125 0.16527777777777777
1 0.751171875 0.5479166666666667 0.06953125 0.3458333333333333
1 0.170703125 0.10972222222222222 0.01328125 0.06388888888888888
0 0.098828125 0.27708333333333335 0.19609375 0.2152777777777778
0 0.52421875 0.08541666666666667 0.053125 0.04583333333333333
0 0.54375 0.25833333333333336 0.175 0.14444444444444443
0 0.379296875 0.04375 0.05234375 0.04583333333333333
0 0.545703125 0.14444444444444443 0.04765625 0.075
0 0.796484375 0.16875 0.08359375 0.0625
0 0.4984375 0.16319444444444445 0.0671875 0.08194444444444444
0 0.25625 0.075 0.059375 0.041666666666666664
0 0.726953125 0.09791666666666667 0.03984375 0.05416666666666667
0 0.4734375 0.06597222222222222 0.0296875 0.0375
0 0.298828125 0.025 0.07265625 0.04722222222222222
0 0.291796875 0.044444444444444446 0.04453125 0.03888888888888889
0 0.2359375 0.0375 0.025 0.027777777777777776
0 0.20546875 0.04722222222222222 0.0328125 0.03611111111111111