0 0.31640625 0.3194444444444444 0.215625 0.225
0 0.535546875 0.2638888888888889 0.17109375 0.14444444444444443
0 0.506640625 0.0875 0.06484375 0.04722222222222222
0 0.641015625 0.09861111111111111 0.04765625 0.05
0 0.36171875 0.059027777777777776 0.053125 0.0375
0 0.421875 0.12916666666666668 0.109375 0.08888888888888889
0 0.538671875 0.08263888888888889 0.03359375 0.04027777777777778
0 0.3953125 0.034027777777777775 0.0390625 0.03194444444444444
0 0.734375 0.15486111111111112 0.071875 0.059722222222222225
0 0.233203125 0.03888888888888889 0.03671875 0.03333333333333333
0 0.293359375 0.04236111111111111 0.02734375 0.03194444444444444
0 0.328125 0.035416666666666666 0.0375 0.0375
0 0.201171875 0.041666666666666664 0.02421875 0.027777777777777776