1 0.26953125 0.24930555555555556 0.03125 0.15694444444444444
1 0.248828125 0.275 0.02421875 0.125
0 0.16484375 0.26319444444444445 0.2078125 0.18194444444444444
0 0.431640625 0.12083333333333333 0.14765625 0.1527777777777778
0 0.34765625 0.05625 0.04375 0.04027777777777778
0 0.64609375 0.10625 0.0375 0.0375
0 0.81015625 0.17083333333333334 0.0828125 0.06111111111111111
0 0.33515625 0.04097222222222222 0.0359375 0.029166666666666667
0 0.701171875 0.14097222222222222 0.07265625 0.059722222222222225
0 0.85078125 0.20694444444444443 0.0375 0.06111111111111111
0 0.680078125 0.1076388888888889 0.03046875 0.043055555555555555
0 0.29453125 0.05138888888888889 0.0328125 0.03888888888888889
0 0.23203125 0.04583333333333333 0.04375 0.041666666666666664
0 0.73359375 0.09305555555555556 0.0296875 0.041666666666666664