1 0.824609375 0.425 0.06796875 0.275
0 0.191015625 0.2298611111111111 0.22265625 0.1986111111111111
0 0.33515625 0.11458333333333333 0.0875 0.07916666666666666
0 0.598046875 0.10694444444444444 0.07265625 0.05555555555555555
0 0.133203125 0.4708333333333333 0.26484375 0.3055555555555556
0 0.50859375 0.1638888888888889 0.0765625 0.09722222222222222
0 0.61328125 0.2659722222222222 0.18125 0.16805555555555557
0 0.49765625 0.08263888888888889 0.05 0.04861111111111111
0 0.389453125 0.06180555555555556 0.05703125 0.043055555555555555
0 0.233203125 0.09722222222222222 0.07578125 0.05555555555555555
0 0.40390625 0.1736111111111111 0.128125 0.1361111111111111
0 0.666796875 0.10833333333333334 0.04140625 0.041666666666666664
0 0.502734375 0.04375 0.04140625 0.03194444444444444
0 0.316015625 0.03125 0.03515625 0.02638888888888889
0 0.331640625 0.05277777777777778 0.05546875 0.041666666666666664
0 0.713671875 0.1076388888888889 0.04453125 0.07361111111111111
0 0.28046875 0.044444444444444446 0.0234375 0.027777777777777776
0 0.20390625 0.03958333333333333 0.03125 0.034722222222222224