1 0.40546875 0.24166666666666667 0.0296875 0.1527777777777778
1 0.14375 0.14097222222222222 0.01875 0.08194444444444444
1 0.13046875 0.13958333333333334 0.0125 0.07916666666666666
0 0.27109375 0.10138888888888889 0.0734375 0.058333333333333334
0 0.517578125 0.08680555555555555 0.06796875 0.05138888888888889
0 0.358203125 0.058333333333333334 0.05546875 0.041666666666666664
0 0.592578125 0.13958333333333334 0.09609375 0.0625
0 0.583203125 0.09652777777777778 0.06484375 0.043055555555555555
0 0.4875 0.16458333333333333 0.08125 0.09861111111111111
0 0.69921875 0.22430555555555556 0.1359375 0.1375
0 0.639453125 0.11597222222222223 0.04453125 0.04027777777777778
0 0.330078125 0.029166666666666667 0.03828125 0.025
0 0.471875 0.04236111111111111 0.034375 0.02638888888888889
0 0.29296875 0.04236111111111111 0.05 0.04027777777777778
0 0.733984375 0.1638888888888889 0.07421875 0.06666666666666667
0 0.680859375 0.12569444444444444 0.03671875 0.05138888888888889
0 0.223828125 0.04791666666666667 0.03359375 0.0375