1 0.697265625 0.7972222222222223 0.10703125 0.40555555555555556
1 0.78046875 0.4826388888888889 0.0625 0.2791666666666667
1 0.734375 0.4701388888888889 0.0515625 0.2625
1 0.158984375 0.14305555555555555 0.02265625 0.08055555555555556
1 0.18984375 0.13680555555555557 0.0171875 0.08472222222222223
1 0.683984375 0.5354166666666667 0.08671875 0.39861111111111114
0 0.1390625 0.40555555555555556 0.2765625 0.26666666666666666
0 0.502734375 0.2701388888888889 0.20390625 0.16805555555555557
0 0.370703125 0.04097222222222222 0.02265625 0.034722222222222224
0 0.56171875 0.125 0.059375 0.07222222222222222
0 0.801171875 0.21388888888888888 0.07578125 0.10277777777777777
0 0.6078125 0.10902777777777778 0.0421875 0.04861111111111111
0 0.40390625 0.02638888888888889 0.025 0.030555555555555555
0 0.490234375 0.03888888888888889 0.03984375 0.025
0 0.29296875 0.04652777777777778 0.0421875 0.043055555555555555
0 0.234375 0.044444444444444446 0.034375 0.03888888888888889
0 0.20390625 0.04375 0.034375 0.034722222222222224
0 0.749609375 0.1423611111111111 0.08203125 0.06527777777777778