1 0.691796875 0.5618055555555556 0.08359375 0.33194444444444443
0 0.28359375 0.32222222222222224 0.25625 0.225
0 0.516796875 0.08611111111111111 0.06953125 0.05
0 0.359765625 0.05555555555555555 0.05546875 0.04722222222222222
0 0.327734375 0.11458333333333333 0.08671875 0.07916666666666666
0 0.615234375 0.13194444444444445 0.06015625 0.06666666666666667
0 0.56171875 0.17430555555555555 0.125 0.09861111111111111
0 0.658203125 0.11736111111111111 0.03515625 0.04583333333333333
0 0.5875 0.10694444444444444 0.0609375 0.05555555555555555
0 0.39765625 0.04375 0.0390625 0.04027777777777778
0 0.50078125 0.04513888888888889 0.0359375 0.02638888888888889
0 0.61171875 0.2590277777777778 0.184375 0.20972222222222223
0 0.2328125 0.04861111111111111 0.0375 0.03888888888888889
0 0.294140625 0.0375 0.05078125 0.044444444444444446
0 0.81875 0.23472222222222222 0.1078125 0.2861111111111111
0 0.737109375 0.18888888888888888 0.06640625 0.125
0 0.687109375 0.1284722222222222 0.02734375 0.05138888888888889