0 0.5555555555555556 0.18364197530864199 0.11458333333333333 0.10493827160493827
0 0.2126736111111111 0.5671296296296297 0.4149305555555556 0.41975308641975306
0 0.3854166666666667 0.16820987654320987 0.0920138888888889 0.10802469135802469
0 0.4945746527777778 0.07407407407407407 0.04296875 0.046296296296296294
0 0.3049045138888889 0.03356481481481482 0.024739583333333332 0.031635802469135804
0 0.3463541666666667 0.04243827160493827 0.042534722222222224 0.033950617283950615
0 0.3912760416666667 0.05709876543209876 0.047309027777777776 0.035493827160493825
0 0.5967881944444444 0.09027777777777778 0.08072916666666667 0.07098765432098765
0 0.19032118055555555 0.04089506172839506 0.03602430555555555 0.030864197530864196
0 0.14388020833333334 0.7731481481481481 0.2868923611111111 0.4521604938271605
0 0.4767795138888889 0.03742283950617284 0.03428819444444445 0.019290123456790122
0 0.3958333333333333 0.03356481481481482 0.03298611111111111 0.020833333333333332
0 0.8506944444444444 0.1739969135802469 0.05642361111111111 0.05015432098765432
0 0.7599826388888888 0.1709104938271605 0.08072916666666667 0.05632716049382716
0 0.7369791666666666 0.24575617283950618 0.1657986111111111 0.1550925925925926
1 0.14583333333333334 0.14737654320987653 0.0234375 0.08333333333333333
1 0.7478298611111112 0.4702932098765432 0.07552083333333333 0.29398148148148145