0 0.5685763888888888 0.08796296296296297 0.06163194444444445 0.05401234567901234
0 0.4952256944444444 0.07407407407407407 0.044270833333333336 0.041666666666666664
0 0.20638020833333334 0.5609567901234568 0.4118923611111111 0.4243827160493827
0 0.3661024305555556 0.06095679012345679 0.05859375 0.037037037037037035
0 0.2400173611111111 0.08140432098765432 0.06597222222222222 0.05324074074074074
0 0.028862847222222224 0.33487654320987653 0.05685763888888889 0.14351851851851852
0 0.20768229166666666 0.04436728395061729 0.03602430555555555 0.034722222222222224
0 0.1430121527777778 0.7743055555555556 0.28515625 0.4513888888888889
0 0.8031684027777778 0.2503858024691358 0.13411458333333334 0.25540123456790126
0 0.3930121527777778 0.1392746913580247 0.05164930555555555 0.08410493827160494
0 0.2862413194444444 0.04513888888888889 0.037760416666666664 0.03935185185185185
0 0.3172743055555556 0.04128086419753087 0.026909722222222224 0.04398148148148148
0 0.4782986111111111 0.04050925925925926 0.03125 0.02546296296296296
0 0.4105902777777778 0.03510802469135803 0.019965277777777776 0.02854938271604938
0 0.3717447916666667 0.034722222222222224 0.040364583333333336 0.026234567901234566
0 0.23958333333333334 0.03896604938271605 0.0234375 0.02700617283950617
0 0.6631944444444444 0.10841049382716049 0.035590277777777776 0.04552469135802469
1 0.7154947916666666 0.5 0.046440972222222224 0.20833333333333334
1 0.12044270833333333 0.5196759259259259 0.07942708333333333 0.20756172839506173