0 0.1423611111111111 0.7704475308641975 0.2838541666666667 0.4591049382716049
0 0.21202256944444445 0.037037037037037035 0.04470486111111111 0.032407407407407406
0 0.6115451388888888 0.09567901234567901 0.052083333333333336 0.044753086419753084
0 0.5462239583333334 0.09606481481481481 0.06640625 0.05478395061728395
0 0.6692708333333334 0.10416666666666667 0.03298611111111111 0.037037037037037035
0 0.3441840277777778 0.04976851851851852 0.05381944444444445 0.04398148148148148
0 0.2703993055555556 0.03819444444444445 0.043402777777777776 0.033179012345679014
0 0.5006510416666666 0.07021604938271606 0.037760416666666664 0.046296296296296294
1 0.5690104166666666 0.8634259259259259 0.1328125 0.27314814814814814
0 0.849609375 0.19791666666666666 0.04991319444444445 0.05787037037037037
0 0.7076822916666666 0.09722222222222222 0.032552083333333336 0.043209876543209874
0 0.4737413194444444 0.06751543209876543 0.03342013888888889 0.04243827160493827
0 0.5334201388888888 0.02662037037037037 0.05642361111111111 0.03935185185185185
0 0.3634982638888889 0.033179012345679014 0.11762152777777778 0.06481481481481481
0 0.3094618055555556 0.037037037037037035 0.034722222222222224 0.037037037037037035
0 0.255859375 0.033179012345679014 0.03689236111111111 0.029320987654320986