0 0.240234375 0.3221450617283951 0.2591145833333333 0.23842592592592593
0 0.19401041666666666 0.6091820987654321 0.3871527777777778 0.4035493827160494
0 0.0837673611111111 0.22145061728395063 0.13975694444444445 0.11882716049382716
0 0.3020833333333333 0.024305555555555556 0.058159722222222224 0.04552469135802469
0 0.4092881944444444 0.035493827160493825 0.030381944444444444 0.029320987654320986
0 0.3569878472222222 0.022376543209876542 0.04383680555555555 0.021604938271604937
0 0.4926215277777778 0.06018518518518518 0.058159722222222224 0.06481481481481481
0 0.2582465277777778 0.14930555555555555 0.2282986111111111 0.16743827160493827
0 0.3634982638888889 0.04359567901234568 0.026475694444444444 0.033179012345679014
0 0.2387152777777778 0.04128086419753087 0.035590277777777776 0.031635802469135804
0 0.2065972222222222 0.03780864197530864 0.03211805555555555 0.035493827160493825
0 0.8511284722222222 0.19290123456790123 0.044270833333333336 0.06172839506172839
1 0.8459201388888888 0.43441358024691357 0.027777777777777776 0.15432098765432098