0 0.21180555555555555 0.5659722222222222 0.4149305555555556 0.4251543209876543
0 0.23936631944444445 0.0787037037037037 0.05946180555555555 0.05864197530864197
0 0.3572048611111111 0.05594135802469136 0.050347222222222224 0.036265432098765434
0 0.4984809027777778 0.15895061728395063 0.0837673611111111 0.10493827160493827
0 0.3159722222222222 0.043209876543209874 0.043402777777777776 0.030864197530864196
0 0.607421875 0.11265432098765432 0.08289930555555555 0.08024691358024691
0 0.2751736111111111 0.04359567901234568 0.04774305555555555 0.03780864197530864
0 0.2152777777777778 0.041666666666666664 0.043402777777777776 0.035493827160493825
0 0.4079861111111111 0.05092592592592592 0.03819444444444445 0.037037037037037035
0 0.14192708333333334 0.7716049382716049 0.2829861111111111 0.4567901234567901
0 0.3322482638888889 0.020833333333333332 0.038628472222222224 0.030864197530864196
0 0.24609375 0.027391975308641976 0.022569444444444444 0.03935185185185185
1 0.5941840277777778 0.3541666666666667 0.03993055555555555 0.19598765432098766