0 0.14192708333333334 0.7758487654320988 0.2829861111111111 0.44830246913580246
0 0.5492621527777778 0.11381172839506173 0.05685763888888889 0.05632716049382716
0 0.2243923611111111 0.03896604938271605 0.044270833333333336 0.033179012345679014
0 0.4327256944444444 0.17554012345679013 0.11631944444444445 0.10725308641975309
0 0.2881944444444444 0.04205246913580247 0.04774305555555555 0.036265432098765434
0 0.353515625 0.053626543209876545 0.05685763888888889 0.03935185185185185
0 0.541015625 0.07445987654320987 0.05164930555555555 0.034722222222222224
0 0.40625 0.05401234567901234 0.046875 0.037037037037037035
0 0.6174045138888888 0.09760802469135803 0.062065972222222224 0.05941358024691358
0 0.1833767361111111 0.033950617283950615 0.04210069444444445 0.029320987654320986
0 0.6725260416666666 0.09992283950617284 0.03342013888888889 0.02854938271604938
1 0.3975694444444444 0.2199074074074074 0.03211805555555555 0.13425925925925927
0 0.2938368055555556 0.024305555555555556 0.0546875 0.03780864197530864
0 0.3372395833333333 0.02700617283950617 0.019097222222222224 0.029320987654320986
0 0.3485243055555556 0.032407407407407406 0.03298611111111111 0.023148148148148147
0 0.4713541666666667 0.06712962962962964 0.024305555555555556 0.047839506172839504
0 0.4913194444444444 0.07060185185185185 0.030381944444444444 0.05015432098765432
0 0.4646267361111111 0.03973765432098766 0.013454861111111112 0.02546296296296296
0 0.5004340277777778 0.03279320987654321 0.026041666666666668 0.022376543209876542
0 0.5538194444444444 0.09259259259259259 0.0685763888888889 0.047839506172839504
0 0.6584201388888888 0.12075617283950617 0.06684027777777778 0.05787037037037037
0 0.7113715277777778 0.1396604938271605 0.03993055555555555 0.05709876543209876
0 0.8109809027777778 0.16049382716049382 0.08289930555555555 0.0787037037037037
0 0.861328125 0.21219135802469136 0.023003472222222224 0.047839506172839504