0 0.1994357638888889 0.23919753086419754 0.1870659722222222 0.1527777777777778
0 0.2126736111111111 0.5675154320987654 0.4140625 0.4174382716049383
0 0.369140625 0.04243827160493827 0.039496527777777776 0.033950617283950615
0 0.20985243055555555 0.04282407407407408 0.040364583333333336 0.033179012345679014
0 0.17491319444444445 0.08179012345679013 0.04079861111111111 0.05401234567901234
0 0.1430121527777778 0.7743055555555556 0.28515625 0.4513888888888889
0 0.6206597222222222 0.1882716049382716 0.3272569444444444 0.30401234567901236
0 0.2860243055555556 0.046296296296296294 0.03819444444444445 0.037037037037037035
0 0.3181423611111111 0.04089506172839506 0.024305555555555556 0.044753086419753084
0 0.4079861111111111 0.036265432098765434 0.024305555555555556 0.027777777777777776
0 0.240234375 0.041666666666666664 0.021267361111111112 0.030864197530864196
1 0.7298177083333334 0.45100308641975306 0.04904513888888889 0.19212962962962962