0 0.5384114583333334 0.14776234567901234 0.09244791666666667 0.0779320987654321
0 0.3515625 0.2916666666666667 0.22743055555555555 0.18209876543209877
0 0.09027777777777778 0.22106481481481483 0.15364583333333334 0.12422839506172839
0 0.1950954861111111 0.6246141975308642 0.3893229166666667 0.3479938271604938
0 0.119140625 0.3680555555555556 0.2322048611111111 0.13425925925925927
0 0.3832465277777778 0.043209876543209874 0.03298611111111111 0.030864197530864196
0 0.6733940972222222 0.12268518518518519 0.06380208333333333 0.041666666666666664
0 0.8029513888888888 0.21604938271604937 0.10416666666666667 0.2330246913580247
0 0.3654513888888889 0.01427469135802469 0.025173611111111112 0.022376543209876542
1 0.7916666666666666 0.37808641975308643 0.04774305555555555 0.1743827160493827
1 0.8177083333333334 0.3942901234567901 0.03993055555555555 0.13425925925925927