0 0.2222222222222222 0.3584104938271605 0.2456597222222222 0.23996913580246915
0 0.1449652777777778 0.7708333333333334 0.2890625 0.4583333333333333
0 0.2545572916666667 0.036265432098765434 0.04904513888888889 0.038580246913580245
0 0.8448350694444444 0.3136574074074074 0.040364583333333336 0.13503086419753085
0 0.5319010416666666 0.11728395061728394 0.04991319444444445 0.08641975308641975
0 0.365234375 0.033179012345679014 0.024739583333333332 0.035493827160493825
0 0.4040798611111111 0.024305555555555556 0.028645833333333332 0.02546296296296296
1 0.6247829861111112 0.7750771604938271 0.12109375 0.4498456790123457
1 0.5444878472222222 0.33371913580246915 0.05685763888888889 0.19212962962962962
1 0.5303819444444444 0.3445216049382716 0.046875 0.19367283950617284
0 0.8524305555555556 0.19984567901234568 0.043402777777777776 0.05246913580246913
0 0.7057291666666666 0.1427469135802469 0.06684027777777778 0.06944444444444445
0 0.720703125 0.11072530864197531 0.03689236111111111 0.04243827160493827
0 0.7549913194444444 0.11033950617283951 0.022135416666666668 0.043209876543209874
0 0.203125 0.02662037037037037 0.024305555555555556 0.0470679012345679
0 0.17100694444444445 0.034722222222222224 0.022569444444444444 0.032407407407407406