0 0.14322916666666666 0.7704475308641975 0.2855902777777778 0.4591049382716049
0 0.5677083333333334 0.10108024691358025 0.0546875 0.05246913580246913
0 0.4986979166666667 0.1396604938271605 0.08159722222222222 0.10185185185185185
0 0.3103298611111111 0.044753086419753084 0.05381944444444445 0.035493827160493825
0 0.3700086805555556 0.031635802469135804 0.037760416666666664 0.032407407407407406
0 0.4867621527777778 0.037037037037037035 0.029079861111111112 0.027777777777777776
0 0.18033854166666666 0.03742283950617284 0.045572916666666664 0.03009259259259259
0 0.2547743055555556 0.03935185185185185 0.046875 0.037037037037037035
1 0.37890625 0.9116512345679012 0.09895833333333333 0.17669753086419754
1 0.14192708333333334 0.1431327160493827 0.019965277777777776 0.08719135802469136
1 0.0939670138888889 0.15817901234567902 0.018663194444444444 0.09259259259259259
0 0.20203993055555555 0.030478395061728395 0.029079861111111112 0.036265432098765434
0 0.21375868055555555 0.02353395061728395 0.022135416666666668 0.031635802469135804
0 0.2582465277777778 0.020833333333333332 0.046875 0.026234567901234566
0 0.2905815972222222 0.033179012345679014 0.03428819444444445 0.033950617283950615
0 0.3157552083333333 0.020061728395061727 0.026475694444444444 0.015432098765432098
0 0.330078125 0.03819444444444445 0.03428819444444445 0.03935185185185185
0 0.3776041666666667 0.03935185185185185 0.020833333333333332 0.037037037037037035
0 0.3951822916666667 0.034722222222222224 0.021267361111111112 0.027777777777777776
0 0.7074652777777778 0.13773148148148148 0.03819444444444445 0.0625