0 0.2986111111111111 0.29128086419753085 0.2439236111111111 0.22608024691358025
0 0.19466145833333334 0.6149691358024691 0.3884548611111111 0.3904320987654321
0 0.06358506944444445 0.32021604938271603 0.12630208333333334 0.2037037037037037
0 0.5965711805555556 0.09760802469135803 0.054253472222222224 0.04243827160493827
0 0.09266493055555555 0.21064814814814814 0.14192708333333334 0.10185185185185185
0 0.349609375 0.02854938271604938 0.029079861111111112 0.030864197530864196
0 0.3671875 0.03935185185185185 0.029513888888888888 0.033950617283950615
0 0.20182291666666666 0.03356481481481482 0.024305555555555556 0.03009259259259259
0 0.8342013888888888 0.18479938271604937 0.07378472222222222 0.06712962962962964
0 0.775390625 0.15239197530864199 0.05164930555555555 0.05169753086419753
0 0.6536458333333334 0.12268518518518519 0.0625 0.05709876543209876
0 0.8541666666666666 0.11574074074074074 0.021701388888888888 0.029320987654320986
1 0.5054253472222222 0.7781635802469136 0.10112847222222222 0.44367283950617287
1 0.6714409722222222 0.6697530864197531 0.0876736111111111 0.4212962962962963
1 0.244140625 0.1381172839506173 0.016927083333333332 0.08796296296296297