0 0.3394097222222222 0.09220679012345678 0.1154513888888889 0.12268518518518519
0 0.21223958333333334 0.5698302469135802 0.4105902777777778 0.44367283950617287
0 0.3999565972222222 0.03279320987654321 0.03689236111111111 0.02854938271604938
0 0.14344618055555555 0.7816358024691358 0.2860243055555556 0.4367283950617284
0 0.3602430555555556 0.02353395061728395 0.03993055555555555 0.02854938271604938
0 0.22178819444444445 0.03973765432098766 0.042534722222222224 0.033179012345679014
0 0.2777777777777778 0.04050925925925926 0.019965277777777776 0.03780864197530864
0 0.3546006944444444 0.038580246913580245 0.026909722222222224 0.027777777777777776
0 0.7458767361111112 0.16396604938271606 0.10546875 0.0763888888888889
1 0.016059027777777776 0.47723765432098764 0.03125 0.17824074074074073
1 0.6408420138888888 0.7465277777777778 0.10286458333333333 0.4359567901234568