0 0.19270833333333334 0.36844135802469136 0.2465277777777778 0.24614197530864199
0 0.14322916666666666 0.7692901234567902 0.2855902777777778 0.46141975308641975
0 0.8020833333333334 0.2716049382716049 0.1293402777777778 0.16358024691358025
0 0.3600260416666667 0.027777777777777776 0.04123263888888889 0.032407407407407406
0 0.2170138888888889 0.026234567901234566 0.034722222222222224 0.024691358024691357
0 0.2710503472222222 0.04089506172839506 0.04210069444444445 0.032407407407407406
0 0.8209635416666666 0.1720679012345679 0.06380208333333333 0.07561728395061729
0 0.2955729166666667 0.02700617283950617 0.04079861111111111 0.029320987654320986
0 0.5043402777777778 0.16319444444444445 0.0642361111111111 0.08873456790123457
0 0.16796875 0.07716049382716049 0.028645833333333332 0.043209876543209874
0 0.5924479166666666 0.2337962962962963 0.18055555555555555 0.19290123456790123
0 0.4029947916666667 0.03665123456790124 0.032552083333333336 0.02700617283950617
0 0.4884982638888889 0.07098765432098765 0.03602430555555555 0.040123456790123455
1 0.4453125 0.8892746913580247 0.13020833333333334 0.22145061728395063
0 0.4887152777777778 0.03665123456790124 0.03819444444444445 0.02700617283950617
0 0.6529947916666666 0.09953703703703703 0.047309027777777776 0.06172839506172839
0 0.7250434027777778 0.1284722222222222 0.03515625 0.04861111111111111
0 0.7506510416666666 0.1720679012345679 0.08463541666666667 0.08024691358024691