0 0.142578125 0.7689043209876543 0.2842881944444444 0.46219135802469136
0 0.3561197916666667 0.04050925925925926 0.045572916666666664 0.036265432098765434
0 0.3116319444444444 0.03356481481481482 0.03211805555555555 0.03009259259259259
0 0.6174045138888888 0.24807098765432098 0.18880208333333334 0.14891975308641975
0 0.6154513888888888 0.09722222222222222 0.050347222222222224 0.047839506172839504
0 0.23155381944444445 0.03973765432098766 0.03515625 0.031635802469135804
0 0.4006076388888889 0.055169753086419755 0.06163194444444445 0.04398148148148148
0 0.3838975694444444 0.02199074074074074 0.048177083333333336 0.03935185185185185
1 0.6950954861111112 0.6068672839506173 0.0759548611111111 0.37885802469135804
1 0.8049045138888888 0.45524691358024694 0.061197916666666664 0.22993827160493827
0 0.275390625 0.037037037037037035 0.020399305555555556 0.032407407407407406
0 0.28125 0.027777777777777776 0.03211805555555555 0.037037037037037035
0 0.4939236111111111 0.03665123456790124 0.033854166666666664 0.022376543209876542
0 0.6634114583333334 0.13425925925925927 0.0837673611111111 0.06172839506172839
0 0.8114149305555556 0.1840277777777778 0.08550347222222222 0.07175925925925926
0 0.6918402777777778 0.0933641975308642 0.036458333333333336 0.041666666666666664
0 0.7200520833333334 0.12268518518518519 0.03298611111111111 0.05401234567901234