0 0.11979166666666667 0.4340277777777778 0.2387152777777778 0.2708333333333333
0 0.0842013888888889 0.22106481481481483 0.16493055555555555 0.12422839506172839
0 0.5299479166666666 0.08179012345679013 0.04513888888888889 0.041666666666666664
0 0.5338541666666666 0.2692901234567901 0.17274305555555555 0.1527777777777778
0 0.3582899305555556 0.038580246913580245 0.037760416666666664 0.035493827160493825
0 0.4045138888888889 0.04938271604938271 0.034722222222222224 0.035493827160493825
0 0.2810329861111111 0.03973765432098766 0.03342013888888889 0.031635802469135804
0 0.4750434027777778 0.03819444444444445 0.032552083333333336 0.02700617283950617
0 0.6681857638888888 0.09220679012345678 0.05251736111111111 0.06558641975308642
0 0.7777777777777778 0.16859567901234568 0.0703125 0.05941358024691358
1 0.7220052083333334 0.5833333333333334 0.06901041666666667 0.33796296296296297
1 0.6490885416666666 0.7210648148148148 0.14539930555555555 0.43132716049382713
1 0.7254774305555556 0.4359567901234568 0.04470486111111111 0.09104938271604938