0 0.14192708333333334 0.7658179012345679 0.2829861111111111 0.4683641975308642
0 0.3682725694444444 0.2951388888888889 0.1957465277777778 0.18441358024691357
0 0.578125 0.11149691358024691 0.06597222222222222 0.08719135802469136
0 0.375 0.15200617283950618 0.0642361111111111 0.09567901234567901
0 0.3337673611111111 0.02507716049382716 0.034722222222222224 0.02854938271604938
0 0.4016927083333333 0.030864197530864196 0.031684027777777776 0.032407407407407406
0 0.35546875 0.04089506172839506 0.03125 0.032407407407407406
0 0.2608506944444444 0.02816358024691358 0.04600694444444445 0.036265432098765434
0 0.8365885416666666 0.24498456790123457 0.06727430555555555 0.09799382716049383
1 0.7400173611111112 0.4992283950617284 0.07118055555555555 0.30401234567901236
0 0.478515625 0.03819444444444445 0.03602430555555555 0.03009259259259259
0 0.6625434027777778 0.11959876543209877 0.07421875 0.05555555555555555
0 0.6423611111111112 0.2364969135802469 0.1762152777777778 0.16280864197530864
0 0.7452256944444444 0.14390432098765432 0.07899305555555555 0.08564814814814815