0 0.2879774305555556 0.04089506172839506 0.04383680555555555 0.040123456790123455
0 0.21180555555555555 0.5675154320987654 0.4079861111111111 0.44212962962962965
0 0.6338975694444444 0.21682098765432098 0.1254340277777778 0.11882716049382716
0 0.32421875 0.023148148148148147 0.03732638888888889 0.027777777777777776
0 0.2250434027777778 0.040123456790123455 0.04210069444444445 0.029320987654320986
0 0.14344618055555555 0.7716049382716049 0.2860243055555556 0.4567901234567901
0 0.5870225694444444 0.08603395061728394 0.05772569444444445 0.06404320987654322
0 0.7163628472222222 0.16049382716049382 0.09765625 0.07716049382716049
1 0.7953559027777778 0.5061728395061729 0.046440972222222224 0.17592592592592593
1 0.7591145833333334 0.47800925925925924 0.04774305555555555 0.2507716049382716
1 0.7163628472222222 0.4305555555555556 0.04904513888888889 0.23148148148148148
1 0.7315538194444444 0.5189043209876543 0.07421875 0.30169753086419754