0 0.0837673611111111 0.22029320987654322 0.16493055555555555 0.12422839506172839
0 0.2126736111111111 0.04050925925925926 0.04513888888888889 0.04089506172839506
0 0.5206163194444444 0.07908950617283951 0.061197916666666664 0.04552469135802469
0 0.3274739583333333 0.17862654320987653 0.16015625 0.16589506172839505
0 0.4993489583333333 0.1396604938271605 0.055989583333333336 0.07407407407407407
0 0.3350694444444444 0.043209876543209874 0.03819444444444445 0.032407407407407406
0 0.06488715277777778 0.7588734567901234 0.12890625 0.47453703703703703
0 0.8185763888888888 0.1867283950617284 0.11805555555555555 0.19907407407407407
0 0.3576388888888889 0.03780864197530864 0.017361111111111112 0.021604938271604937
0 0.4822048611111111 0.041666666666666664 0.036458333333333336 0.023148148148148147
0 0.6736111111111112 0.18595679012345678 0.0763888888888889 0.1095679012345679
0 0.6558159722222222 0.08564814814814815 0.052083333333333336 0.05864197530864197
1 0.615234375 0.8001543209876543 0.10199652777777778 0.39969135802469136