0 0.14518229166666666 0.7704475308641975 0.2894965277777778 0.4591049382716049
0 0.3947482638888889 0.059799382716049385 0.05859375 0.04552469135802469
0 0.21202256944444445 0.03510802469135803 0.04470486111111111 0.03935185185185185
0 0.3617621527777778 0.03742283950617284 0.06553819444444445 0.0625
0 0.3276909722222222 0.04861111111111111 0.04861111111111111 0.038580246913580245
0 0.3031684027777778 0.038580246913580245 0.03602430555555555 0.033950617283950615
1 0.6499565972222222 0.7326388888888888 0.10112847222222222 0.3757716049382716
1 0.4900173611111111 0.28973765432098764 0.04079861111111111 0.1705246913580247
0 0.24088541666666666 0.03356481481481482 0.021701388888888888 0.02854938271604938
0 0.2658420138888889 0.04359567901234568 0.04991319444444445 0.04089506172839506
0 0.4626736111111111 0.03819444444444445 0.011284722222222222 0.023919753086419752