0 0.04210069444444445 0.2951388888888889 0.08333333333333333 0.18441358024691357
0 0.3734809027777778 0.04128086419753087 0.038628472222222224 0.034722222222222224
0 0.22786458333333334 0.03510802469135803 0.03732638888888889 0.03009259259259259
0 0.3181423611111111 0.044753086419753084 0.051215277777777776 0.040123456790123455
0 0.591796875 0.1878858024691358 0.1427951388888889 0.16589506172839505
0 0.1681857638888889 0.07175925925925926 0.028211805555555556 0.04938271604938271
0 0.8342013888888888 0.18518518518518517 0.07291666666666667 0.06790123456790123
0 0.5162760416666666 0.08989197530864197 0.0881076388888889 0.11805555555555555
0 0.404296875 0.059799382716049385 0.053385416666666664 0.04243827160493827
0 0.4071180555555556 0.03125 0.03125 0.02546296296296296
0 0.1714409722222222 0.03433641975308642 0.027777777777777776 0.02700617283950617
0 0.3487413194444444 0.023919753086419752 0.029079861111111112 0.027777777777777776
1 0.14322916666666666 0.1415895061728395 0.024305555555555556 0.08873456790123457
0 0.04383680555555555 0.21875 0.08333333333333333 0.08256172839506173
0 0.2478298611111111 0.024691358024691357 0.016493055555555556 0.029320987654320986
0 0.3194444444444444 0.025848765432098766 0.043402777777777776 0.033179012345679014
0 0.4680989583333333 0.034722222222222224 0.017795138888888888 0.032407407407407406
0 0.4865451388888889 0.04089506172839506 0.026909722222222224 0.029320987654320986
0 0.6438802083333334 0.08873456790123457 0.05164930555555555 0.08796296296296297
0 0.7139756944444444 0.12345679012345678 0.11371527777777778 0.10802469135802469