0 0.4967447916666667 0.2523148148148148 0.17578125 0.14660493827160495
0 0.8307291666666666 0.19020061728395063 0.07378472222222222 0.07330246913580248
0 0.7426215277777778 0.16782407407407407 0.09635416666666667 0.07484567901234568
0 0.2287326388888889 0.03780864197530864 0.044270833333333336 0.033950617283950615
0 0.3315972222222222 0.03780864197530864 0.03211805555555555 0.030864197530864196
0 0.6167534722222222 0.10841049382716049 0.052083333333333336 0.05787037037037037
0 0.4112413194444444 0.05131172839506173 0.04296875 0.034722222222222224
0 0.018012152777777776 0.32677469135802467 0.03515625 0.19830246913580246
0 0.2827690972222222 0.04436728395061729 0.038628472222222224 0.03009259259259259
0 0.3062065972222222 0.02662037037037037 0.032552083333333336 0.02546296296296296
0 0.17881944444444445 0.03742283950617284 0.03732638888888889 0.03009259259259259
0 0.5564236111111112 0.0798611111111111 0.041666666666666664 0.05478395061728395
0 0.6499565972222222 0.14467592592592593 0.06380208333333333 0.06712962962962964
1 0.3780381944444444 0.9155092592592593 0.12065972222222222 0.16898148148148148
1 0.5750868055555556 0.9297839506172839 0.10850694444444445 0.1404320987654321
0 0.19444444444444445 0.019675925925925927 0.0703125 0.036265432098765434
0 0.3591579861111111 0.03356481481481482 0.022135416666666668 0.02854938271604938
0 0.3784722222222222 0.03973765432098766 0.03211805555555555 0.036265432098765434
0 0.3999565972222222 0.027777777777777776 0.03689236111111111 0.032407407407407406
0 0.4728732638888889 0.06442901234567901 0.032552083333333336 0.04089506172839506
0 0.5049913194444444 0.09606481481481481 0.06032986111111111 0.10416666666666667
0 0.728515625 0.11535493827160494 0.039496527777777776 0.0470679012345679
0 0.8552517361111112 0.2619598765432099 0.029947916666666668 0.1550925925925926