0 0.333984375 0.19637345679012347 0.14192708333333334 0.15046296296296297
0 0.1957465277777778 0.6149691358024691 0.390625 0.38271604938271603
0 0.10655381944444445 0.28433641975308643 0.1957465277777778 0.21064814814814814
0 0.3938802083333333 0.03433641975308642 0.029947916666666668 0.03780864197530864
0 0.3031684027777778 0.02854938271604938 0.03342013888888889 0.023148148148148147
0 0.5041232638888888 0.07368827160493827 0.045572916666666664 0.04398148148148148
0 0.6297743055555556 0.10146604938271606 0.06684027777777778 0.04552469135802469
0 0.06944444444444445 0.22646604938271606 0.11197916666666667 0.11651234567901235
0 0.2654079861111111 0.03665123456790124 0.038628472222222224 0.034722222222222224
0 0.4772135416666667 0.07253086419753087 0.04296875 0.04938271604938271
0 0.4869791666666667 0.03780864197530864 0.036458333333333336 0.021604938271604937
0 0.6749131944444444 0.1087962962962963 0.029513888888888888 0.033950617283950615
1 0.2016059027777778 0.11651234567901235 0.016927083333333332 0.06944444444444445
1 0.5036892361111112 0.2943672839506173 0.040364583333333336 0.17978395061728394
1 0.5180121527777778 0.626929012345679 0.0724826388888889 0.36651234567901236
1 0.8059895833333334 0.4216820987654321 0.06076388888888889 0.22145061728395063
1 0.8298611111111112 0.439429012345679 0.06684027777777778 0.21373456790123457