0 0.2202690972222222 0.08526234567901235 0.06553819444444445 0.06867283950617284
0 0.1430121527777778 0.7727623456790124 0.28515625 0.45447530864197533
0 0.3461371527777778 0.05131172839506173 0.05251736111111111 0.03935185185185185
0 0.5842013888888888 0.08796296296296297 0.06597222222222222 0.05246913580246913
0 0.6703559027777778 0.10146604938271606 0.038628472222222224 0.04398148148148148
0 0.3845486111111111 0.03510802469135803 0.041666666666666664 0.02854938271604938
0 0.4871961805555556 0.07407407407407407 0.045572916666666664 0.043209876543209874
0 0.8485243055555556 0.2006172839506173 0.04774305555555555 0.05864197530864197
0 0.23958333333333334 0.027391975308641976 0.06076388888888889 0.0470679012345679
1 0.1896701388888889 0.2658179012345679 0.0390625 0.15817901234567902
1 0.2224392361111111 0.251929012345679 0.037760416666666664 0.15354938271604937
0 0.2565104166666667 0.04128086419753087 0.04774305555555555 0.04089506172839506
0 0.6868489583333334 0.21180555555555555 0.1306423611111111 0.13194444444444445
0 0.7261284722222222 0.11496913580246913 0.035590277777777776 0.05709876543209876