0 0.14322916666666666 0.7708333333333334 0.2855902777777778 0.4583333333333333
0 0.21158854166666666 0.03433641975308642 0.04470486111111111 0.036265432098765434
0 0.3608940972222222 0.03973765432098766 0.06640625 0.06867283950617284
0 0.3287760416666667 0.04976851851851852 0.05164930555555555 0.04243827160493827
1 0.6371527777777778 0.7488425925925926 0.09461805555555555 0.5023148148148148
1 0.6716579861111112 0.7719907407407407 0.0646701388888889 0.21682098765432098
1 0.5093315972222222 0.8109567901234568 0.10460069444444445 0.37808641975308643
1 0.23697916666666666 0.1257716049382716 0.019965277777777776 0.09104938271604938
0 0.24088541666666666 0.033950617283950615 0.021701388888888888 0.033950617283950615
0 0.2658420138888889 0.04282407407407408 0.047309027777777776 0.03935185185185185
0 0.3023003472222222 0.03819444444444445 0.03602430555555555 0.033179012345679014
0 0.4090711805555556 0.027777777777777776 0.031684027777777776 0.04938271604938271
0 0.8587239583333334 0.19367283950617284 0.028211805555555556 0.044753086419753084