0 0.2146267361111111 0.5648148148148148 0.4066840277777778 0.4351851851851852
0 0.5327690972222222 0.08487654320987655 0.06553819444444445 0.04938271604938271
0 0.3231336805555556 0.05015432098765432 0.046440972222222224 0.037037037037037035
0 0.22330729166666666 0.03973765432098766 0.046440972222222224 0.03009259259259259
0 0.3624131944444444 0.038580246913580245 0.029513888888888888 0.029320987654320986
0 0.3984375 0.046296296296296294 0.036458333333333336 0.033950617283950615
0 0.2786458333333333 0.04205246913580247 0.022569444444444444 0.036265432098765434
0 0.1408420138888889 0.7689043209876543 0.2808159722222222 0.46219135802469136
0 0.8129340277777778 0.30362654320987653 0.10416666666666667 0.1566358024691358
0 0.3463541666666667 0.024691358024691357 0.03211805555555555 0.020061728395061727
0 0.2986111111111111 0.03125 0.03298611111111111 0.023919753086419752
0 0.6614583333333334 0.14699074074074073 0.06944444444444445 0.06095679012345679
1 0.04578993055555555 0.5119598765432098 0.061197916666666664 0.23070987654320987