0 0.21202256944444445 0.5702160493827161 0.4144965277777778 0.41203703703703703
0 0.3836805555555556 0.13464506172839505 0.09114583333333333 0.09182098765432099
0 0.5082465277777778 0.11265432098765432 0.06510416666666667 0.0787037037037037
0 0.1851128472222222 0.0775462962962963 0.05772569444444445 0.0470679012345679
0 0.2456597222222222 0.19251543209876543 0.19010416666666666 0.15046296296296297
0 0.3582899305555556 0.03896604938271605 0.037760416666666664 0.033179012345679014
0 0.18272569444444445 0.32021604938271603 0.2673611111111111 0.15123456790123457
0 0.2345920138888889 0.03935185185185185 0.03342013888888889 0.035493827160493825
0 0.14344618055555555 0.7708333333333334 0.2860243055555556 0.4583333333333333
0 0.3322482638888889 0.03009259259259259 0.018663194444444444 0.029320987654320986
0 0.7528211805555556 0.2040895061728395 0.09418402777777778 0.08873456790123457
1 0.05685763888888889 0.23919753086419754 0.03211805555555555 0.13580246913580246