0 0.08984375 0.2199074074074074 0.1527777777777778 0.125
0 0.3663194444444444 0.05864197530864197 0.058159722222222224 0.041666666666666664
0 0.19010416666666666 0.6041666666666666 0.3784722222222222 0.41358024691358025
0 0.1955295138888889 0.08526234567901235 0.053385416666666664 0.0470679012345679
0 0.16731770833333334 0.05864197530864197 0.025607638888888888 0.035493827160493825
0 0.3480902777777778 0.03125 0.03298611111111111 0.02700617283950617
0 0.4064670138888889 0.03202160493827161 0.03342013888888889 0.036265432098765434
0 0.4969618055555556 0.04089506172839506 0.03125 0.023148148148148147
0 0.8565538194444444 0.18557098765432098 0.03342013888888889 0.05169753086419753
0 0.6671006944444444 0.1087962962962963 0.03819444444444445 0.041666666666666664
0 0.7267795138888888 0.13618827160493827 0.06380208333333333 0.05632716049382716
1 0.3797743055555556 0.7716049382716049 0.1171875 0.41358024691358025
1 0.4735243055555556 0.2962962962962963 0.027777777777777776 0.16820987654320987