0 0.1953125 0.6095679012345679 0.3897569444444444 0.4012345679012346
0 0.09092881944444445 0.22029320987654322 0.1540798611111111 0.12422839506172839
0 0.5859375 0.09953703703703703 0.0685763888888889 0.09876543209876543
0 0.8296440972222222 0.3128858024691358 0.06640625 0.10570987654320987
0 0.1677517361111111 0.0763888888888889 0.02734375 0.043209876543209874
0 0.5021701388888888 0.037037037037037035 0.029513888888888888 0.023148148148148147
0 0.4086371527777778 0.04128086419753087 0.028211805555555556 0.03935185185185185
0 0.6571180555555556 0.10532407407407407 0.029513888888888888 0.04398148148148148
1 0.2912326388888889 0.2052469135802469 0.026909722222222224 0.1404320987654321
1 0.3142361111111111 0.20717592592592593 0.026041666666666668 0.13194444444444445
1 0.4644097222222222 0.8514660493827161 0.13194444444444445 0.2970679012345679