0 0.2241753472222222 0.08256172839506173 0.06032986111111111 0.05092592592592592
0 0.1957465277777778 0.6049382716049383 0.390625 0.4074074074074074
0 0.09092881944444445 0.22029320987654322 0.15321180555555555 0.12268518518518519
0 0.3361545138888889 0.02970679012345679 0.040364583333333336 0.03009259259259259
0 0.3932291666666667 0.04861111111111111 0.0390625 0.033950617283950615
0 0.6085069444444444 0.11072530864197531 0.050347222222222224 0.05324074074074074
0 0.3973524305555556 0.1419753086419753 0.054253472222222224 0.07716049382716049
0 0.20768229166666666 0.027391975308641976 0.032552083333333336 0.04398148148148148
0 0.7719184027777778 0.1574074074074074 0.048177083333333336 0.04938271604938271
0 0.474609375 0.03279320987654321 0.031684027777777776 0.03935185185185185
1 0.3140190972222222 0.21219135802469136 0.025607638888888888 0.13117283950617284