0 0.2677951388888889 0.10262345679012345 0.07118055555555555 0.06635802469135803
0 0.3509114583333333 0.18287037037037038 0.09244791666666667 0.11265432098765432
0 0.4952256944444444 0.07407407407407407 0.044270833333333336 0.041666666666666664
0 0.2126736111111111 0.5667438271604939 0.4140625 0.41898148148148145
0 0.3526475694444444 0.057484567901234566 0.06032986111111111 0.03935185185185185
0 0.5677083333333334 0.08603395061728394 0.059895833333333336 0.04552469135802469
0 0.6009114583333334 0.1087962962962963 0.05251736111111111 0.05401234567901234
0 0.4774305555555556 0.03935185185185185 0.042534722222222224 0.027777777777777776
0 0.2055121527777778 0.04513888888888889 0.03342013888888889 0.031635802469135804
0 0.14388020833333334 0.7739197530864198 0.2868923611111111 0.44598765432098764
0 0.1697048611111111 0.08101851851851852 0.024305555555555556 0.04938271604938271
0 0.2365451388888889 0.040123456790123455 0.028645833333333332 0.026234567901234566
0 0.2860243055555556 0.04436728395061729 0.036458333333333336 0.03780864197530864
0 0.3135850694444444 0.03973765432098766 0.017795138888888888 0.03935185185185185
0 0.23111979166666666 0.015817901234567902 0.05078125 0.02700617283950617
0 0.330078125 0.033950617283950615 0.018663194444444444 0.026234567901234566
0 0.8344184027777778 0.3167438271604938 0.06553819444444445 0.12114197530864197
0 0.6605902777777778 0.2175925925925926 0.13368055555555555 0.13117283950617284
1 0.6790364583333334 0.716820987654321 0.1879340277777778 0.44753086419753085
1 0.7052951388888888 0.5547839506172839 0.033854166666666664 0.13117283950617284
1 0.7682291666666666 0.42824074074074076 0.057291666666666664 0.23765432098765432
1 0.7816840277777778 0.38657407407407407 0.030381944444444444 0.22993827160493827