0 0.1449652777777778 0.7700617283950617 0.2890625 0.45987654320987653
0 0.3563368055555556 0.11033950617283951 0.08246527777777778 0.07253086419753087
0 0.5633680555555556 0.08757716049382716 0.06770833333333333 0.05169753086419753
0 0.2888454861111111 0.04089506172839506 0.045572916666666664 0.038580246913580245
0 0.2287326388888889 0.04050925925925926 0.042534722222222224 0.033179012345679014
0 0.3292100694444444 0.03202160493827161 0.022135416666666668 0.02546296296296296
0 0.3747829861111111 0.05709876543209876 0.053385416666666664 0.037037037037037035
0 0.4027777777777778 0.04513888888888889 0.027777777777777776 0.02700617283950617
0 0.513671875 0.07291666666666667 0.029947916666666668 0.05015432098765432
1 0.3148871527777778 0.16242283950617284 0.029079861111111112 0.10262345679012345
0 0.3580729166666667 0.037037037037037035 0.03211805555555555 0.035493827160493825
0 0.4670138888888889 0.037037037037037035 0.018229166666666668 0.027777777777777776
0 0.4772135416666667 0.07214506172839506 0.040364583333333336 0.05169753086419753
0 0.65625 0.13580246913580246 0.0685763888888889 0.08487654320987655
0 0.8111979166666666 0.16396604938271606 0.08506944444444445 0.08719135802469136
0 0.8628472222222222 0.20871913580246915 0.0234375 0.05015432098765432