0 0.2113715277777778 0.5698302469135802 0.4192708333333333 0.41280864197530864
0 0.2897135416666667 0.030478395061728395 0.038628472222222224 0.02854938271604938
0 0.3576388888888889 0.040123456790123455 0.03732638888888889 0.032407407407407406
0 0.5225694444444444 0.0775462962962963 0.05555555555555555 0.04398148148148148
0 0.19661458333333334 0.2908950617283951 0.3081597222222222 0.2222222222222222
0 0.24110243055555555 0.04089506172839506 0.048177083333333336 0.040123456790123455
0 0.3934461805555556 0.12808641975308643 0.04123263888888889 0.07098765432098765
0 0.4118923611111111 0.04976851851851852 0.029513888888888888 0.02854938271604938
0 0.04991319444444445 0.28587962962962965 0.09895833333333333 0.21064814814814814
0 0.6169704861111112 0.25733024691358025 0.16883680555555555 0.13348765432098766
0 0.8170572916666666 0.19444444444444445 0.0959201388888889 0.07407407407407407
0 0.14344618055555555 0.7696759259259259 0.2860243055555556 0.46064814814814814
0 0.3891059027777778 0.025848765432098766 0.04123263888888889 0.04089506172839506
0 0.4756944444444444 0.041666666666666664 0.034722222222222224 0.023148148148148147
0 0.69140625 0.12307098765432099 0.0642361111111111 0.0625
1 0.6436631944444444 0.6408179012345679 0.08333333333333333 0.39737654320987653