0 0.5594618055555556 0.1863425925925926 0.1171875 0.10570987654320987
0 0.21006944444444445 0.5648148148148148 0.4192708333333333 0.41203703703703703
0 0.2918836805555556 0.03973765432098766 0.04383680555555555 0.031635802469135804
0 0.373046875 0.043209876543209874 0.03689236111111111 0.030864197530864196
0 0.3439670138888889 0.032407407407407406 0.029079861111111112 0.026234567901234566
0 0.5609809027777778 0.08101851851851852 0.0681423611111111 0.06018518518518518
0 0.3988715277777778 0.05709876543209876 0.033854166666666664 0.029320987654320986
0 0.015407986111111112 0.33564814814814814 0.029947916666666668 0.19290123456790123
0 0.7814670138888888 0.27546296296296297 0.1723090277777778 0.15123456790123457
0 0.14322916666666666 0.7758487654320988 0.2855902777777778 0.44830246913580246
0 0.8302951388888888 0.1867283950617284 0.06684027777777778 0.06635802469135803
1 0.07660590277777778 0.1712962962962963 0.016059027777777776 0.07716049382716049
1 0.6351996527777778 0.720679012345679 0.0959201388888889 0.45524691358024694