0 0.3661024305555556 0.1736111111111111 0.12369791666666667 0.12654320987654322
0 0.04123263888888889 0.24305555555555555 0.08159722222222222 0.13117283950617284
0 0.22916666666666666 0.08179012345679013 0.06770833333333333 0.07407407407407407
0 0.369140625 0.05478395061728395 0.05772569444444445 0.043209876543209874
0 0.5412326388888888 0.08680555555555555 0.09027777777777778 0.11188271604938271
0 0.2799479166666667 0.02546296296296296 0.03211805555555555 0.029320987654320986
0 0.3376736111111111 0.027777777777777776 0.0390625 0.032407407407407406
0 0.4006076388888889 0.030864197530864196 0.041666666666666664 0.040123456790123455
1 0.8172743055555556 0.42322530864197533 0.0546875 0.24305555555555555
1 0.14713541666666666 0.1431327160493827 0.014756944444444444 0.09182098765432099
1 0.12782118055555555 0.15200617283950618 0.017795138888888888 0.08024691358024691
1 0.09049479166666667 0.1597222222222222 0.018663194444444444 0.10185185185185185
0 0.1684027777777778 0.037037037037037035 0.025173611111111112 0.030864197530864196
0 0.2124565972222222 0.03665123456790124 0.04470486111111111 0.036265432098765434
0 0.2836371527777778 0.044753086419753084 0.039496527777777776 0.038580246913580245
0 0.3804253472222222 0.03973765432098766 0.030815972222222224 0.031635802469135804
0 0.4652777777777778 0.055169753086419755 0.012152777777777778 0.02700617283950617
0 0.4798177083333333 0.03819444444444445 0.03602430555555555 0.033179012345679014
0 0.4932725694444444 0.07947530864197531 0.04210069444444445 0.05709876543209876
0 0.640625 0.11033950617283951 0.07118055555555555 0.06327160493827161
0 0.7747395833333334 0.1419753086419753 0.10416666666666667 0.11419753086419752
0 0.7191840277777778 0.11651234567901235 0.029513888888888888 0.05864197530864197