0 0.1948784722222222 0.6122685185185185 0.3888888888888889 0.3896604938271605
0 0.07899305555555555 0.3279320987654321 0.15711805555555555 0.1867283950617284
0 0.5347222222222222 0.27469135802469136 0.1684027777777778 0.14969135802469136
0 0.2936197916666667 0.21489197530864199 0.20442708333333334 0.2013888888888889
0 0.08854166666666667 0.21180555555555555 0.1467013888888889 0.09645061728395062
0 0.4509548611111111 0.12924382716049382 0.0859375 0.13194444444444445
0 0.3645833333333333 0.024691358024691357 0.08506944444444445 0.047839506172839504
0 0.4674479166666667 0.038580246913580245 0.019097222222222224 0.021604938271604937
0 0.5065104166666666 0.04089506172839506 0.028645833333333332 0.015432098765432098
0 0.7575954861111112 0.16512345679012347 0.05772569444444445 0.05555555555555555
0 0.8589409722222222 0.20910493827160495 0.026041666666666668 0.038580246913580245
1 0.5861545138888888 0.8298611111111112 0.11848958333333333 0.3402777777777778
1 0.6974826388888888 0.46141975308641975 0.059895833333333336 0.26080246913580246
1 0.7975260416666666 0.4417438271604938 0.055989583333333336 0.2337962962962963
1 0.1410590277777778 0.13271604938271606 0.018229166666666668 0.06327160493827161