0 0.19444444444444445 0.6118827160493827 0.3880208333333333 0.3904320987654321
0 0.3901909722222222 0.28125 0.2170138888888889 0.2013888888888889
0 0.5266927083333334 0.17476851851851852 0.11067708333333333 0.10570987654320987
0 0.06597222222222222 0.3287037037037037 0.1310763888888889 0.18055555555555555
0 0.0900607638888889 0.21373456790123457 0.1480034722222222 0.10648148148148148
0 0.21484375 0.043209876543209874 0.04774305555555555 0.035493827160493825
0 0.28515625 0.04128086419753087 0.046875 0.04089506172839506
0 0.341796875 0.058256172839506175 0.05164930555555555 0.03780864197530864
0 0.5909288194444444 0.09953703703703703 0.0681423611111111 0.047839506172839504
0 0.4965277777777778 0.08179012345679013 0.046875 0.04938271604938271
0 0.6564670138888888 0.10069444444444445 0.039496527777777776 0.04243827160493827
0 0.5364583333333334 0.08333333333333333 0.04513888888888889 0.047839506172839504
0 0.4921875 0.03973765432098766 0.03298611111111111 0.03009259259259259
0 0.4077690972222222 0.06597222222222222 0.03515625 0.03780864197530864
0 0.3856336805555556 0.053626543209876545 0.03689236111111111 0.03009259259259259
0 0.3878038194444444 0.034722222222222224 0.030815972222222224 0.018518518518518517
0 0.5711805555555556 0.07561728395061729 0.03993055555555555 0.024691358024691357
0 0.3389756944444444 0.03125 0.041666666666666664 0.014660493827160493
0 0.7686631944444444 0.16126543209876543 0.050347222222222224 0.044753086419753084
0 0.7059461805555556 0.1697530864197531 0.039496527777777776 0.07561728395061729
1 0.7224392361111112 0.5065586419753086 0.07682291666666667 0.2847222222222222