0 0.1443142361111111 0.7658179012345679 0.2877604166666667 0.4683641975308642
0 0.5631510416666666 0.08487654320987655 0.055121527777777776 0.046296296296296294
0 0.21397569444444445 0.036265432098765434 0.046875 0.032407407407407406
0 0.4756944444444444 0.06828703703703703 0.034722222222222224 0.04243827160493827
0 0.4051649305555556 0.058256172839506175 0.047309027777777776 0.04089506172839506
0 0.3079427083333333 0.03780864197530864 0.04210069444444445 0.032407407407407406
1 0.7189670138888888 0.5470679012345679 0.0724826388888889 0.3441358024691358
0 0.2565104166666667 0.03356481481481482 0.03819444444444445 0.033179012345679014
0 0.2719184027777778 0.04089506172839506 0.046440972222222224 0.033950617283950615
0 0.2907986111111111 0.022376543209876542 0.03298611111111111 0.024691358024691357
0 0.3656684027777778 0.03433641975308642 0.12630208333333334 0.06712962962962964
0 0.4772135416666667 0.03742283950617284 0.040364583333333336 0.036265432098765434
0 0.533203125 0.02507716049382716 0.05859375 0.04089506172839506
0 0.697265625 0.1423611111111111 0.0802951388888889 0.0625
0 0.6783854166666666 0.10725308641975309 0.036458333333333336 0.040123456790123455
0 0.7254774305555556 0.09567901234567901 0.03428819444444445 0.035493827160493825