0 0.3504774305555556 0.17785493827160495 0.09244791666666667 0.1087962962962963
0 0.14388020833333334 0.7700617283950617 0.2868923611111111 0.45987654320987653
0 0.5295138888888888 0.07561728395061729 0.08159722222222222 0.07561728395061729
0 0.3098958333333333 0.04552469135802469 0.04513888888888889 0.037037037037037035
0 0.2599826388888889 0.09066358024691358 0.07291666666666667 0.06404320987654322
0 0.22526041666666666 0.03819444444444445 0.04513888888888889 0.033179012345679014
0 0.3990885416666667 0.04282407407407408 0.03689236111111111 0.036265432098765434
0 0.6414930555555556 0.10030864197530864 0.043402777777777776 0.05709876543209876
0 0.2805989583333333 0.03009259259259259 0.032552083333333336 0.035493827160493825
1 0.1677517361111111 0.13618827160493827 0.015190972222222222 0.08101851851851852
0 0.501953125 0.036265432098765434 0.029079861111111112 0.024691358024691357
0 0.6885850694444444 0.16358024691358025 0.07074652777777778 0.08179012345679013
0 0.6998697916666666 0.11574074074074074 0.03689236111111111 0.047839506172839504
0 0.8617621527777778 0.2550154320987654 0.020399305555555556 0.06867283950617284