0 0.11241319444444445 0.26774691358024694 0.2092013888888889 0.22376543209876543
0 0.5581597222222222 0.11574074074074074 0.05555555555555555 0.06172839506172839
0 0.036675347222222224 0.2349537037037037 0.0724826388888889 0.11651234567901235
0 0.3825954861111111 0.04976851851851852 0.047309027777777776 0.03935185185185185
0 0.20985243055555555 0.0763888888888889 0.0646701388888889 0.06481481481481481
0 0.3331163194444444 0.023148148148148147 0.025607638888888888 0.018518518518518517
0 0.4019097222222222 0.03279320987654321 0.03125 0.02854938271604938
0 0.2126736111111111 0.02816358024691358 0.033854166666666664 0.02700617283950617
0 0.8031684027777778 0.18171296296296297 0.08984375 0.07484567901234568
0 0.6184895833333334 0.12654320987654322 0.044270833333333336 0.07407407407407407
0 0.2751736111111111 0.031635802469135804 0.026041666666666668 0.041666666666666664
1 0.4921875 0.2924382716049383 0.036458333333333336 0.1728395061728395
0 0.23350694444444445 0.03819444444444445 0.04774305555555555 0.03935185185185185
0 0.2934027777777778 0.02700617283950617 0.017361111111111112 0.035493827160493825
0 0.3428819444444444 0.03896604938271605 0.03732638888888889 0.036265432098765434
0 0.3598090277777778 0.03125 0.0234375 0.03009259259259259
0 0.4904513888888889 0.03896604938271605 0.03819444444444445 0.02700617283950617
0 0.6553819444444444 0.10532407407407407 0.03732638888888889 0.04552469135802469
0 0.6844618055555556 0.1076388888888889 0.03211805555555555 0.04552469135802469
0 0.70703125 0.16512345679012347 0.06163194444444445 0.0787037037037037
0 0.7931857638888888 0.13348765432098766 0.05946180555555555 0.05709876543209876