0 0.09027777777777778 0.2199074074074074 0.1545138888888889 0.12345679012345678
0 0.3372395833333333 0.2966820987654321 0.19010416666666666 0.1875
0 0.3185763888888889 0.03125 0.041666666666666664 0.033179012345679014
0 0.18033854166666666 0.6053240740740741 0.3598090277777778 0.4066358024691358
0 0.2779947916666667 0.043209876543209874 0.055989583333333336 0.043209876543209874
0 0.3706597222222222 0.02816358024691358 0.03211805555555555 0.02546296296296296
0 0.8391927083333334 0.3283179012345679 0.04470486111111111 0.09490740740740741
0 0.4761284722222222 0.04205246913580247 0.042534722222222224 0.034722222222222224
0 0.599609375 0.14969135802469136 0.06640625 0.06635802469135803
0 0.8357204861111112 0.17785493827160495 0.06293402777777778 0.06095679012345679
0 0.6803385416666666 0.10648148148148148 0.02734375 0.040123456790123455
1 0.3815104166666667 0.6666666666666666 0.10069444444444445 0.44907407407407407
1 0.5525173611111112 0.7824074074074074 0.09461805555555555 0.4351851851851852
1 0.6302083333333334 0.6435185185185185 0.08072916666666667 0.3966049382716049
1 0.7113715277777778 0.6705246913580247 0.07465277777777778 0.3626543209876543
1 0.6842447916666666 0.3819444444444444 0.053385416666666664 0.2037037037037037