0 0.2703993055555556 0.08063271604938271 0.06597222222222222 0.05787037037037037
0 0.14322916666666666 0.7700617283950617 0.2855902777777778 0.45987654320987653
0 0.2152777777777778 0.034722222222222224 0.04774305555555555 0.035493827160493825
0 0.3880208333333333 0.030864197530864196 0.03211805555555555 0.033950617283950615
0 0.2591145833333333 0.03356481481481482 0.041666666666666664 0.034722222222222224
0 0.6493055555555556 0.13310185185185186 0.041666666666666664 0.04552469135802469
1 0.6636284722222222 0.6315586419753086 0.09895833333333333 0.3680555555555556
0 0.16861979166666666 0.033179012345679014 0.025607638888888888 0.038580246913580245
0 0.5373263888888888 0.027777777777777776 0.04861111111111111 0.040123456790123455
0 0.6208767361111112 0.09297839506172839 0.0646701388888889 0.04089506172839506
0 0.6605902777777778 0.20023148148148148 0.19270833333333334 0.2183641975308642
0 0.6809895833333334 0.09027777777777778 0.046875 0.06018518518518518
0 0.7217881944444444 0.11072530864197531 0.036458333333333336 0.05787037037037037
0 0.7456597222222222 0.1427469135802469 0.051215277777777776 0.05246913580246913
0 0.84765625 0.30864197530864196 0.03298611111111111 0.10648148148148148