0 0.51171875 0.07947530864197531 0.06076388888888889 0.046296296296296294
0 0.2124565972222222 0.5671296296296297 0.4118923611111111 0.4212962962962963
0 0.21375868055555555 0.04050925925925926 0.04383680555555555 0.034722222222222224
0 0.2760416666666667 0.043209876543209874 0.021701388888888888 0.030864197530864196
0 0.3185763888888889 0.05131172839506173 0.04600694444444445 0.031635802469135804
0 0.1427951388888889 0.7716049382716049 0.2847222222222222 0.4567901234567901
0 0.3285590277777778 0.03125 0.043402777777777776 0.02700617283950617
0 0.3873697916666667 0.055169753086419755 0.055121527777777776 0.05478395061728395
0 0.3736979166666667 0.03125 0.04079861111111111 0.05324074074074074
0 0.638671875 0.09375 0.038628472222222224 0.06867283950617284
0 0.7313368055555556 0.2673611111111111 0.15885416666666666 0.15200617283950618
1 0.6616753472222222 0.6612654320987654 0.11588541666666667 0.3395061728395062
1 0.009982638888888888 0.24074074074074073 0.019097222222222224 0.12037037037037036