0 0.21223958333333334 0.5667438271604939 0.4149305555555556 0.4236111111111111
0 0.5212673611111112 0.0779320987654321 0.058159722222222224 0.041666666666666664
0 0.3062065972222222 0.04822530864197531 0.045572916666666664 0.03780864197530864
0 0.3719618055555556 0.06172839506172839 0.050347222222222224 0.035493827160493825
0 0.4752604166666667 0.03587962962962963 0.03125 0.02546296296296296
0 0.3990885416666667 0.03433641975308642 0.030815972222222224 0.02546296296296296
0 0.23546006944444445 0.04050925925925926 0.031684027777777776 0.033179012345679014
0 0.1430121527777778 0.7743055555555556 0.28515625 0.4513888888888889
0 0.7465277777777778 0.2631172839506173 0.16666666666666666 0.17901234567901234
0 0.2747395833333333 0.04050925925925926 0.012152777777777778 0.031635802469135804
0 0.3385416666666667 0.03009259259259259 0.034722222222222224 0.033950617283950615
0 0.3721788194444444 0.037037037037037035 0.04296875 0.026234567901234566
0 0.8322482638888888 0.16782407407407407 0.0881076388888889 0.11651234567901235
0 0.6551649305555556 0.12422839506172839 0.0837673611111111 0.07098765432098765
1 0.6356336805555556 0.7469135802469136 0.0993923611111111 0.470679012345679
1 0.8270399305555556 0.4506172839506173 0.05859375 0.21604938271604937