0 0.22265625 0.21875 0.203125 0.1550925925925926
0 0.5594618055555556 0.08487654320987655 0.06684027777777778 0.05092592592592592
0 0.21202256944444445 0.5679012345679012 0.4162326388888889 0.4212962962962963
0 0.3179253472222222 0.04128086419753087 0.04383680555555555 0.031635802469135804
0 0.3569878472222222 0.05632716049382716 0.05078125 0.035493827160493825
0 0.21614583333333334 0.04243827160493827 0.044270833333333336 0.033950617283950615
0 0.2840711805555556 0.04398148148148148 0.032552083333333336 0.032407407407407406
0 0.4055989583333333 0.03510802469135803 0.026475694444444444 0.02546296296296296
0 0.14344618055555555 0.7708333333333334 0.2860243055555556 0.4583333333333333
0 0.2606336805555556 0.030864197530864196 0.04991319444444445 0.043209876543209874
0 0.4741753472222222 0.0625 0.031684027777777776 0.04938271604938271
0 0.6631944444444444 0.10300925925925926 0.04079861111111111 0.05478395061728395
0 0.3776041666666667 0.03433641975308642 0.019965277777777776 0.02854938271604938
1 0.2873263888888889 0.2681327160493827 0.0390625 0.15046296296296297