0 0.14322916666666666 0.7704475308641975 0.2855902777777778 0.4591049382716049
0 0.5364583333333334 0.07947530864197531 0.051215277777777776 0.05092592592592592
0 0.3203125 0.0466820987654321 0.05555555555555555 0.04089506172839506
0 0.17881944444444445 0.037037037037037035 0.0390625 0.030864197530864196
0 0.2517361111111111 0.03742283950617284 0.050347222222222224 0.036265432098765434
0 0.6692708333333334 0.10493827160493827 0.034722222222222224 0.037037037037037035
0 0.2825520833333333 0.024691358024691357 0.03125 0.026234567901234566
0 0.4123263888888889 0.06520061728395062 0.0390625 0.033179012345679014
0 0.8517795138888888 0.19135802469135801 0.04123263888888889 0.06018518518518518
1 0.8337673611111112 0.44483024691358025 0.0546875 0.21219135802469136
0 0.3016493055555556 0.038580246913580245 0.041666666666666664 0.033950617283950615
0 0.3608940972222222 0.034722222222222224 0.11762152777777778 0.06327160493827161
0 0.4704861111111111 0.05941358024691358 0.024305555555555556 0.040123456790123455
0 0.4839409722222222 0.03510802469135803 0.035590277777777776 0.031635802469135804
0 0.5390625 0.024305555555555556 0.049479166666666664 0.03009259259259259
0 0.7256944444444444 0.14429012345679013 0.08333333333333333 0.07407407407407407
0 0.7039930555555556 0.10146604938271606 0.03125 0.04243827160493827