0 0.1440972222222222 0.748070987654321 0.2873263888888889 0.503858024691358
0 0.21354166666666666 0.03665123456790124 0.04600694444444445 0.031635802469135804
0 0.5672743055555556 0.09606481481481481 0.07378472222222222 0.05632716049382716
0 0.4839409722222222 0.07021604938271606 0.052083333333333336 0.041666666666666664
0 0.8524305555555556 0.2820216049382716 0.03993055555555555 0.13348765432098766
0 0.3185763888888889 0.04128086419753087 0.03732638888888889 0.031635802469135804
0 0.2797309027777778 0.04282407407407408 0.04210069444444445 0.033179012345679014
0 0.7966579861111112 0.17592592592592593 0.08463541666666667 0.07098765432098765
0 0.2942708333333333 0.02546296296296296 0.030381944444444444 0.023148148148148147
1 0.8016493055555556 0.43209876543209874 0.06597222222222222 0.2330246913580247
0 0.8337673611111112 0.1716820987654321 0.043402777777777776 0.07021604938271606
0 0.6497395833333334 0.11265432098765432 0.0642361111111111 0.05709876543209876
0 0.7102864583333334 0.10339506172839506 0.022135416666666668 0.033950617283950615
0 0.75390625 0.10030864197530864 0.021701388888888888 0.037037037037037035
0 0.5232204861111112 0.02816358024691358 0.05859375 0.036265432098765434
0 0.3726128472222222 0.035493827160493825 0.12456597222222222 0.06790123456790123
0 0.2571614583333333 0.031635802469135804 0.037760416666666664 0.038580246913580245