0 0.3689236111111111 0.16512345679012347 0.08506944444444445 0.14660493827160495
0 0.3138020833333333 0.03433641975308642 0.03298611111111111 0.033179012345679014
0 0.212890625 0.5706018518518519 0.4118923611111111 0.44521604938271603
0 0.3791232638888889 0.032407407407407406 0.028211805555555556 0.040123456790123455
0 0.3483072916666667 0.040123456790123455 0.038628472222222224 0.032407407407407406
0 0.2191840277777778 0.08719135802469136 0.06076388888888889 0.05709876543209876
0 0.22981770833333334 0.04359567901234568 0.037760416666666664 0.033179012345679014
0 0.2582465277777778 0.033179012345679014 0.036458333333333336 0.033950617283950615
0 0.1408420138888889 0.7723765432098766 0.2808159722222222 0.45524691358024694
0 0.4155815972222222 0.05709876543209876 0.029079861111111112 0.027777777777777776
0 0.4047309027777778 0.03356481481481482 0.023871527777777776 0.02546296296296296
0 0.7918836805555556 0.15432098765432098 0.0724826388888889 0.04938271604938271
1 0.044921875 0.18557098765432098 0.018663194444444444 0.09799382716049383