0 0.19444444444444445 0.6099537037037037 0.3880208333333333 0.39274691358024694
0 0.12803819444444445 0.30632716049382713 0.21788194444444445 0.2330246913580247
0 0.5481770833333334 0.11728395061728394 0.046875 0.06481481481481481
0 0.080078125 0.22415123456790123 0.1349826388888889 0.12268518518518519
0 0.6022135416666666 0.1875 0.09071180555555555 0.10185185185185185
0 0.21766493055555555 0.03973765432098766 0.04383680555555555 0.031635802469135804
0 0.2814670138888889 0.023919753086419752 0.07769097222222222 0.046296296296296294
0 0.4900173611111111 0.041666666666666664 0.03125 0.023148148148148147
0 0.6293402777777778 0.11766975308641975 0.07291666666666667 0.05478395061728395
0 0.7730034722222222 0.20871913580246915 0.09375 0.0933641975308642
0 0.8474392361111112 0.18981481481481483 0.03515625 0.07407407407407407
1 0.1623263888888889 0.10493827160493827 0.015625 0.06327160493827161