0 0.1950954861111111 0.6141975308641975 0.3893229166666667 0.39197530864197533
0 0.1095920138888889 0.2800925925925926 0.2105034722222222 0.22993827160493827
0 0.4633246527777778 0.12114197530864197 0.10633680555555555 0.1558641975308642
0 0.3619791666666667 0.04359567901234568 0.027777777777777776 0.03009259259259259
0 0.3296440972222222 0.030478395061728395 0.04123263888888889 0.03009259259259259
0 0.24283854166666666 0.03742283950617284 0.05078125 0.04243827160493827
0 0.0681423611111111 0.2222222222222222 0.10850694444444445 0.1111111111111111
0 0.6293402777777778 0.2619598765432099 0.1467013888888889 0.13503086419753085
0 0.3882378472222222 0.036265432098765434 0.02734375 0.029320987654320986
0 0.5069444444444444 0.04050925925925926 0.026909722222222224 0.019290123456790122
0 0.4665798611111111 0.04050925925925926 0.018229166666666668 0.019290123456790122
0 0.4049479166666667 0.03433641975308642 0.030381944444444444 0.02700617283950617
0 0.8072916666666666 0.17901234567901234 0.08940972222222222 0.06790123456790123
1 0.7571614583333334 0.45023148148148145 0.04991319444444445 0.24305555555555555