0 0.591796875 0.2515432098765432 0.1723090277777778 0.13425925925925927
0 0.4123263888888889 0.05169753086419753 0.04079861111111111 0.038580246913580245
0 0.3326822916666667 0.03510802469135803 0.03689236111111111 0.034722222222222224
0 0.22743055555555555 0.03742283950617284 0.041666666666666664 0.033179012345679014
0 0.2858072916666667 0.04205246913580247 0.038628472222222224 0.03935185185185185
0 0.5911458333333334 0.15046296296296297 0.1423611111111111 0.1697530864197531
0 0.3795572916666667 0.03935185185185185 0.03342013888888889 0.040123456790123455
1 0.7243923611111112 0.5563271604938271 0.0954861111111111 0.3317901234567901
0 0.7300347222222222 0.2017746913580247 0.11024305555555555 0.11188271604938271
0 0.740234375 0.1597222222222222 0.05859375 0.06018518518518518
0 0.7217881944444444 0.12191358024691358 0.041666666666666664 0.05709876543209876
0 0.5483940972222222 0.07214506172839506 0.055121527777777776 0.04243827160493827
0 0.482421875 0.06597222222222222 0.045572916666666664 0.0470679012345679
0 0.4969618055555556 0.03896604938271605 0.04513888888888889 0.02700617283950617
0 0.4663628472222222 0.04050925925925926 0.014322916666666666 0.033179012345679014
0 0.3591579861111111 0.035493827160493825 0.022135416666666668 0.033950617283950615
0 0.1970486111111111 0.035493827160493825 0.044270833333333336 0.043209876543209874
0 0.2944878472222222 0.019675925925925927 0.1506076388888889 0.036265432098765434