0 0.0842013888888889 0.22029320987654322 0.16493055555555555 0.12422839506172839
0 0.2109375 0.041666666666666664 0.043402777777777776 0.040123456790123455
0 0.2571614583333333 0.09953703703703703 0.06727430555555555 0.06018518518518518
0 0.5809461805555556 0.09567901234567901 0.0646701388888889 0.09104938271604938
0 0.2721354166666667 0.04243827160493827 0.049479166666666664 0.038580246913580245
0 0.1404079861111111 0.7465277777777778 0.2799479166666667 0.49614197530864196
0 0.3151041666666667 0.04089506172839506 0.03298611111111111 0.029320987654320986
0 0.3938802083333333 0.03202160493827161 0.029079861111111112 0.023919753086419752
0 0.353515625 0.05169753086419753 0.055121527777777776 0.041666666666666664
0 0.3430989583333333 0.016975308641975308 0.03689236111111111 0.029320987654320986
0 0.4055989583333333 0.059799382716049385 0.032552083333333336 0.033179012345679014
0 0.7907986111111112 0.29976851851851855 0.15104166666666666 0.1705246913580247
0 0.6566840277777778 0.10570987654320987 0.03993055555555555 0.05555555555555555
1 0.7465277777777778 0.4888117283950617 0.07378472222222222 0.2770061728395062