0 0.2875434027777778 0.19984567901234568 0.1427951388888889 0.1574074074074074
0 0.19466145833333334 0.6107253086419753 0.3884548611111111 0.3958333333333333
0 0.5531684027777778 0.2654320987654321 0.15755208333333334 0.15123456790123457
0 0.0783420138888889 0.29976851851851855 0.1558159722222222 0.23996913580246915
0 0.3075086805555556 0.027777777777777776 0.037760416666666664 0.033950617283950615
0 0.3639322916666667 0.04128086419753087 0.030815972222222224 0.033179012345679014
0 0.5588107638888888 0.16203703703703703 0.12196180555555555 0.0941358024691358
0 0.5336371527777778 0.09259259259259259 0.08723958333333333 0.09876543209876543
0 0.2456597222222222 0.03819444444444445 0.049479166666666664 0.04243827160493827
0 0.20616319444444445 0.040123456790123455 0.033854166666666664 0.033950617283950615
0 0.150390625 0.20601851851851852 0.026475694444444444 0.09567901234567901
0 0.3951822916666667 0.03125 0.054253472222222224 0.05632716049382716
1 0.7076822916666666 0.5354938271604939 0.062065972222222224 0.2993827160493827