0 0.2398003472222222 0.21334876543209877 0.1644965277777778 0.16280864197530864
0 0.3734809027777778 0.1253858024691358 0.09071180555555555 0.09182098765432099
0 0.14366319444444445 0.7692901234567902 0.2864583333333333 0.46141975308641975
0 0.2107204861111111 0.03356481481481482 0.04470486111111111 0.034722222222222224
0 0.3617621527777778 0.03780864197530864 0.06553819444444445 0.05864197530864197
1 0.2007378472222222 0.1099537037037037 0.018663194444444444 0.08101851851851852
0 0.2326388888888889 0.019290123456790122 0.049479166666666664 0.035493827160493825
0 0.24088541666666666 0.033950617283950615 0.019097222222222224 0.029320987654320986
0 0.2641059027777778 0.04398148148148148 0.046440972222222224 0.041666666666666664
0 0.302734375 0.03896604938271605 0.03342013888888889 0.036265432098765434
0 0.3274739583333333 0.05015432098765432 0.04991319444444445 0.038580246913580245
0 0.4038628472222222 0.03742283950617284 0.022135416666666668 0.036265432098765434
0 0.5182291666666666 0.038580246913580245 0.026041666666666668 0.020061728395061727