0 0.1293402777777778 0.26273148148148145 0.20225694444444445 0.17515432098765432
0 0.3081597222222222 0.02816358024691358 0.042534722222222224 0.03009259259259259
0 0.142578125 0.7689043209876543 0.2842881944444444 0.46219135802469136
0 0.5004340277777778 0.2488425925925926 0.19010416666666666 0.1705246913580247
0 0.2545572916666667 0.03742283950617284 0.048177083333333336 0.03935185185185185
0 0.1779513888888889 0.040123456790123455 0.041666666666666664 0.035493827160493825
0 0.6417100694444444 0.10300925925925926 0.04383680555555555 0.03935185185185185
0 0.6336805555555556 0.16087962962962962 0.09635416666666667 0.11805555555555555
0 0.4898003472222222 0.036265432098765434 0.025607638888888888 0.023148148148148147
1 0.014756944444444444 0.19830246913580246 0.0234375 0.10648148148148148
0 0.7165798611111112 0.16126543209876543 0.08333333333333333 0.07253086419753087
0 0.7322048611111112 0.13695987654320987 0.08333333333333333 0.06867283950617284
0 0.8463541666666666 0.19830246913580246 0.05381944444444445 0.06790123456790123