0 0.21223958333333334 0.566358024691358 0.4175347222222222 0.42592592592592593
0 0.5807291666666666 0.19405864197530864 0.11631944444444445 0.11651234567901235
0 0.3732638888888889 0.030478395061728395 0.043402777777777776 0.031635802469135804
0 0.31640625 0.02970679012345679 0.03732638888888889 0.03009259259259259
0 0.5026041666666666 0.03742283950617284 0.033854166666666664 0.022376543209876542
0 0.21614583333333334 0.03125 0.051215277777777776 0.04243827160493827
0 0.291015625 0.03819444444444445 0.016927083333333332 0.034722222222222224
0 0.14344618055555555 0.7716049382716049 0.2860243055555556 0.4567901234567901
0 0.275390625 0.04552469135802469 0.01953125 0.038580246913580245
0 0.4118923611111111 0.03973765432098766 0.015625 0.02546296296296296
0 0.4665798611111111 0.03279320987654321 0.016493055555555556 0.04243827160493827
1 0.8454861111111112 0.44483024691358025 0.03125 0.2322530864197531