0 0.1775173611111111 0.2357253086419753 0.1684027777777778 0.19830246913580246
0 0.2126736111111111 0.5694444444444444 0.4140625 0.41358024691358025
0 0.3075086805555556 0.031635802469135804 0.04210069444444445 0.032407407407407406
0 0.3875868055555556 0.04513888888888889 0.043402777777777776 0.03935185185185185
0 0.22352430555555555 0.03009259259259259 0.03819444444444445 0.023148148148148147
0 0.3450520833333333 0.026234567901234566 0.03298611111111111 0.024691358024691357
0 0.1430121527777778 0.7692901234567902 0.28515625 0.46141975308641975
0 0.4789496527777778 0.03935185185185185 0.029947916666666668 0.020061728395061727
0 0.5052083333333334 0.04050925925925926 0.019965277777777776 0.016203703703703703
0 0.5282118055555556 0.03356481481481482 0.03125 0.019290123456790122
1 0.053168402777777776 0.19945987654320987 0.01953125 0.11188271604938271