0 0.3198784722222222 0.028935185185185185 0.041666666666666664 0.031635802469135804
0 0.388671875 0.03587962962962963 0.04296875 0.031635802469135804
0 0.08355034722222222 0.30671296296296297 0.1662326388888889 0.2770061728395062
0 0.13997395833333334 0.7453703703703703 0.2790798611111111 0.49691358024691357
0 0.5783420138888888 0.12924382716049382 0.04470486111111111 0.07175925925925926
0 0.2250434027777778 0.04205246913580247 0.047309027777777776 0.034722222222222224
0 0.6927083333333334 0.44598765432098764 0.029513888888888888 0.05092592592592592
0 0.5052083333333334 0.037037037037037035 0.036458333333333336 0.021604938271604937
0 0.7890625 0.25887345679012347 0.140625 0.14737654320987653
0 0.8296440972222222 0.19367283950617284 0.0724826388888889 0.06790123456790123
0 0.6295572916666666 0.11381172839506173 0.053385416666666664 0.05169753086419753
1 0.6807725694444444 0.6003086419753086 0.0759548611111111 0.3595679012345679