0 0.3140190972222222 0.11072530864197531 0.07769097222222222 0.07021604938271606
0 0.1948784722222222 0.6068672839506173 0.3888888888888889 0.4066358024691358
0 0.0900607638888889 0.2199074074074074 0.15321180555555555 0.12345679012345678
0 0.5696614583333334 0.12808641975308643 0.05685763888888889 0.06481481481481481
0 0.3665364583333333 0.04359567901234568 0.037760416666666664 0.034722222222222224
0 0.3318142361111111 0.03935185185185185 0.03602430555555555 0.033950617283950615
0 0.3025173611111111 0.030864197530864196 0.028645833333333332 0.027777777777777776
0 0.2261284722222222 0.04282407407407408 0.03993055555555555 0.031635802469135804
0 0.2801649305555556 0.037037037037037035 0.032552083333333336 0.030864197530864196
0 0.3923611111111111 0.03356481481481482 0.03211805555555555 0.02700617283950617
0 0.4924045138888889 0.040123456790123455 0.026475694444444444 0.023148148148148147
0 0.4131944444444444 0.046296296296296294 0.019097222222222224 0.043209876543209874
0 0.6781684027777778 0.24614197530864199 0.15494791666666666 0.13271604938271606
0 0.8296440972222222 0.16666666666666666 0.05685763888888889 0.038580246913580245
1 0.7365451388888888 0.5150462962962963 0.0798611111111111 0.2770061728395062