0 0.2756076388888889 0.1095679012345679 0.0720486111111111 0.06635802469135803
0 0.4954427083333333 0.07484567901234568 0.04470486111111111 0.043209876543209874
0 0.5696614583333334 0.08796296296296297 0.06032986111111111 0.05092592592592592
0 0.3511284722222222 0.05864197530864197 0.06076388888888889 0.040123456790123455
0 0.208984375 0.5628858024691358 0.4171006944444444 0.41280864197530864
0 0.20703125 0.04436728395061729 0.034722222222222224 0.031635802469135804
0 0.49609375 0.03896604938271605 0.03732638888888889 0.023919753086419752
0 0.23763020833333334 0.04128086419753087 0.024739583333333332 0.033179012345679014
0 0.2862413194444444 0.046296296296296294 0.037760416666666664 0.040123456790123455
0 0.3168402777777778 0.040123456790123455 0.024305555555555556 0.038580246913580245
0 0.3572048611111111 0.023148148148148147 0.07378472222222222 0.044753086419753084
0 0.4984809027777778 0.1388888888888889 0.04904513888888889 0.09259259259259259
0 0.6202256944444444 0.1087962962962963 0.035590277777777776 0.05092592592592592
0 0.1427951388888889 0.7878086419753086 0.2838541666666667 0.4243827160493827
0 0.7033420138888888 0.2488425925925926 0.1566840277777778 0.15200617283950618
0 0.7756076388888888 0.21720679012345678 0.06510416666666667 0.10570987654320987
1 0.23502604166666666 0.6651234567901234 0.1150173611111111 0.4074074074074074
1 0.6564670138888888 0.6423611111111112 0.062065972222222224 0.2908950617283951
1 0.7886284722222222 0.3900462962962963 0.05555555555555555 0.22608024691358025