0 0.1957465277777778 0.6072530864197531 0.390625 0.4074074074074074
0 0.09092881944444445 0.22067901234567902 0.15321180555555555 0.12345679012345678
0 0.3719618055555556 0.11496913580246913 0.0842013888888889 0.08487654320987655
0 0.5553385416666666 0.2654320987654321 0.1853298611111111 0.14506172839506173
0 0.3361545138888889 0.028935185185185185 0.04123263888888889 0.031635802469135804
0 0.3851996527777778 0.04282407407407408 0.026475694444444444 0.031635802469135804
0 0.3012152777777778 0.03125 0.028645833333333332 0.022376543209876542
0 0.8363715277777778 0.2951388888888889 0.05642361111111111 0.12885802469135801
0 0.19639756944444445 0.03780864197530864 0.046440972222222224 0.041666666666666664
0 0.2328559027777778 0.03587962962962963 0.03689236111111111 0.036265432098765434
0 0.4073350694444444 0.02970679012345679 0.025607638888888888 0.036265432098765434
0 0.6569010416666666 0.08989197530864197 0.05078125 0.06095679012345679
1 0.4620225694444444 0.32098765432098764 0.029947916666666668 0.17901234567901234
1 0.4950086805555556 0.29899691358024694 0.031684027777777776 0.16280864197530864
1 0.6829427083333334 0.5173611111111112 0.0802951388888889 0.32021604938271603
1 0.798828125 0.42978395061728397 0.06640625 0.24228395061728394