0 0.1605902777777778 0.41396604938271603 0.3194444444444444 0.3001543209876543
0 0.3624131944444444 0.11766975308641975 0.09809027777777778 0.0933641975308642
0 0.14366319444444445 0.7750771604938271 0.2864583333333333 0.4498456790123457
0 0.373046875 0.04050925925925926 0.029079861111111112 0.034722222222222224
0 0.5421006944444444 0.12924382716049382 0.08159722222222222 0.06404320987654322
0 0.2912326388888889 0.03935185185185185 0.052083333333333336 0.041666666666666664
0 0.8092447916666666 0.18364197530864199 0.0915798611111111 0.06790123456790123
0 0.19401041666666666 0.03819444444444445 0.04600694444444445 0.033179012345679014
1 0.560546875 0.7889660493827161 0.1228298611111111 0.4220679012345679
0 0.4676649305555556 0.04128086419753087 0.01953125 0.022376543209876542
0 0.5095486111111112 0.03935185185185185 0.026909722222222224 0.023148148148148147
0 0.7235243055555556 0.12885802469135801 0.035590277777777776 0.05555555555555555