0 0.3003472222222222 0.02970679012345679 0.043402777777777776 0.031635802469135804
0 0.1955295138888889 0.6053240740740741 0.3901909722222222 0.4112654320987654
0 0.09049479166666667 0.2199074074074074 0.15494791666666666 0.125
0 0.5852864583333334 0.1404320987654321 0.047309027777777776 0.06944444444444445
0 0.2306857638888889 0.041666666666666664 0.031684027777777776 0.032407407407407406
0 0.3977864583333333 0.03202160493827161 0.03689236111111111 0.02854938271604938
0 0.203125 0.041666666666666664 0.03211805555555555 0.037037037037037035
0 0.25390625 0.03896604938271605 0.028645833333333332 0.036265432098765434
0 0.8394097222222222 0.2322530864197531 0.06163194444444445 0.0941358024691358
0 0.8072916666666666 0.1724537037037037 0.09722222222222222 0.08873456790123457
0 0.4709201388888889 0.03935185185185185 0.026041666666666668 0.027777777777777776
0 0.4051649305555556 0.18557098765432098 0.04470486111111111 0.0763888888888889
1 0.6985677083333334 0.5740740740740741 0.0802951388888889 0.3441358024691358