0 0.14388020833333334 0.7704475308641975 0.2868923611111111 0.4591049382716049
0 0.5768229166666666 0.1423611111111111 0.07118055555555555 0.07484567901234568
0 0.34375 0.3074845679012346 0.23350694444444445 0.19367283950617284
0 0.4982638888888889 0.07214506172839506 0.050347222222222224 0.04861111111111111
0 0.3255208333333333 0.04513888888888889 0.05381944444444445 0.04089506172839506
0 0.04405381944444445 0.4471450617283951 0.08723958333333333 0.19058641975308643
0 0.4040798611111111 0.061342592592592594 0.059895833333333336 0.04552469135802469
0 0.208984375 0.03780864197530864 0.04123263888888889 0.038580246913580245
0 0.2875434027777778 0.02816358024691358 0.037760416666666664 0.02854938271604938
0 0.2630208333333333 0.044753086419753084 0.04861111111111111 0.041666666666666664
1 0.3092447916666667 0.17862654320987653 0.040364583333333336 0.08410493827160494
0 0.2265625 0.021219135802469136 0.050347222222222224 0.04089506172839506
0 0.2879774305555556 0.02546296296296296 0.04210069444444445 0.035493827160493825
0 0.3513454861111111 0.04282407407407408 0.03689236111111111 0.0470679012345679
0 0.3669704861111111 0.02700617283950617 0.024739583333333332 0.020061728395061727
0 0.3804253472222222 0.043209876543209874 0.025607638888888888 0.038580246913580245
0 0.4633246527777778 0.04050925925925926 0.015190972222222222 0.020833333333333332
0 0.6614583333333334 0.10493827160493827 0.035590277777777776 0.044753086419753084
0 0.6916232638888888 0.10030864197530864 0.030815972222222224 0.05092592592592592
0 0.8129340277777778 0.16589506172839505 0.11458333333333333 0.12345679012345678