0 0.5303819444444444 0.18209876543209877 0.12586805555555555 0.1111111111111111
0 0.212890625 0.5667438271604939 0.4162326388888889 0.42052469135802467
0 0.21397569444444445 0.03935185185185185 0.042534722222222224 0.033950617283950615
0 0.833984375 0.32098765432098764 0.06553819444444445 0.10648148148148148
0 0.4878472222222222 0.07600308641975309 0.03732638888888889 0.0470679012345679
0 0.14192708333333334 0.7719907407407407 0.2829861111111111 0.45601851851851855
0 0.3854166666666667 0.05246913580246913 0.05295138888888889 0.05246913580246913
0 0.3194444444444444 0.050540123456790126 0.04861111111111111 0.031635802469135804
0 0.3276909722222222 0.02854938271604938 0.04600694444444445 0.030864197530864196
0 0.2797309027777778 0.04359567901234568 0.023871527777777776 0.034722222222222224
0 0.8385416666666666 0.18904320987654322 0.04774305555555555 0.07098765432098765
0 0.638671875 0.11381172839506173 0.06640625 0.05478395061728395
0 0.4008246527777778 0.030478395061728395 0.040364583333333336 0.04552469135802469
1 0.751953125 0.5231481481481481 0.07161458333333333 0.25308641975308643
1 0.020833333333333332 0.2048611111111111 0.022569444444444444 0.10108024691358025