0 0.1430121527777778 0.7681327160493827 0.28515625 0.4637345679012346
0 0.2111545138888889 0.03433641975308642 0.04470486111111111 0.036265432098765434
0 0.3626302083333333 0.03819444444444445 0.06380208333333333 0.0625
0 0.3472222222222222 0.12229938271604938 0.08680555555555555 0.08719135802469136
0 0.4713541666666667 0.06751543209876543 0.03211805555555555 0.03935185185185185
0 0.3040364583333333 0.038580246913580245 0.03515625 0.029320987654320986
1 0.7671440972222222 0.4567901234567901 0.05685763888888889 0.2623456790123457
1 0.7966579861111112 0.41975308641975306 0.046440972222222224 0.23765432098765432
1 0.8157552083333334 0.4645061728395062 0.05685763888888889 0.14351851851851852
1 0.3309461805555556 0.17631172839506173 0.025607638888888888 0.12268518518518519
0 0.5034722222222222 0.03125 0.042534722222222224 0.034722222222222224
0 0.3274739583333333 0.04976851851851852 0.05251736111111111 0.04243827160493827
0 0.2645399305555556 0.043209876543209874 0.047309027777777776 0.038580246913580245
0 0.24131944444444445 0.03510802469135803 0.0234375 0.036265432098765434