0 0.083984375 0.22067901234567902 0.1636284722222222 0.125
0 0.6050347222222222 0.09606481481481481 0.057291666666666664 0.04243827160493827
0 0.2224392361111111 0.04089506172839506 0.046440972222222224 0.037037037037037035
0 0.3394097222222222 0.04205246913580247 0.03125 0.03009259259259259
0 0.3812934027777778 0.0466820987654321 0.04383680555555555 0.03935185185185185
0 0.490234375 0.1408179012345679 0.040364583333333336 0.10570987654320987
0 0.6720920138888888 0.10532407407407407 0.03689236111111111 0.03780864197530864
0 0.8125 0.22299382716049382 0.10069444444444445 0.11419753086419752
0 0.4800347222222222 0.04205246913580247 0.03993055555555555 0.020833333333333332
0 0.6736111111111112 0.22569444444444445 0.1527777777777778 0.15817901234567902
1 0.8365885416666666 0.44367283950617287 0.040364583333333336 0.17901234567901234