0 0.14388020833333334 0.7712191358024691 0.2868923611111111 0.4575617283950617
0 0.3806423611111111 0.04128086419753087 0.033854166666666664 0.034722222222222224
0 0.3467881944444444 0.025848765432098766 0.036458333333333336 0.03009259259259259
0 0.2556423611111111 0.02854938271604938 0.044270833333333336 0.035493827160493825
0 0.19227430555555555 0.03356481481481482 0.04774305555555555 0.03009259259259259
1 0.64453125 0.6504629629629629 0.10590277777777778 0.3734567901234568
1 0.4047309027777778 0.30632716049382713 0.03602430555555555 0.18364197530864199
1 0.4186197916666667 0.3005401234567901 0.021267361111111112 0.17978395061728394
0 0.4166666666666667 0.03125 0.016493055555555556 0.023919753086419752
0 0.4926215277777778 0.038580246913580245 0.035590277777777776 0.033950617283950615
0 0.7222222222222222 0.14814814814814814 0.051215277777777776 0.08179012345679013