0 0.2658420138888889 0.08912037037037036 0.07942708333333333 0.07330246913580248
0 0.2886284722222222 0.30941358024691357 0.2109375 0.17901234567901234
0 0.21223958333333334 0.5667438271604939 0.4131944444444444 0.42052469135802467
0 0.48828125 0.03935185185185185 0.035590277777777776 0.026234567901234566
0 0.3582899305555556 0.03780864197530864 0.023003472222222224 0.033950617283950615
0 0.642578125 0.2361111111111111 0.13758680555555555 0.14506172839506173
0 0.2092013888888889 0.03973765432098766 0.03732638888888889 0.031635802469135804
0 0.1423611111111111 0.7716049382716049 0.2838541666666667 0.4567901234567901
0 0.3216145833333333 0.030478395061728395 0.050347222222222224 0.05941358024691358
0 0.4071180555555556 0.03587962962962963 0.026041666666666668 0.023919753086419752
0 0.7543402777777778 0.20023148148148148 0.05642361111111111 0.09027777777777778
0 0.8483072916666666 0.2037037037037037 0.048177083333333336 0.06635802469135803
1 0.5653211805555556 0.8148148148148148 0.12890625 0.37037037037037035