0 0.21223958333333334 0.5667438271604939 0.4149305555555556 0.4220679012345679
0 0.3546006944444444 0.058256172839506175 0.04861111111111111 0.036265432098765434
0 0.3055555555555556 0.047453703703703706 0.046875 0.033179012345679014
0 0.5364583333333334 0.08217592592592593 0.07899305555555555 0.06712962962962964
0 0.3956163194444444 0.05324074074074074 0.038628472222222224 0.029320987654320986
0 0.2339409722222222 0.041666666666666664 0.033854166666666664 0.032407407407407406
0 0.14539930555555555 0.7735339506172839 0.2881944444444444 0.4529320987654321
0 0.29296875 0.01890432098765432 0.043402777777777776 0.02700617283950617
0 0.3463541666666667 0.030864197530864196 0.025173611111111112 0.024691358024691357
0 0.4034288194444444 0.02816358024691358 0.032552083333333336 0.023919753086419752
0 0.5583767361111112 0.0798611111111111 0.05078125 0.03935185185185185
0 0.6703559027777778 0.10570987654320987 0.05251736111111111 0.07716049382716049
1 0.6885850694444444 0.501929012345679 0.07508680555555555 0.2908950617283951
1 0.7612847222222222 0.5023148148148148 0.06770833333333333 0.32253086419753085