0 0.1953125 0.6049382716049383 0.3897569444444444 0.4089506172839506
0 0.09092881944444445 0.2195216049382716 0.1540798611111111 0.12422839506172839
0 0.587890625 0.1091820987654321 0.05946180555555555 0.05015432098765432
0 0.4006076388888889 0.05285493827160494 0.028645833333333332 0.03009259259259259
0 0.2105034722222222 0.03125 0.034722222222222224 0.022376543209876542
0 0.3428819444444444 0.030864197530864196 0.06076388888888889 0.05555555555555555
0 0.4173177083333333 0.05941358024691358 0.029947916666666668 0.037037037037037035
0 0.48828125 0.02970679012345679 0.052083333333333336 0.04089506172839506
0 0.671875 0.13503086419753085 0.04513888888888889 0.05092592592592592
0 0.7009548611111112 0.08757716049382716 0.03211805555555555 0.04861111111111111
0 0.7580295138888888 0.20910493827160495 0.0646701388888889 0.09259259259259259
0 0.8053385416666666 0.18557098765432098 0.07508680555555555 0.08101851851851852
1 0.5171440972222222 0.7978395061728395 0.1384548611111111 0.404320987654321
1 0.5284288194444444 0.5821759259259259 0.10199652777777778 0.2337962962962963