0 0.45703125 0.24189814814814814 0.234375 0.18595679012345678
0 0.3235677083333333 0.04976851851851852 0.045572916666666664 0.03780864197530864
0 0.2146267361111111 0.5632716049382716 0.4127604166666667 0.42901234567901236
0 0.3693576388888889 0.04243827160493827 0.033854166666666664 0.029320987654320986
0 0.8315972222222222 0.2932098765432099 0.06510416666666667 0.12037037037037036
0 0.22330729166666666 0.03780864197530864 0.045572916666666664 0.030864197530864196
0 0.3951822916666667 0.03742283950617284 0.029079861111111112 0.031635802469135804
0 0.14344618055555555 0.7669753086419753 0.2860243055555556 0.4660493827160494
0 0.2786458333333333 0.04128086419753087 0.022569444444444444 0.03780864197530864
0 0.2964409722222222 0.032407407407407406 0.03298611111111111 0.029320987654320986
0 0.7660590277777778 0.16280864197530864 0.06336805555555555 0.05864197530864197
1 0.09657118055555555 0.5856481481481481 0.05946180555555555 0.25925925925925924
1 0.13932291666666666 0.1404320987654321 0.016493055555555556 0.09722222222222222