0 0.1950954861111111 0.6087962962962963 0.3893229166666667 0.4027777777777778
0 0.2916666666666667 0.20987654320987653 0.16319444444444445 0.14506172839506173
0 0.0896267361111111 0.21604938271604937 0.15321180555555555 0.11419753086419752
0 0.5013020833333334 0.06944444444444445 0.0546875 0.05246913580246913
0 0.04600694444444445 0.33526234567901236 0.09114583333333333 0.18904320987654322
0 0.3804253472222222 0.04398148148148148 0.04123263888888889 0.037037037037037035
0 0.2087673611111111 0.04436728395061729 0.03732638888888889 0.036265432098765434
0 0.3396267361111111 0.02662037037037037 0.03342013888888889 0.023919753086419752
0 0.6807725694444444 0.15007716049382716 0.06640625 0.05632716049382716
0 0.6944444444444444 0.08834876543209877 0.035590277777777776 0.04552469135802469
1 0.5271267361111112 0.33294753086419754 0.03342013888888889 0.19830246913580246