0 0.1618923611111111 0.27199074074074076 0.21180555555555555 0.19521604938271606
0 0.1948784722222222 0.6107253086419753 0.3888888888888889 0.3912037037037037
0 0.5544704861111112 0.08680555555555555 0.05946180555555555 0.04552469135802469
0 0.3682725694444444 0.04436728395061729 0.032552083333333336 0.02854938271604938
0 0.24110243055555555 0.03279320987654321 0.05251736111111111 0.03935185185185185
0 0.08159722222222222 0.22183641975308643 0.1362847222222222 0.11959876543209877
0 0.3910590277777778 0.02507716049382716 0.057291666666666664 0.04861111111111111
0 0.4717881944444444 0.06520061728395062 0.020833333333333332 0.03935185185185185
0 0.4696180555555556 0.030478395061728395 0.021701388888888888 0.034722222222222224
0 0.6768663194444444 0.10416666666666667 0.030815972222222224 0.047839506172839504
0 0.7738715277777778 0.1566358024691358 0.04774305555555555 0.05555555555555555
1 0.7586805555555556 0.4074074074074074 0.05381944444444445 0.20833333333333334
1 0.040581597222222224 0.24112654320987653 0.025607638888888888 0.1412037037037037