0 0.5603298611111112 0.07368827160493827 0.08506944444444445 0.09182098765432099
0 0.2124565972222222 0.566358024691358 0.4144965277777778 0.4243827160493827
0 0.35546875 0.057484567901234566 0.049479166666666664 0.036265432098765434
0 0.3055555555555556 0.047453703703703706 0.044270833333333336 0.034722222222222224
0 0.4743923611111111 0.06828703703703703 0.035590277777777776 0.04243827160493827
0 0.3977864583333333 0.04822530864197531 0.03342013888888889 0.031635802469135804
0 0.1430121527777778 0.7739197530864198 0.28515625 0.4521604938271605
0 0.2348090277777778 0.04089506172839506 0.03125 0.032407407407407406
0 0.6380208333333334 0.10532407407407407 0.0625 0.04552469135802469
0 0.8589409722222222 0.1867283950617284 0.029513888888888888 0.041666666666666664
0 0.3439670138888889 0.03125 0.025607638888888888 0.03009259259259259
0 0.5008680555555556 0.037037037037037035 0.03298611111111111 0.021604938271604937
0 0.4715711805555556 0.03742283950617284 0.025607638888888888 0.019290123456790122
1 0.5679253472222222 0.7785493827160493 0.12803819444444445 0.44290123456790126