0 0.14366319444444445 0.7704475308641975 0.2864583333333333 0.4591049382716049
0 0.3266059027777778 0.0466820987654321 0.055989583333333336 0.04398148148148148
0 0.2087673611111111 0.036265432098765434 0.041666666666666664 0.040123456790123455
0 0.4032118055555556 0.06404320987654322 0.05642361111111111 0.037037037037037035
0 0.8391927083333334 0.18055555555555555 0.06727430555555555 0.06635802469135803
0 0.630859375 0.09953703703703703 0.09071180555555555 0.08024691358024691
0 0.17057291666666666 0.05439814814814815 0.025173611111111112 0.04861111111111111
0 0.263671875 0.04513888888888889 0.047309027777777776 0.03780864197530864
0 0.76953125 0.16126543209876543 0.07899305555555555 0.06790123456790123
0 0.5084635416666666 0.0783179012345679 0.06293402777777778 0.05478395061728395
0 0.4724392361111111 0.03935185185185185 0.031684027777777776 0.029320987654320986
1 0.7588975694444444 0.47415123456790126 0.0759548611111111 0.2862654320987654
0 0.2717013888888889 0.023148148148148147 0.018229166666666668 0.021604938271604937
0 0.3528645833333333 0.028935185185185185 0.021701388888888888 0.02546296296296296
0 0.3682725694444444 0.041666666666666664 0.032552083333333336 0.035493827160493825
0 0.3786892361111111 0.03009259259259259 0.031684027777777776 0.027777777777777776
0 0.4092881944444444 0.041666666666666664 0.03211805555555555 0.018518518518518517
0 0.6881510416666666 0.09799382716049383 0.03342013888888889 0.044753086419753084
0 0.7122395833333334 0.13194444444444445 0.06076388888888889 0.046296296296296294