0 0.2892795138888889 0.3090277777777778 0.2443576388888889 0.22299382716049382
0 0.14366319444444445 0.7669753086419753 0.2864583333333333 0.4660493827160494
0 0.2113715277777778 0.03202160493827161 0.041666666666666664 0.036265432098765434
0 0.3435329861111111 0.05092592592592592 0.047309027777777776 0.040123456790123455
0 0.5418836805555556 0.08834876543209877 0.06727430555555555 0.05015432098765432
0 0.3075086805555556 0.02546296296296296 0.04296875 0.032407407407407406
0 0.3921440972222222 0.03665123456790124 0.031684027777777776 0.031635802469135804
0 0.82421875 0.18248456790123457 0.09809027777777778 0.08410493827160494
1 0.8240017361111112 0.4521604938271605 0.05685763888888889 0.18981481481481483
1 0.0625 0.1736111111111111 0.019097222222222224 0.08950617283950617
1 0.0720486111111111 0.1705246913580247 0.015625 0.08641975308641975
0 0.2367621527777778 0.024691358024691357 0.029079861111111112 0.047839506172839504
0 0.3676215277777778 0.028935185185185185 0.017361111111111112 0.02854938271604938
0 0.3921440972222222 0.023919753086419752 0.028211805555555556 0.020061728395061727
0 0.4702690972222222 0.03665123456790124 0.023871527777777776 0.031635802469135804
0 0.5041232638888888 0.03780864197530864 0.030815972222222224 0.020061728395061727
0 0.7239583333333334 0.09606481481481481 0.04079861111111111 0.0779320987654321
0 0.7467447916666666 0.14351851851851852 0.07335069444444445 0.05864197530864197