0 0.10785590277777778 0.24228395061728394 0.20442708333333334 0.1574074074074074
0 0.1423611111111111 0.7681327160493827 0.2838541666666667 0.4637345679012346
0 0.3498263888888889 0.04822530864197531 0.05555555555555555 0.04398148148148148
0 0.20985243055555555 0.03433641975308642 0.04296875 0.03780864197530864
0 0.470703125 0.1400462962962963 0.16710069444444445 0.1705246913580247
0 0.17838541666666666 0.0783179012345679 0.044270833333333336 0.05632716049382716
0 0.8005642361111112 0.18209876543209877 0.0959201388888889 0.07561728395061729
0 0.2703993055555556 0.04205246913580247 0.052083333333333336 0.036265432098765434
0 0.3667534722222222 0.022762345679012346 0.03211805555555555 0.02854938271604938
1 0.1720920138888889 0.10223765432098765 0.015190972222222222 0.0779320987654321
1 0.1597222222222222 0.10493827160493827 0.008680555555555556 0.07098765432098765
0 0.2829861111111111 0.029320987654320986 0.029513888888888888 0.029320987654320986
0 0.3376736111111111 0.032407407407407406 0.029513888888888888 0.023148148148148147
0 0.4142795138888889 0.034722222222222224 0.018663194444444444 0.030864197530864196
0 0.4780815972222222 0.059027777777777776 0.03689236111111111 0.02700617283950617
0 0.6714409722222222 0.1408179012345679 0.1015625 0.08564814814814815