0 0.083984375 0.22029320987654322 0.16536458333333334 0.12422839506172839
0 0.3350694444444444 0.030864197530864196 0.03819444444444445 0.027777777777777776
0 0.6102430555555556 0.10146604938271606 0.0703125 0.05169753086419753
0 0.3760850694444444 0.1597222222222222 0.10633680555555555 0.13734567901234568
0 0.603515625 0.2611882716049383 0.1931423611111111 0.13348765432098766
0 0.2888454861111111 0.03279320987654321 0.02734375 0.02854938271604938
0 0.14388020833333334 0.7700617283950617 0.2868923611111111 0.45987654320987653
0 0.3854166666666667 0.034722222222222224 0.029513888888888888 0.032407407407407406
0 0.5798611111111112 0.1716820987654321 0.0859375 0.06404320987654322
0 0.4741753472222222 0.06905864197530864 0.030815972222222224 0.033179012345679014
0 0.4090711805555556 0.032407407407407406 0.022135416666666668 0.027777777777777776
0 0.8461371527777778 0.19945987654320987 0.04991319444444445 0.06712962962962964
1 0.6024305555555556 0.7951388888888888 0.1371527777777778 0.4097222222222222
1 0.0998263888888889 0.15200617283950618 0.018229166666666668 0.029320987654320986