0 0.2667100694444444 0.10339506172839506 0.07682291666666667 0.06790123456790123
0 0.2105034722222222 0.5636574074074074 0.4201388888888889 0.42669753086419754
0 0.5397135416666666 0.09066358024691358 0.06553819444444445 0.05015432098765432
0 0.2150607638888889 0.03896604938271605 0.04470486111111111 0.036265432098765434
0 0.2797309027777778 0.043209876543209874 0.026475694444444444 0.032407407407407406
0 0.5863715277777778 0.0933641975308642 0.0390625 0.043209876543209874
0 0.3289930555555556 0.05285493827160494 0.04600694444444445 0.034722222222222224
0 0.3012152777777778 0.033950617283950615 0.024305555555555556 0.026234567901234566
0 0.3825954861111111 0.04050925925925926 0.024739583333333332 0.02854938271604938
0 0.40625 0.05439814814814815 0.035590277777777776 0.04398148148148148
0 0.1430121527777778 0.7704475308641975 0.28515625 0.4591049382716049
0 0.4442274305555556 0.15162037037037038 0.10546875 0.08719135802469136
0 0.4835069444444444 0.05439814814814815 0.0234375 0.07175925925925926
0 0.3467881944444444 0.02970679012345679 0.03211805555555555 0.031635802469135804
0 0.3849826388888889 0.02546296296296296 0.04513888888888889 0.029320987654320986
0 0.6584201388888888 0.09452160493827161 0.042534722222222224 0.0625
0 0.7530381944444444 0.1697530864197531 0.08159722222222222 0.07561728395061729
1 0.8077256944444444 0.44598765432098764 0.05381944444444445 0.19753086419753085
1 0.15147569444444445 0.14583333333333334 0.016493055555555556 0.08024691358024691