0 0.19596354166666666 0.6076388888888888 0.3910590277777778 0.4097222222222222
0 0.09027777777777778 0.2195216049382716 0.1527777777777778 0.12422839506172839
0 0.3101128472222222 0.02970679012345679 0.04123263888888889 0.03009259259259259
0 0.3904079861111111 0.05555555555555555 0.055121527777777776 0.05246913580246913
0 0.8324652777777778 0.1867283950617284 0.0798611111111111 0.07253086419753087
0 0.3650173611111111 0.03742283950617284 0.022569444444444444 0.031635802469135804
0 0.2322048611111111 0.040123456790123455 0.03732638888888889 0.030864197530864196
0 0.4926215277777778 0.04128086419753087 0.033854166666666664 0.023919753086419752
0 0.1872829861111111 0.03510802469135803 0.05251736111111111 0.04089506172839506
0 0.6775173611111112 0.14737654320987653 0.08246527777777778 0.07253086419753087
0 0.7662760416666666 0.14737654320987653 0.03602430555555555 0.05092592592592592
1 0.4947916666666667 0.8722993827160493 0.11805555555555555 0.25540123456790126
1 0.22786458333333334 0.14506172839506173 0.022569444444444444 0.0787037037037037