0 0.14518229166666666 0.7700617283950617 0.2894965277777778 0.45987654320987653
0 0.3634982638888889 0.04282407407407408 0.054253472222222224 0.04552469135802469
0 0.3207465277777778 0.033179012345679014 0.049479166666666664 0.044753086419753084
0 0.4986979166666667 0.08063271604938271 0.049479166666666664 0.05324074074074074
0 0.029513888888888888 0.44907407407407407 0.058159722222222224 0.19753086419753085
1 0.033637152777777776 0.19444444444444445 0.016927083333333332 0.10339506172839506
1 0.05164930555555555 0.2017746913580247 0.016493055555555556 0.1087962962962963
0 0.2966579861111111 0.02700617283950617 0.023871527777777776 0.033950617283950615
0 0.3424479166666667 0.02700617283950617 0.024305555555555556 0.029320987654320986
0 0.4670138888888889 0.03780864197530864 0.017361111111111112 0.024691358024691357
0 0.5052083333333334 0.03587962962962963 0.03298611111111111 0.02546296296296296
0 0.7230902777777778 0.1412037037037037 0.07552083333333333 0.06944444444444445
0 0.7263454861111112 0.08912037037037036 0.04123263888888889 0.06867283950617284
0 0.8656684027777778 0.19791666666666666 0.017795138888888888 0.04552469135802469