0 0.189453125 0.2673611111111111 0.2165798611111111 0.16898148148148148
0 0.1953125 0.5983796296296297 0.3880208333333333 0.4158950617283951
0 0.5123697916666666 0.11342592592592593 0.05685763888888889 0.06635802469135803
0 0.0861545138888889 0.2195216049382716 0.1480034722222222 0.12422839506172839
0 0.365234375 0.18942901234567902 0.11762152777777778 0.16126543209876543
0 0.4939236111111111 0.040123456790123455 0.03125 0.015432098765432098
0 0.10308159722222222 0.3908179012345679 0.20008680555555555 0.13348765432098766
0 0.3548177083333333 0.022376543209876542 0.08116319444444445 0.040123456790123455
0 0.7827690972222222 0.19174382716049382 0.07769097222222222 0.07947530864197531
0 0.8459201388888888 0.19521604938271606 0.04774305555555555 0.07253086419753087
1 0.4134114583333333 0.45871913580246915 0.045572916666666664 0.25848765432098764