0 0.07465277777777778 0.3306327160493827 0.1484375 0.19830246913580246
0 0.0859375 0.21334876543209877 0.15711805555555555 0.11033950617283951
0 0.3871527777777778 0.04976851851851852 0.049479166666666664 0.036265432098765434
0 0.4837239583333333 0.03935185185185185 0.03515625 0.023148148148148147
0 0.3452690972222222 0.027391975308641976 0.05859375 0.04861111111111111
0 0.6009114583333334 0.10262345679012345 0.05078125 0.037037037037037035
0 0.2222222222222222 0.040123456790123455 0.04774305555555555 0.037037037037037035
0 0.3461371527777778 0.04243827160493827 0.03515625 0.027777777777777776
0 0.8192274305555556 0.2986111111111111 0.09765625 0.10802469135802469
0 0.1851128472222222 0.03665123456790124 0.038628472222222224 0.033179012345679014
0 0.6588541666666666 0.10223765432098765 0.04513888888888889 0.05324074074074074
1 0.7224392361111112 0.6068672839506173 0.09244791666666667 0.3896604938271605
1 0.6508246527777778 0.6107253086419753 0.08637152777777778 0.32330246913580246
1 0.3077256944444444 0.4479166666666667 0.06684027777777778 0.28935185185185186