0 0.1957465277777778 0.6060956790123457 0.390625 0.4066358024691358
0 0.09092881944444445 0.22029320987654322 0.1540798611111111 0.12422839506172839
0 0.330078125 0.026234567901234566 0.031684027777777776 0.04938271604938271
0 0.5421006944444444 0.13117283950617284 0.06163194444444445 0.07253086419753087
0 0.5128038194444444 0.08757716049382716 0.0802951388888889 0.09182098765432099
0 0.3838975694444444 0.047453703703703706 0.04123263888888889 0.036265432098765434
0 0.2825520833333333 0.035493827160493825 0.034722222222222224 0.035493827160493825
0 0.8072916666666666 0.2974537037037037 0.11371527777777778 0.1396604938271605
0 0.6302083333333334 0.1882716049382716 0.058159722222222224 0.08641975308641975
0 0.8298611111111112 0.18016975308641975 0.07899305555555555 0.05787037037037037
0 0.6597222222222222 0.11033950617283951 0.03732638888888889 0.037037037037037035
1 0.6903211805555556 0.5740740740740741 0.09244791666666667 0.3487654320987654
1 0.1362847222222222 0.13348765432098766 0.019097222222222224 0.05555555555555555