0 0.1623263888888889 0.22530864197530864 0.18663194444444445 0.22067901234567902
0 0.14322916666666666 0.7681327160493827 0.2855902777777778 0.4637345679012346
0 0.2248263888888889 0.09104938271604938 0.06597222222222222 0.06018518518518518
0 0.5620659722222222 0.11304012345679013 0.059895833333333336 0.06867283950617284
0 0.3550347222222222 0.031635802469135804 0.043402777777777776 0.033950617283950615
0 0.20833333333333334 0.03665123456790124 0.036458333333333336 0.034722222222222224
0 0.3274739583333333 0.02662037037037037 0.030815972222222224 0.031635802469135804
0 0.6121961805555556 0.09722222222222222 0.045572916666666664 0.044753086419753084
0 0.4711371527777778 0.034722222222222224 0.029079861111111112 0.024691358024691357
0 0.1681857638888889 0.0798611111111111 0.028211805555555556 0.05787037037037037
1 0.055989583333333336 0.19637345679012347 0.029513888888888888 0.10262345679012345
1 0.1345486111111111 0.12885802469135801 0.015625 0.05092592592592592
1 0.5282118055555556 0.8645833333333334 0.16927083333333334 0.2708333333333333
1 0.11219618055555555 0.14891975308641975 0.01953125 0.07098765432098765
0 0.2398003472222222 0.025848765432098766 0.030815972222222224 0.036265432098765434
0 0.3980034722222222 0.02816358024691358 0.04600694444444445 0.04089506172839506
0 0.6597222222222222 0.10493827160493827 0.06076388888888889 0.044753086419753084
0 0.6560329861111112 0.14969135802469136 0.0915798611111111 0.07253086419753087
0 0.7962239583333334 0.1697530864197531 0.0993923611111111 0.08333333333333333