0 0.14366319444444445 0.7669753086419753 0.2864583333333333 0.4660493827160494
0 0.3741319444444444 0.13695987654320987 0.09722222222222222 0.0933641975308642
0 0.2398003472222222 0.08950617283950617 0.06640625 0.05864197530864197
0 0.5792100694444444 0.19251543209876543 0.1462673611111111 0.13657407407407407
0 0.3556857638888889 0.02816358024691358 0.04470486111111111 0.03009259259259259
0 0.3103298611111111 0.030478395061728395 0.04079861111111111 0.034722222222222224
0 0.5208333333333334 0.08101851851851852 0.058159722222222224 0.047839506172839504
0 0.8133680555555556 0.21334876543209877 0.11024305555555555 0.0933641975308642
0 0.5920138888888888 0.13541666666666666 0.0798611111111111 0.05632716049382716
0 0.20833333333333334 0.036265432098765434 0.03993055555555555 0.035493827160493825
0 0.8025173611111112 0.3121141975308642 0.13541666666666666 0.1566358024691358
1 0.3009982638888889 0.2785493827160494 0.04123263888888889 0.16820987654320987
0 0.2367621527777778 0.030478395061728395 0.031684027777777776 0.031635802469135804
0 0.2825520833333333 0.02700617283950617 0.019097222222222224 0.033950617283950615
0 0.4932725694444444 0.03665123456790124 0.029947916666666668 0.02700617283950617
0 0.5193142361111112 0.10648148148148148 0.04383680555555555 0.05709876543209876
0 0.5559895833333334 0.10570987654320987 0.052083333333333336 0.05246913580246913
0 0.6480034722222222 0.10802469135802469 0.04079861111111111 0.047839506172839504
0 0.6840277777777778 0.10146604938271606 0.03819444444444445 0.0470679012345679
0 0.7259114583333334 0.12885802469135801 0.031684027777777776 0.05555555555555555