0 0.3572048611111111 0.12384259259259259 0.10069444444444445 0.09799382716049383
0 0.14388020833333334 0.7746913580246914 0.2868923611111111 0.4506172839506173
0 0.2126736111111111 0.08603395061728394 0.052083333333333336 0.05478395061728395
0 0.3513454861111111 0.02700617283950617 0.04383680555555555 0.030864197530864196
0 0.2938368055555556 0.02546296296296296 0.036458333333333336 0.029320987654320986
0 0.5885416666666666 0.15046296296296297 0.08246527777777778 0.07407407407407407
0 0.8014322916666666 0.3148148148148148 0.1228298611111111 0.12808641975308643
0 0.5460069444444444 0.10146604938271606 0.05381944444444445 0.06095679012345679
0 0.20833333333333334 0.035493827160493825 0.036458333333333336 0.035493827160493825
0 0.23502604166666666 0.03202160493827161 0.029079861111111112 0.02854938271604938
1 0.19075520833333334 0.2368827160493827 0.038628472222222224 0.1404320987654321
1 0.03146701388888889 0.21180555555555555 0.018663194444444444 0.1087962962962963
1 0.022569444444444444 0.2052469135802469 0.016493055555555556 0.10493827160493827
0 0.4053819444444444 0.02700617283950617 0.029513888888888888 0.043209876543209874
0 0.4689670138888889 0.03356481481481482 0.023871527777777776 0.03009259259259259
0 0.4965277777777778 0.03587962962962963 0.033854166666666664 0.02854938271604938
0 0.5347222222222222 0.18942901234567902 0.1423611111111111 0.1087962962962963
0 0.5564236111111112 0.11188271604938271 0.050347222222222224 0.05401234567901234
0 0.6675347222222222 0.14660493827160495 0.0720486111111111 0.08333333333333333
0 0.7211371527777778 0.13541666666666666 0.062065972222222224 0.04243827160493827
0 0.7829861111111112 0.2025462962962963 0.13194444444444445 0.13657407407407407