0 0.2879774305555556 0.04089506172839506 0.04296875 0.040123456790123455
0 0.21028645833333334 0.5702160493827161 0.4136284722222222 0.4089506172839506
0 0.3357204861111111 0.02662037037037037 0.039496527777777776 0.031635802469135804
0 0.1872829861111111 0.31983024691358025 0.2738715277777778 0.16126543209876543
0 0.5904947916666666 0.09490740740740741 0.0681423611111111 0.046296296296296294
0 0.22591145833333334 0.03973765432098766 0.04210069444444445 0.02854938271604938
0 0.1423611111111111 0.7708333333333334 0.2838541666666667 0.4583333333333333
0 0.1898871527777778 0.027391975308641976 0.05946180555555555 0.05324074074074074
0 0.6875 0.16319444444444445 0.06076388888888889 0.06558641975308642
0 0.7662760416666666 0.1558641975308642 0.06640625 0.06635802469135803
1 0.6857638888888888 0.5841049382716049 0.07899305555555555 0.3472222222222222
1 0.8059895833333334 0.4591049382716049 0.06076388888888889 0.25308641975308643
1 0.8266059027777778 0.4425154320987654 0.037760416666666664 0.20756172839506173