0 0.1443142361111111 0.7692901234567902 0.2877604166666667 0.46141975308641975
0 0.3502604166666667 0.05169753086419753 0.052083333333333336 0.038580246913580245
0 0.2228732638888889 0.06712962962962964 0.055989583333333336 0.044753086419753084
0 0.2105034722222222 0.033950617283950615 0.03993055555555555 0.033950617283950615
0 0.4809027777777778 0.07484567901234568 0.051215277777777776 0.041666666666666664
0 0.3118489583333333 0.034722222222222224 0.040364583333333336 0.037037037037037035
0 0.4383680555555556 0.14930555555555555 0.1032986111111111 0.10108024691358025
0 0.3869357638888889 0.041666666666666664 0.030815972222222224 0.037037037037037035
0 0.2688802083333333 0.03973765432098766 0.05078125 0.03935185185185185
1 0.3096788194444444 0.18518518518518517 0.029947916666666668 0.13271604938271606
1 0.3483072916666667 0.18171296296296297 0.025607638888888888 0.12422839506172839
1 0.7003038194444444 0.5235339506172839 0.0837673611111111 0.31867283950617287
0 0.7157118055555556 0.2789351851851852 0.15711805555555555 0.1566358024691358
0 0.2387152777777778 0.028935185185185185 0.025173611111111112 0.02854938271604938
0 0.3383246527777778 0.03009259259259259 0.012586805555555556 0.026234567901234566
0 0.4103732638888889 0.04128086419753087 0.039496527777777776 0.05787037037037037
0 0.4743923611111111 0.037037037037037035 0.029513888888888888 0.027777777777777776
0 0.6469184027777778 0.10455246913580248 0.04296875 0.04552469135802469
0 0.6905381944444444 0.15123456790123457 0.06076388888888889 0.08950617283950617
0 0.7855902777777778 0.16743827160493827 0.08506944444444445 0.07407407407407407
0 0.6981336805555556 0.09683641975308642 0.038628472222222224 0.033179012345679014