0 0.2523871527777778 0.08641975308641975 0.0646701388888889 0.05246913580246913
0 0.5132378472222222 0.1099537037037037 0.07769097222222222 0.0625
0 0.21202256944444445 0.5659722222222222 0.4162326388888889 0.4236111111111111
0 0.21202256944444445 0.04398148148148148 0.04296875 0.032407407407407406
0 0.3591579861111111 0.05555555555555555 0.055989583333333336 0.033950617283950615
0 0.2849392361111111 0.04552469135802469 0.03515625 0.032407407407407406
0 0.6234809027777778 0.12422839506172839 0.045572916666666664 0.05864197530864197
0 0.142578125 0.7735339506172839 0.2834201388888889 0.4529320987654321
0 0.3971354166666667 0.13001543209876543 0.0625 0.08873456790123457
0 0.2684461805555556 0.029320987654320986 0.054253472222222224 0.04938271604938271
0 0.3387586805555556 0.03665123456790124 0.031684027777777776 0.023919753086419752
0 0.3713107638888889 0.027777777777777776 0.037760416666666664 0.015432098765432098
0 0.779296875 0.16589506172839505 0.05164930555555555 0.12191358024691358
0 0.5054253472222222 0.04128086419753087 0.029079861111111112 0.023919753086419752
0 0.6848958333333334 0.1091820987654321 0.036458333333333336 0.0625
1 0.7914496527777778 0.41975308641975306 0.05859375 0.21296296296296297