0 0.5731336805555556 0.1400462962962963 0.0837673611111111 0.07021604938271606
0 0.140625 0.7677469135802469 0.2803819444444444 0.45524691358024694
0 0.8355034722222222 0.30671296296296297 0.06163194444444445 0.13503086419753085
0 0.4524739583333333 0.14737654320987653 0.10894097222222222 0.0941358024691358
0 0.3237847222222222 0.05324074074074074 0.04861111111111111 0.035493827160493825
0 0.2769097222222222 0.04359567901234568 0.03993055555555555 0.03780864197530864
0 0.2152777777777778 0.04205246913580247 0.046875 0.034722222222222224
0 0.3982204861111111 0.06172839506172839 0.03602430555555555 0.044753086419753084
0 0.3795572916666667 0.05594135802469136 0.029079861111111112 0.033179012345679014
0 0.5199652777777778 0.07407407407407407 0.08854166666666667 0.08333333333333333
0 0.4019097222222222 0.02854938271604938 0.03125 0.020061728395061727
1 0.20008680555555555 0.3912037037037037 0.07118055555555555 0.25462962962962965
1 0.4830729166666667 0.29822530864197533 0.027777777777777776 0.16743827160493827
1 0.1228298611111111 0.1566358024691358 0.027777777777777776 0.08641975308641975