0 0.2124565972222222 0.5659722222222222 0.4162326388888889 0.4236111111111111
0 0.322265625 0.11651234567901235 0.08723958333333333 0.07407407407407407
0 0.2124565972222222 0.04205246913580247 0.04470486111111111 0.033179012345679014
0 0.2884114583333333 0.032407407407407406 0.024739583333333332 0.026234567901234566
0 0.4086371527777778 0.04050925925925926 0.02734375 0.03009259259259259
0 0.142578125 0.7770061728395061 0.2842881944444444 0.44598765432098764
0 0.3274739583333333 0.029320987654320986 0.05078125 0.05709876543209876
0 0.3630642361111111 0.04128086419753087 0.022135416666666668 0.034722222222222224
0 0.2424045138888889 0.03125 0.017795138888888888 0.033179012345679014
0 0.4993489583333333 0.03935185185185185 0.029947916666666668 0.020061728395061727
0 0.6842447916666666 0.24768518518518517 0.16536458333333334 0.14814814814814814
0 0.7708333333333334 0.17669753086419754 0.07378472222222222 0.07407407407407407
1 0.724609375 0.5320216049382716 0.06987847222222222 0.31867283950617287