0 0.041666666666666664 0.23804012345679013 0.08246527777777778 0.12422839506172839
0 0.20963541666666666 0.03665123456790124 0.0390625 0.033179012345679014
0 0.3433159722222222 0.05401234567901234 0.058159722222222224 0.038580246913580245
0 0.5088975694444444 0.08371913580246913 0.0646701388888889 0.05169753086419753
0 0.5655381944444444 0.08796296296296297 0.05642361111111111 0.05401234567901234
0 0.2825520833333333 0.04552469135802469 0.036458333333333336 0.037037037037037035
0 0.1697048611111111 0.03356481481481482 0.026909722222222224 0.02700617283950617
0 0.376953125 0.035493827160493825 0.023871527777777776 0.035493827160493825
0 0.3452690972222222 0.025848765432098766 0.03689236111111111 0.02546296296296296
0 0.2387152777777778 0.033950617283950615 0.026909722222222224 0.027777777777777776
0 0.6545138888888888 0.08410493827160494 0.059027777777777776 0.06944444444444445
1 0.07921006944444445 0.19290123456790123 0.023003472222222224 0.11882716049382716
1 0.06597222222222222 0.16396604938271606 0.012152777777777778 0.0779320987654321
1 0.6206597222222222 0.8425925925925926 0.1736111111111111 0.3148148148148148
1 0.6217447916666666 0.6770833333333334 0.0915798611111111 0.24614197530864199
1 0.6638454861111112 0.5169753086419753 0.06901041666666667 0.30864197530864196
1 0.7387152777777778 0.5972222222222222 0.08680555555555555 0.39351851851851855
0 0.283203125 0.02353395061728395 0.03602430555555555 0.02854938271604938
0 0.4025607638888889 0.04282407407407408 0.04470486111111111 0.0470679012345679
0 0.421875 0.06327160493827161 0.033854166666666664 0.038580246913580245
0 0.4652777777777778 0.04089506172839506 0.011284722222222222 0.024691358024691357
0 0.48828125 0.03665123456790124 0.0390625 0.031635802469135804
0 0.4815538194444444 0.06751543209876543 0.047309027777777776 0.03780864197530864
0 0.6668836805555556 0.12962962962962962 0.09244791666666667 0.06790123456790123
0 0.8023003472222222 0.16280864197530864 0.06293402777777778 0.06172839506172839