0 0.095703125 0.40239197530864196 0.1879340277777778 0.2492283950617284
0 0.3157552083333333 0.10069444444444445 0.0759548611111111 0.07330246913580248
0 0.142578125 0.7716049382716049 0.2842881944444444 0.4567901234567901
0 0.2962239583333333 0.04205246913580247 0.04904513888888889 0.034722222222222224
0 0.5394965277777778 0.19637345679012347 0.1310763888888889 0.1087962962962963
0 0.4967447916666667 0.10686728395061729 0.05251736111111111 0.0625
0 0.7651909722222222 0.2789351851851852 0.1796875 0.16898148148148148
0 0.5549045138888888 0.1095679012345679 0.04470486111111111 0.05246913580246913
0 0.3240017361111111 0.027391975308641976 0.032552083333333336 0.02546296296296296
0 0.5779079861111112 0.14891975308641975 0.08463541666666667 0.07407407407407407
0 0.3971354166666667 0.13734567901234568 0.078125 0.08333333333333333
0 0.6234809027777778 0.13233024691358025 0.03689236111111111 0.0779320987654321
0 0.20789930555555555 0.03587962962962963 0.03819444444444445 0.033179012345679014
0 0.8211805555555556 0.18942901234567902 0.09027777777777778 0.07021604938271606
0 0.6764322916666666 0.10108024691358025 0.038628472222222224 0.06172839506172839
0 0.3997395833333333 0.028935185185185185 0.025173611111111112 0.02700617283950617
1 0.5384114583333334 0.33757716049382713 0.04904513888888889 0.19212962962962962
0 0.23719618055555555 0.02854938271604938 0.03342013888888889 0.029320987654320986
0 0.4817708333333333 0.034722222222222224 0.034722222222222224 0.032407407407407406
0 0.7243923611111112 0.1253858024691358 0.033854166666666664 0.05324074074074074
0 0.8502604166666666 0.1739969135802469 0.04861111111111111 0.07021604938271606