0 0.10199652777777778 0.2646604938271605 0.1796875 0.21141975308641975
0 0.21158854166666666 0.5694444444444444 0.4171006944444444 0.41512345679012347
0 0.3821614583333333 0.1743827160493827 0.10286458333333333 0.11419753086419752
0 0.1779513888888889 0.08641975308641975 0.04861111111111111 0.046296296296296294
0 0.5223524305555556 0.0763888888888889 0.04383680555555555 0.043209876543209874
0 0.19032118055555555 0.040123456790123455 0.03515625 0.030864197530864196
0 0.484375 0.0775462962962963 0.03819444444444445 0.04552469135802469
0 0.3057725694444444 0.04128086419753087 0.023871527777777776 0.034722222222222224
0 0.2808159722222222 0.04513888888888889 0.033854166666666664 0.033179012345679014
0 0.2545572916666667 0.037037037037037035 0.05078125 0.037037037037037035
0 0.3695746527777778 0.05131172839506173 0.06380208333333333 0.05478395061728395
0 0.14344618055555555 0.7716049382716049 0.2860243055555556 0.4567901234567901
0 0.4058159722222222 0.036265432098765434 0.029513888888888888 0.027777777777777776
0 0.3296440972222222 0.03202160493827161 0.02734375 0.02854938271604938
0 0.7873263888888888 0.2199074074074074 0.09375 0.10185185185185185
1 0.10611979166666667 0.15162037037037038 0.016927083333333332 0.06558641975308642
1 0.7999131944444444 0.44290123456790126 0.07118055555555555 0.24382716049382716