0 0.19596354166666666 0.6053240740740741 0.3910590277777778 0.408179012345679
0 0.09092881944444445 0.2199074074074074 0.15321180555555555 0.12345679012345678
0 0.5657552083333334 0.1736111111111111 0.11241319444444445 0.10648148148148148
0 0.5460069444444444 0.09027777777777778 0.0876736111111111 0.06172839506172839
0 0.2795138888888889 0.03202160493827161 0.03993055555555555 0.02854938271604938
0 0.3693576388888889 0.06095679012345679 0.05642361111111111 0.040123456790123455
0 0.3723958333333333 0.03433641975308642 0.03732638888888889 0.02546296296296296
0 0.20399305555555555 0.031635802469135804 0.028645833333333332 0.021604938271604937
0 0.4952256944444444 0.040123456790123455 0.03298611111111111 0.021604938271604937
0 0.8068576388888888 0.18094135802469136 0.08854166666666667 0.06404320987654322
1 0.14366319444444445 0.12924382716049382 0.0234375 0.06712962962962964