0 0.3107638888888889 0.19560185185185186 0.1267361111111111 0.14583333333333334
0 0.1955295138888889 0.6084104938271605 0.3901909722222222 0.4050925925925926
0 0.09049479166666667 0.2199074074074074 0.1540798611111111 0.125
0 0.3352864583333333 0.025848765432098766 0.03342013888888889 0.02546296296296296
0 0.3891059027777778 0.059027777777777776 0.04991319444444445 0.04398148148148148
0 0.2790798611111111 0.03279320987654321 0.041666666666666664 0.03009259259259259
0 0.4802517361111111 0.15200617283950618 0.04904513888888889 0.0941358024691358
0 0.3862847222222222 0.031635802469135804 0.034722222222222224 0.026234567901234566
0 0.7858072916666666 0.15432098765432098 0.0837673611111111 0.043209876543209874
0 0.6885850694444444 0.12924382716049382 0.061197916666666664 0.05632716049382716
0 0.6558159722222222 0.11496913580246913 0.04513888888888889 0.046296296296296294
0 0.4678819444444444 0.03742283950617284 0.019097222222222224 0.031635802469135804
1 0.5284288194444444 0.6346450617283951 0.08463541666666667 0.36651234567901236
1 0.7239583333333334 0.5081018518518519 0.07118055555555555 0.32175925925925924
1 0.7936197916666666 0.466820987654321 0.07421875 0.25925925925925924
1 0.1896701388888889 0.1095679012345679 0.012152777777777778 0.06790123456790123