0 0.1430121527777778 0.7692901234567902 0.28515625 0.46141975308641975
0 0.32421875 0.029320987654320986 0.041666666666666664 0.032407407407407406
0 0.3806423611111111 0.18094135802469136 0.11458333333333333 0.11496913580246913
0 0.041666666666666664 0.3248456790123457 0.08246527777777778 0.19444444444444445
0 0.623046875 0.10648148148148148 0.0802951388888889 0.12808641975308643
0 0.3860677083333333 0.038580246913580245 0.028211805555555556 0.033950617283950615
0 0.20768229166666666 0.03819444444444445 0.03602430555555555 0.033179012345679014
0 0.23741319444444445 0.036265432098765434 0.03125 0.027777777777777776
1 0.7144097222222222 0.560570987654321 0.09375 0.3125
1 0.12065972222222222 0.15470679012345678 0.020833333333333332 0.08719135802469136
1 0.1909722222222222 0.12654320987654322 0.008680555555555556 0.07561728395061729
0 0.2840711805555556 0.02546296296296296 0.031684027777777776 0.035493827160493825
0 0.392578125 0.030864197530864196 0.04470486111111111 0.029320987654320986
0 0.47265625 0.040123456790123455 0.026909722222222224 0.033950617283950615
0 0.5143229166666666 0.03896604938271605 0.025173611111111112 0.017746913580246913
0 0.5826822916666666 0.08834876543209877 0.029079861111111112 0.06558641975308642
0 0.7233072916666666 0.11844135802469136 0.039496527777777776 0.05941358024691358
0 0.7530381944444444 0.16589506172839505 0.0763888888888889 0.07253086419753087