0 0.14388020833333334 0.7716049382716049 0.2868923611111111 0.4567901234567901
0 0.2243923611111111 0.03780864197530864 0.046875 0.033950617283950615
0 0.6111111111111112 0.10532407407407407 0.041666666666666664 0.05015432098765432
0 0.3070746527777778 0.04436728395061729 0.04383680555555555 0.03780864197530864
0 0.7905815972222222 0.22029320987654322 0.10460069444444445 0.11033950617283951
0 0.5696614583333334 0.11998456790123457 0.045572916666666664 0.0933641975308642
0 0.4008246527777778 0.032407407407407406 0.03602430555555555 0.037037037037037035
0 0.4611545138888889 0.14660493827160495 0.10286458333333333 0.08487654320987655
0 0.6903211805555556 0.11998456790123457 0.04383680555555555 0.05632716049382716
1 0.050347222222222224 0.18479938271604937 0.020833333333333332 0.10262345679012345
0 0.3244357638888889 0.034722222222222224 0.055989583333333336 0.05555555555555555
0 0.3745659722222222 0.037037037037037035 0.024305555555555556 0.037037037037037035
0 0.7150607638888888 0.2527006172839506 0.1584201388888889 0.14891975308641975