0 0.14453125 0.7704475308641975 0.2881944444444444 0.4591049382716049
0 0.20963541666666666 0.03935185185185185 0.04600694444444445 0.030864197530864196
0 0.3756510416666667 0.04050925925925926 0.030815972222222224 0.033179012345679014
0 0.3107638888888889 0.04552469135802469 0.050347222222222224 0.035493827160493825
0 0.5006510416666666 0.11612654320987655 0.055989583333333336 0.06558641975308642
0 0.2534722222222222 0.041666666666666664 0.04513888888888889 0.035493827160493825
0 0.8415798611111112 0.1840277777777778 0.06076388888888889 0.06558641975308642
0 0.40625 0.03510802469135803 0.034722222222222224 0.02700617283950617
0 0.4789496527777778 0.038580246913580245 0.03515625 0.026234567901234566
0 0.330078125 0.03935185185185185 0.03428819444444445 0.037037037037037035
0 0.7454427083333334 0.18557098765432098 0.1410590277777778 0.19367283950617284
1 0.6818576388888888 0.3854166666666667 0.058159722222222224 0.2029320987654321
1 0.5384114583333334 0.8564814814814815 0.1332465277777778 0.28703703703703703
1 0.15907118055555555 0.10262345679012345 0.006510416666666667 0.05709876543209876
0 0.1677517361111111 0.03819444444444445 0.022135416666666668 0.02546296296296296
0 0.22265625 0.02700617283950617 0.03732638888888889 0.029320987654320986
0 0.2819010416666667 0.02970679012345679 0.03515625 0.02700617283950617
0 0.3426649305555556 0.027777777777777776 0.03689236111111111 0.035493827160493825
0 0.6751302083333334 0.10069444444444445 0.037760416666666664 0.05015432098765432