0 0.14322916666666666 0.7692901234567902 0.2855902777777778 0.46141975308641975
0 0.5651041666666666 0.09722222222222222 0.0703125 0.05401234567901234
0 0.2736545138888889 0.04282407407407408 0.047309027777777776 0.03935185185185185
0 0.3585069444444444 0.05478395061728395 0.057291666666666664 0.040123456790123455
0 0.2074652777777778 0.031635802469135804 0.03819444444444445 0.032407407407407406
0 0.5125868055555556 0.07484567901234568 0.04774305555555555 0.05092592592592592
0 0.6688368055555556 0.10455246913580248 0.033854166666666664 0.034722222222222224
0 0.4934895833333333 0.038580246913580245 0.04079861111111111 0.029320987654320986
1 0.6751302083333334 0.6226851851851852 0.10026041666666667 0.39351851851851855
1 0.7391493055555556 0.4425154320987654 0.05642361111111111 0.26774691358024694
1 0.1773003472222222 0.1087962962962963 0.012586805555555556 0.07716049382716049
0 0.8337673611111112 0.19251543209876543 0.07899305555555555 0.07484567901234568
0 0.7601996527777778 0.14776234567901234 0.0646701388888889 0.05478395061728395
0 0.7278645833333334 0.11651234567901235 0.026909722222222224 0.041666666666666664
0 0.701171875 0.10030864197530864 0.03428819444444445 0.04938271604938271
0 0.2458767361111111 0.03356481481481482 0.014322916666666666 0.033179012345679014
0 0.17078993055555555 0.04050925925925926 0.028211805555555556 0.03009259259259259
0 0.3589409722222222 0.03780864197530864 0.1032986111111111 0.06635802469135803