0 0.14453125 0.7692901234567902 0.2881944444444444 0.46141975308641975
0 0.4392361111111111 0.1701388888888889 0.1154513888888889 0.09490740740740741
0 0.2875434027777778 0.041666666666666664 0.047309027777777776 0.041666666666666664
0 0.3513454861111111 0.05478395061728395 0.055121527777777776 0.041666666666666664
0 0.5579427083333334 0.08834876543209877 0.05078125 0.0625
0 0.20833333333333334 0.03780864197530864 0.04079861111111111 0.033950617283950615
0 0.026475694444444444 0.2959104938271605 0.052083333333333336 0.2353395061728395
1 0.8263888888888888 0.44290123456790126 0.0625 0.2006172839506173
0 0.18489583333333334 0.03510802469135803 0.027777777777777776 0.02700617283950617
0 0.3413628472222222 0.032407407407407406 0.031684027777777776 0.023148148148148147
0 0.3873697916666667 0.025848765432098766 0.031684027777777776 0.017746913580246913
0 0.4095052083333333 0.033950617283950615 0.028211805555555556 0.029320987654320986
0 0.3904079861111111 0.04976851851851852 0.04383680555555555 0.04089506172839506
0 0.4320746527777778 0.060570987654320986 0.0681423611111111 0.04398148148148148
0 0.4676649305555556 0.03587962962962963 0.023871527777777776 0.034722222222222224
0 0.5260416666666666 0.11689814814814815 0.04861111111111111 0.07021604938271606
0 0.6061197916666666 0.09143518518518519 0.05078125 0.04089506172839506
0 0.6408420138888888 0.11766975308641975 0.07161458333333333 0.05632716049382716
0 0.7115885416666666 0.11805555555555555 0.07769097222222222 0.05864197530864197
0 0.7274305555555556 0.16203703703703703 0.059027777777777776 0.09104938271604938
0 0.8602430555555556 0.2037037037037037 0.028645833333333332 0.047839506172839504