0 0.1950954861111111 0.6091820987654321 0.3893229166666667 0.39737654320987653
0 0.08311631944444445 0.30516975308641975 0.16536458333333334 0.24768518518518517
0 0.6167534722222222 0.10416666666666667 0.057291666666666664 0.043209876543209874
0 0.3658854166666667 0.04050925925925926 0.0234375 0.02700617283950617
0 0.3932291666666667 0.0466820987654321 0.033854166666666664 0.02854938271604938
0 0.21397569444444445 0.024305555555555556 0.042534722222222224 0.031635802469135804
0 0.08875868055555555 0.2010030864197531 0.14366319444444445 0.08873456790123457
0 0.275390625 0.027391975308641976 0.021267361111111112 0.022376543209876542
0 0.6681857638888888 0.10339506172839506 0.03602430555555555 0.047839506172839504
0 0.4715711805555556 0.07137345679012345 0.029079861111111112 0.03935185185185185
0 0.7725694444444444 0.14621913580246915 0.05381944444444445 0.05015432098765432
0 0.8430989583333334 0.19020061728395063 0.06032986111111111 0.06095679012345679
1 0.5190972222222222 0.3314043209876543 0.036458333333333336 0.18595679012345678
1 0.11631944444444445 0.18248456790123457 0.019965277777777776 0.034722222222222224