0 0.083984375 0.22029320987654322 0.16536458333333334 0.12422839506172839
0 0.3546006944444444 0.031635802469135804 0.043402777777777776 0.029320987654320986
0 0.2866753472222222 0.034722222222222224 0.03515625 0.027777777777777776
0 0.14127604166666666 0.751929012345679 0.2816840277777778 0.4853395061728395
0 0.3706597222222222 0.1875 0.11284722222222222 0.15432098765432098
0 0.5835503472222222 0.1431327160493827 0.047309027777777776 0.07021604938271606
0 0.408203125 0.037037037037037035 0.022135416666666668 0.027777777777777776
0 0.22569444444444445 0.04089506172839506 0.04774305555555555 0.038580246913580245
0 0.4904513888888889 0.033950617283950615 0.044270833333333336 0.029320987654320986
0 0.6100260416666666 0.10069444444444445 0.03515625 0.03935185185185185
0 0.3051215277777778 0.02970679012345679 0.0234375 0.02854938271604938
0 0.7476128472222222 0.19598765432098766 0.0681423611111111 0.10339506172839506
1 0.5112847222222222 0.8715277777777778 0.1189236111111111 0.2569444444444444