0 0.453125 0.2800925925925926 0.19270833333333334 0.16512345679012347
0 0.1443142361111111 0.7685185185185185 0.2877604166666667 0.46296296296296297
0 0.2185329861111111 0.06712962962962964 0.055989583333333336 0.047839506172839504
0 0.3949652777777778 0.03009259259259259 0.0390625 0.032407407407407406
0 0.31640625 0.020833333333333332 0.03819444444444445 0.029320987654320986
0 0.6189236111111112 0.12229938271604938 0.0859375 0.06404320987654322
0 0.2163628472222222 0.032407407407407406 0.032552083333333336 0.026234567901234566
0 0.8044704861111112 0.1863425925925926 0.08723958333333333 0.06558641975308642
0 0.23524305555555555 0.03780864197530864 0.03211805555555555 0.027777777777777776
1 0.7230902777777778 0.4880401234567901 0.06510416666666667 0.30632716049382713
1 0.7437065972222222 0.3726851851851852 0.038628472222222224 0.14660493827160495
1 0.7493489583333334 0.29205246913580246 0.018663194444444444 0.033179012345679014
0 0.75 0.2357253086419753 0.14930555555555555 0.1566358024691358
0 0.7790798611111112 0.14891975308641975 0.07291666666666667 0.047839506172839504
0 0.6935763888888888 0.10493827160493827 0.03732638888888889 0.044753086419753084
0 0.7228732638888888 0.11535493827160494 0.039496527777777776 0.05632716049382716
0 0.7523871527777778 0.11612654320987655 0.02734375 0.04552469135802469