0 0.5045572916666666 0.07523148148148148 0.054253472222222224 0.04089506172839506
0 0.1953125 0.6041666666666666 0.3897569444444444 0.4058641975308642
0 0.5935329861111112 0.1743827160493827 0.07682291666666667 0.10493827160493827
0 0.09071180555555555 0.22029320987654322 0.1527777777777778 0.12268518518518519
0 0.2975260416666667 0.025848765432098766 0.04296875 0.023919753086419752
0 0.21592881944444445 0.04243827160493827 0.04904513888888889 0.032407407407407406
0 0.3669704861111111 0.023919753086419752 0.07335069444444445 0.046296296296296294
0 0.853515625 0.2006172839506173 0.040364583333333336 0.05246913580246913
0 0.8140190972222222 0.16550925925925927 0.06380208333333333 0.03935185185185185
0 0.7124565972222222 0.15316358024691357 0.10026041666666667 0.07021604938271606
1 0.1953125 0.11728395061728394 0.015625 0.07407407407407407