0 0.1443142361111111 0.7723765432098766 0.2877604166666667 0.45524691358024694
0 0.5338541666666666 0.16010802469135801 0.11631944444444445 0.10262345679012345
0 0.2849392361111111 0.08641975308641975 0.07074652777777778 0.06172839506172839
0 0.591796875 0.09876543209876543 0.06987847222222222 0.047839506172839504
0 0.3135850694444444 0.04398148148148148 0.05251736111111111 0.038580246913580245
0 0.3758680555555556 0.055169753086419755 0.0546875 0.03780864197530864
0 0.2417534722222222 0.03896604938271605 0.044270833333333336 0.033179012345679014
0 0.4921875 0.07716049382716049 0.059027777777777776 0.05864197530864197
0 0.18815104166666666 0.035493827160493825 0.04991319444444445 0.035493827160493825
1 0.19444444444444445 0.11188271604938271 0.015625 0.07716049382716049
0 0.23350694444444445 0.02546296296296296 0.03819444444444445 0.026234567901234566
0 0.23524305555555555 0.04243827160493827 0.034722222222222224 0.033950617283950615
0 0.2677951388888889 0.03202160493827161 0.0234375 0.04089506172839506
0 0.3350694444444444 0.03587962962962963 0.024305555555555556 0.033179012345679014
0 0.3630642361111111 0.03665123456790124 0.031684027777777776 0.031635802469135804
0 0.388671875 0.019675925925925927 0.06032986111111111 0.034722222222222224
0 0.4010416666666667 0.03202160493827161 0.035590277777777776 0.022376543209876542
0 0.4040798611111111 0.04938271604938271 0.034722222222222224 0.038580246913580245
0 0.5301649305555556 0.0779320987654321 0.031684027777777776 0.05401234567901234
0 0.6655815972222222 0.12422839506172839 0.07335069444444445 0.06481481481481481
0 0.8493923611111112 0.17746913580246915 0.04774305555555555 0.05864197530864197
0 0.8615451388888888 0.21334876543209877 0.025173611111111112 0.04552469135802469