0 0.265625 0.10339506172839506 0.07378472222222222 0.06481481481481481
0 0.20985243055555555 0.5640432098765432 0.4188368055555556 0.41512345679012347
0 0.4943576388888889 0.07407407407407407 0.042534722222222224 0.043209876543209874
0 0.5670572916666666 0.0933641975308642 0.06640625 0.05401234567901234
0 0.3409288194444444 0.05632716049382716 0.05685763888888889 0.041666666666666664
0 0.8452690972222222 0.24228395061728394 0.04470486111111111 0.10185185185185185
0 0.3697916666666667 0.03009259259259259 0.03732638888888889 0.030864197530864196
0 0.3940972222222222 0.13618827160493827 0.0685763888888889 0.09027777777777778
0 0.2845052083333333 0.04398148148148148 0.03515625 0.035493827160493825
0 0.4112413194444444 0.05401234567901234 0.028211805555555556 0.029320987654320986
0 0.14388020833333334 0.7739197530864198 0.2868923611111111 0.4506172839506173
0 0.1909722222222222 0.043209876543209874 0.043402777777777776 0.027777777777777776
0 0.2306857638888889 0.02970679012345679 0.039496527777777776 0.033179012345679014
0 0.6354166666666666 0.1099537037037037 0.06770833333333333 0.05015432098765432
0 0.4798177083333333 0.026234567901234566 0.040364583333333336 0.046296296296296294
0 0.322265625 0.024305555555555556 0.04991319444444445 0.04552469135802469
0 0.7261284722222222 0.26427469135802467 0.16145833333333334 0.16589506172839505
0 0.646484375 0.1875 0.08723958333333333 0.10493827160493827
0 0.7593315972222222 0.16550925925925927 0.05164930555555555 0.08410493827160494
1 0.6440972222222222 0.8337191358024691 0.140625 0.3325617283950617
1 0.7374131944444444 0.44328703703703703 0.042534722222222224 0.2569444444444444
1 0.7630208333333334 0.4158950617283951 0.046875 0.23765432098765432