0 0.2966579861111111 0.21141975308641975 0.15234375 0.13580246913580246
0 0.1955295138888889 0.6161265432098766 0.3901909722222222 0.37114197530864196
0 0.5512152777777778 0.25308641975308643 0.1857638888888889 0.1404320987654321
0 0.09049479166666667 0.22029320987654322 0.15147569444444445 0.12422839506172839
0 0.388671875 0.03433641975308642 0.029079861111111112 0.02854938271604938
0 0.4763454861111111 0.07291666666666667 0.039496527777777776 0.04398148148148148
0 0.15364583333333334 0.3533950617283951 0.2699652777777778 0.1728395061728395
0 0.7712673611111112 0.16512345679012347 0.05381944444444445 0.06018518518518518
0 0.6640625 0.10532407407407407 0.027777777777777776 0.036265432098765434
0 0.7100694444444444 0.08912037037037036 0.020833333333333332 0.04398148148148148
1 0.6501736111111112 0.48996913580246915 0.07291666666666667 0.279320987654321
1 0.7176649305555556 0.527391975308642 0.062065972222222224 0.30632716049382713
1 0.6004774305555556 0.7951388888888888 0.11588541666666667 0.4097222222222222
1 0.7415364583333334 0.4486882716049383 0.045572916666666664 0.2507716049382716
1 0.7749565972222222 0.47530864197530864 0.048177083333333336 0.24228395061728394
1 0.8218315972222222 0.4367283950617284 0.04991319444444445 0.21604938271604937