0 0.19466145833333334 0.6126543209876543 0.3884548611111111 0.39351851851851855
0 0.1284722222222222 0.29205246913580246 0.2092013888888889 0.19212962962962962
0 0.3760850694444444 0.19328703703703703 0.10633680555555555 0.11959876543209877
0 0.3747829861111111 0.03896604938271605 0.026475694444444444 0.031635802469135804
0 0.2719184027777778 0.04513888888888889 0.046440972222222224 0.03935185185185185
0 0.08745659722222222 0.22299382716049382 0.14539930555555555 0.125
0 0.2152777777777778 0.04359567901234568 0.04774305555555555 0.033179012345679014
0 0.337890625 0.03510802469135803 0.026475694444444444 0.02546296296296296
0 0.4036458333333333 0.0466820987654321 0.042534722222222224 0.04243827160493827
0 0.3114149305555556 0.041666666666666664 0.028211805555555556 0.033950617283950615
0 0.7393663194444444 0.17592592592592593 0.08463541666666667 0.07561728395061729
0 0.8504774305555556 0.20717592592592593 0.04470486111111111 0.05169753086419753
1 0.5694444444444444 0.3402777777777778 0.05381944444444445 0.1882716049382716