0 0.19466145833333334 0.6030092592592593 0.3884548611111111 0.4158950617283951
0 0.5206163194444444 0.09529320987654322 0.0802951388888889 0.09490740740740741
0 0.5444878472222222 0.25462962962962965 0.16710069444444445 0.16049382716049382
0 0.0896267361111111 0.2199074074074074 0.15147569444444445 0.12191358024691358
0 0.3148871527777778 0.03780864197530864 0.04904513888888889 0.037037037037037035
0 0.4027777777777778 0.034722222222222224 0.036458333333333336 0.032407407407407406
0 0.3433159722222222 0.03356481481481482 0.03211805555555555 0.02854938271604938
0 0.7378472222222222 0.25887345679012347 0.16145833333333334 0.16280864197530864
0 0.8148871527777778 0.2322530864197531 0.05685763888888889 0.07716049382716049
0 0.6790364583333334 0.11072530864197531 0.03515625 0.04398148148148148
0 0.4010416666666667 0.13580246913580246 0.0390625 0.07561728395061729
0 0.4811197916666667 0.03973765432098766 0.03515625 0.023919753086419752
1 0.7072482638888888 0.5999228395061729 0.08897569444444445 0.39891975308641975
1 0.19422743055555555 0.1087962962962963 0.017795138888888888 0.07716049382716049
1 0.023654513888888888 0.18171296296296297 0.01953125 0.0763888888888889
1 0.4322916666666667 0.8881172839506173 0.09461805555555555 0.22376543209876543