0 0.040581597222222224 0.24498456790123457 0.0802951388888889 0.13657407407407407
0 0.3461371527777778 0.05324074074074074 0.054253472222222224 0.041666666666666664
0 0.5177951388888888 0.08641975308641975 0.06944444444444445 0.05709876543209876
0 0.841796875 0.18248456790123457 0.05859375 0.06404320987654322
0 0.2309027777777778 0.03819444444444445 0.0390625 0.031635802469135804
0 0.1948784722222222 0.033950617283950615 0.03819444444444445 0.032407407407407406
0 0.2860243055555556 0.04282407407407408 0.04079861111111111 0.031635802469135804
0 0.6317274305555556 0.10300925925925926 0.06987847222222222 0.05941358024691358
0 0.4047309027777778 0.045910493827160496 0.037760416666666664 0.036265432098765434
0 0.3715277777777778 0.024305555555555556 0.043402777777777776 0.036265432098765434
0 0.6638454861111112 0.08487654320987655 0.05164930555555555 0.07098765432098765
1 0.055989583333333336 0.2353395061728395 0.026041666666666668 0.1404320987654321
1 0.019748263888888888 0.16550925925925927 0.017795138888888888 0.04089506172839506
0 0.1694878472222222 0.03742283950617284 0.028211805555555556 0.031635802469135804
0 0.2267795138888889 0.022376543209876542 0.031684027777777776 0.026234567901234566
0 0.2940538194444444 0.02854938271604938 0.04210069444444445 0.032407407407407406
0 0.3276909722222222 0.03819444444444445 0.043402777777777776 0.034722222222222224
0 0.3595920138888889 0.027391975308641976 0.017795138888888888 0.020833333333333332
0 0.3734809027777778 0.03819444444444445 0.023871527777777776 0.03780864197530864
0 0.4787326388888889 0.037037037037037035 0.03819444444444445 0.026234567901234566
0 0.4366319444444444 0.06597222222222222 0.06076388888888889 0.034722222222222224
0 0.5529513888888888 0.08333333333333333 0.03298611111111111 0.05246913580246913
0 0.7313368055555556 0.1404320987654321 0.0720486111111111 0.06172839506172839
0 0.728515625 0.1095679012345679 0.030815972222222224 0.035493827160493825