0 0.3348524305555556 0.2800925925925926 0.18359375 0.19753086419753085
0 0.1948784722222222 0.6091820987654321 0.3880208333333333 0.39737654320987653
0 0.3311631944444444 0.11381172839506173 0.0876736111111111 0.07021604938271606
0 0.1273871527777778 0.26967592592592593 0.1853298611111111 0.21064814814814814
0 0.498046875 0.07253086419753087 0.046440972222222224 0.041666666666666664
0 0.4874131944444444 0.16782407407407407 0.06944444444444445 0.0933641975308642
0 0.5770399305555556 0.12345679012345678 0.05772569444444445 0.05864197530864197
0 0.3580729166666667 0.032407407407407406 0.03993055555555555 0.032407407407407406
0 0.07096354166666667 0.22530864197530864 0.11414930555555555 0.11728395061728394
0 0.3865017361111111 0.03356481481481482 0.03602430555555555 0.02700617283950617
0 0.23546006944444445 0.04398148148148148 0.03342013888888889 0.029320987654320986
0 0.62890625 0.09606481481481481 0.05642361111111111 0.03780864197530864
0 0.2345920138888889 0.02700617283950617 0.028211805555555556 0.018518518518518517
0 0.4917534722222222 0.03587962962962963 0.052083333333333336 0.033179012345679014
0 0.6888020833333334 0.2692901234567901 0.18663194444444445 0.16820987654320987
0 0.859375 0.2056327160493827 0.03211805555555555 0.03780864197530864
0 0.8407118055555556 0.1728395061728395 0.052083333333333336 0.041666666666666664
0 0.775390625 0.16859567901234568 0.06727430555555555 0.05324074074074074
1 0.6263020833333334 0.6091820987654321 0.09375 0.36651234567901236
1 0.6892361111111112 0.6277006172839507 0.09288194444444445 0.3603395061728395
1 0.7311197916666666 0.47646604938271603 0.053385416666666664 0.2662037037037037