0 0.212890625 0.5713734567901234 0.4136284722222222 0.4112654320987654
0 0.05750868055555555 0.2935956790123457 0.11414930555555555 0.2199074074074074
0 0.3602430555555556 0.056712962962962965 0.05381944444444445 0.036265432098765434
0 0.1684027777777778 0.0775462962962963 0.030381944444444444 0.05324074074074074
0 0.21592881944444445 0.04050925925925926 0.045572916666666664 0.033179012345679014
0 0.3168402777777778 0.04359567901234568 0.043402777777777776 0.033179012345679014
0 0.28515625 0.04552469135802469 0.033854166666666664 0.033950617283950615
0 0.4782986111111111 0.06520061728395062 0.022569444444444444 0.0470679012345679
0 0.1423611111111111 0.7746913580246914 0.2838541666666667 0.4506172839506173
0 0.4032118055555556 0.0470679012345679 0.0234375 0.041666666666666664
0 0.6252170138888888 0.10532407407407407 0.053385416666666664 0.07330246913580248
0 0.6694878472222222 0.10532407407407407 0.03515625 0.04398148148148148
0 0.7808159722222222 0.17939814814814814 0.07465277777777778 0.10108024691358025
0 0.2625868055555556 0.026234567901234566 0.04774305555555555 0.040123456790123455
0 0.3450520833333333 0.02044753086419753 0.024305555555555556 0.03780864197530864
1 0.4142795138888889 0.3125 0.023003472222222224 0.17592592592592593