0 0.4947916666666667 0.07523148148148148 0.044270833333333336 0.04089506172839506
0 0.3155381944444444 0.1111111111111111 0.07899305555555555 0.07561728395061729
0 0.1870659722222222 0.24035493827160495 0.2326388888888889 0.2199074074074074
0 0.22352430555555555 0.09375 0.06510416666666667 0.05941358024691358
0 0.3433159722222222 0.05709876543209876 0.058159722222222224 0.040123456790123455
0 0.2085503472222222 0.5617283950617284 0.4162326388888889 0.41512345679012347
0 0.5770399305555556 0.14776234567901234 0.06032986111111111 0.07947530864197531
0 0.5690104166666666 0.08641975308641975 0.06076388888888889 0.044753086419753084
0 0.28515625 0.044753086419753084 0.034722222222222224 0.035493827160493825
0 0.4420572916666667 0.13387345679012347 0.10980902777777778 0.12731481481481483
0 0.2224392361111111 0.03973765432098766 0.03515625 0.03009259259259259
0 0.14344618055555555 0.7731481481481481 0.2860243055555556 0.4521604938271605
0 0.1890190972222222 0.040123456790123455 0.037760416666666664 0.029320987654320986
0 0.3595920138888889 0.024691358024691357 0.040364583333333336 0.021604938271604937
0 0.32421875 0.03665123456790124 0.024305555555555556 0.034722222222222224
0 0.3756510416666667 0.047453703703703706 0.026475694444444444 0.031635802469135804
0 0.7647569444444444 0.19830246913580246 0.09027777777777778 0.10030864197530864
1 0.7365451388888888 0.4444444444444444 0.042534722222222224 0.25925925925925924
1 0.7623697916666666 0.41010802469135804 0.045572916666666664 0.2492283950617284