0 0.2417534722222222 0.23842592592592593 0.1753472222222222 0.19135802469135801
0 0.1953125 0.6057098765432098 0.3897569444444444 0.4058641975308642
0 0.3096788194444444 0.048996913580246916 0.04904513888888889 0.03935185185185185
0 0.09027777777777778 0.22029320987654322 0.1527777777777778 0.12114197530864197
0 0.6197916666666666 0.25848765432098764 0.1831597222222222 0.15895061728395063
0 0.5941840277777778 0.10609567901234568 0.0642361111111111 0.05941358024691358
0 0.8365885416666666 0.2596450617283951 0.05946180555555555 0.09953703703703703
0 0.20182291666666666 0.03587962962962963 0.028645833333333332 0.02546296296296296
0 0.2517361111111111 0.03665123456790124 0.0390625 0.03780864197530864
0 0.4711371527777778 0.03780864197530864 0.030815972222222224 0.030864197530864196
0 0.6838107638888888 0.10725308641975309 0.029079861111111112 0.037037037037037035
1 0.7513020833333334 0.4849537037037037 0.07465277777777778 0.32021604938271603