0 0.3088107638888889 0.10339506172839506 0.07682291666666667 0.06327160493827161
0 0.2131076388888889 0.5667438271604939 0.4105902777777778 0.42669753086419754
0 0.2875434027777778 0.040123456790123455 0.04470486111111111 0.040123456790123455
0 0.035590277777777776 0.3005401234567901 0.0703125 0.18904320987654322
0 0.3832465277777778 0.02700617283950617 0.029513888888888888 0.024691358024691357
0 0.2269965277777778 0.03935185185185185 0.04079861111111111 0.032407407407407406
0 0.8444010416666666 0.2496141975308642 0.048177083333333336 0.08564814814814815
0 0.14192708333333334 0.7727623456790124 0.2829861111111111 0.45447530864197533
0 0.7951388888888888 0.17978395061728394 0.0798611111111111 0.06327160493827161
1 0.8305121527777778 0.43287037037037035 0.04383680555555555 0.20833333333333334
1 0.64453125 0.6655092592592593 0.09895833333333333 0.38040123456790126
1 0.6905381944444444 0.5682870370370371 0.0546875 0.30169753086419754
1 0.7309027777777778 0.6180555555555556 0.057291666666666664 0.24537037037037038