0 0.4752604166666667 0.24768518518518517 0.1909722222222222 0.16820987654320987
0 0.3025173611111111 0.029320987654320986 0.0390625 0.032407407407407406
0 0.09027777777777778 0.2195216049382716 0.1527777777777778 0.11959876543209877
0 0.2612847222222222 0.22492283950617284 0.16927083333333334 0.15354938271604937
0 0.1948784722222222 0.6068672839506173 0.3888888888888889 0.39891975308641975
0 0.5549045138888888 0.12692901234567902 0.061197916666666664 0.06404320987654322
0 0.09309895833333333 0.36612654320987653 0.1853298611111111 0.12885802469135801
0 0.5115017361111112 0.16358024691358025 0.07855902777777778 0.07098765432098765
0 0.3856336805555556 0.041666666666666664 0.04123263888888889 0.035493827160493825
0 0.2398003472222222 0.04359567901234568 0.053385416666666664 0.033179012345679014
0 0.220703125 0.030478395061728395 0.03428819444444445 0.036265432098765434
0 0.4672309027777778 0.05709876543209876 0.01953125 0.023148148148148147
0 0.5006510416666666 0.03587962962962963 0.04991319444444445 0.02700617283950617
0 0.7962239583333334 0.29976851851851855 0.12977430555555555 0.13657407407407407
1 0.8044704861111112 0.43209876543209874 0.055989583333333336 0.23765432098765432
1 0.6111111111111112 0.7496141975308642 0.1015625 0.4529320987654321
1 0.5544704861111112 0.9456018518518519 0.09244791666666667 0.1087962962962963
1 0.3802083333333333 0.9128086419753086 0.1267361111111111 0.1743827160493827