0 0.5290798611111112 0.0787037037037037 0.058159722222222224 0.043209876543209874
0 0.212890625 0.5659722222222222 0.4153645833333333 0.4236111111111111
0 0.3825954861111111 0.04822530864197531 0.047309027777777776 0.034722222222222224
0 0.3556857638888889 0.2662037037037037 0.23046875 0.2361111111111111
0 0.3018663194444444 0.026234567901234566 0.03428819444444445 0.024691358024691357
0 0.3572048611111111 0.03665123456790124 0.035590277777777776 0.034722222222222224
0 0.4739583333333333 0.2611882716049383 0.044270833333333336 0.1412037037037037
0 0.2341579861111111 0.04128086419753087 0.032552083333333336 0.031635802469135804
0 0.1423611111111111 0.7689043209876543 0.2838541666666667 0.46219135802469136
0 0.21809895833333334 0.03587962962962963 0.021267361111111112 0.02854938271604938
0 0.4142795138888889 0.048996913580246916 0.023003472222222224 0.031635802469135804
0 0.7619357638888888 0.3013117283950617 0.18446180555555555 0.1427469135802469
0 0.8096788194444444 0.2341820987654321 0.11588541666666667 0.11188271604938271
0 0.4683159722222222 0.033179012345679014 0.020833333333333332 0.041666666666666664
0 0.7623697916666666 0.1693672839506173 0.0802951388888889 0.0625
1 0.7680121527777778 0.45177469135802467 0.0724826388888889 0.25385802469135804