0 0.1134982638888889 0.251929012345679 0.20008680555555555 0.2322530864197531
0 0.3904079861111111 0.19830246913580246 0.15928819444444445 0.11728395061728394
0 0.3682725694444444 0.055169753086419755 0.05251736111111111 0.04089506172839506
0 0.1384548611111111 0.751929012345679 0.2760416666666667 0.4868827160493827
0 0.4448784722222222 0.9386574074074074 0.1605902777777778 0.12268518518518519
0 0.3012152777777778 0.04243827160493827 0.03732638888888889 0.032407407407407406
0 0.40234375 0.03202160493827161 0.035590277777777776 0.03009259259259259
0 0.04123263888888889 0.23032407407407407 0.0798611111111111 0.1087962962962963
0 0.3407118055555556 0.031635802469135804 0.024305555555555556 0.024691358024691357
0 0.3276909722222222 0.04128086419753087 0.017361111111111112 0.033179012345679014
0 0.4819878472222222 0.03819444444444445 0.037760416666666664 0.031635802469135804
0 0.8532986111111112 0.19637345679012347 0.03819444444444445 0.05324074074074074
0 0.7651909722222222 0.1705246913580247 0.08072916666666667 0.06790123456790123
1 0.4498697916666667 0.9259259259259259 0.14973958333333334 0.14814814814814814
1 0.7230902777777778 0.5208333333333334 0.08506944444444445 0.3395061728395062