0 0.2556423611111111 0.2326388888888889 0.171875 0.15817901234567902
0 0.1953125 0.6064814814814815 0.3897569444444444 0.4058641975308642
0 0.5401475694444444 0.09066358024691358 0.08897569444444445 0.09645061728395062
0 0.0900607638888889 0.21875 0.15234375 0.12114197530864197
0 0.3207465277777778 0.05015432098765432 0.050347222222222224 0.038580246913580245
0 0.3773871527777778 0.04089506172839506 0.021267361111111112 0.030864197530864196
0 0.216796875 0.04089506172839506 0.04210069444444445 0.033950617283950615
0 0.020399305555555556 0.3626543209876543 0.03993055555555555 0.1558641975308642
0 0.4815538194444444 0.03973765432098766 0.026475694444444444 0.022376543209876542
0 0.3728298611111111 0.03356481481481482 0.04513888888888889 0.031635802469135804
0 0.4088541666666667 0.026234567901234566 0.020833333333333332 0.029320987654320986
0 0.2445746527777778 0.03510802469135803 0.013454861111111112 0.02854938271604938
0 0.18619791666666666 0.03742283950617284 0.036458333333333336 0.02700617283950617
0 0.7970920138888888 0.14737654320987653 0.11762152777777778 0.12808641975308643
1 0.2940538194444444 0.12770061728395063 0.023871527777777776 0.06712962962962964
1 0.3914930555555556 0.9540895061728395 0.10243055555555555 0.09182098765432099