0 0.14366319444444445 0.7712191358024691 0.2864583333333333 0.4575617283950617
0 0.2007378472222222 0.2183641975308642 0.1957465277777778 0.1404320987654321
0 0.3756510416666667 0.03896604938271605 0.029947916666666668 0.036265432098765434
0 0.3092447916666667 0.046296296296296294 0.04991319444444445 0.035493827160493825
0 0.4672309027777778 0.03780864197530864 0.014322916666666666 0.024691358024691357
0 0.400390625 0.031635802469135804 0.029079861111111112 0.024691358024691357
0 0.21788194444444445 0.030864197530864196 0.025173611111111112 0.029320987654320986
0 0.2569444444444444 0.04050925925925926 0.04513888888888889 0.033179012345679014
0 0.330078125 0.034722222222222224 0.032552083333333336 0.030864197530864196
0 0.7721354166666666 0.15239197530864199 0.050347222222222224 0.04861111111111111
1 0.380859375 0.2862654320987654 0.03428819444444445 0.16358024691358025
1 0.765625 0.4645061728395062 0.0625 0.2700617283950617
1 0.18836805555555555 0.1087962962962963 0.010416666666666666 0.07716049382716049
0 0.1684027777777778 0.03819444444444445 0.020833333333333332 0.033179012345679014
0 0.2630208333333333 0.022376543209876542 0.0685763888888889 0.043209876543209874
0 0.4103732638888889 0.023148148148148147 0.026475694444444444 0.037037037037037035
0 0.4865451388888889 0.040123456790123455 0.030381944444444444 0.020061728395061727
0 0.6605902777777778 0.1246141975308642 0.050347222222222224 0.05632716049382716
0 0.6751302083333334 0.10493827160493827 0.037760416666666664 0.05555555555555555
0 0.7615017361111112 0.2048611111111111 0.08550347222222222 0.09953703703703703