0 0.09700520833333333 0.2191358024691358 0.16796875 0.12654320987654322
0 0.6082899305555556 0.08641975308641975 0.06727430555555555 0.08024691358024691
0 0.1391059027777778 0.753858024691358 0.27734375 0.48148148148148145
0 0.36328125 0.03510802469135803 0.044270833333333336 0.02854938271604938
0 0.22547743055555555 0.04205246913580247 0.04123263888888889 0.034722222222222224
0 0.400390625 0.033950617283950615 0.032552083333333336 0.026234567901234566
0 0.20030381944444445 0.041666666666666664 0.024739583333333332 0.030864197530864196
0 0.3350694444444444 0.031635802469135804 0.018229166666666668 0.030864197530864196
0 0.4019097222222222 0.06751543209876543 0.03298611111111111 0.04089506172839506
0 0.4678819444444444 0.03973765432098766 0.020833333333333332 0.02700617283950617
0 0.7105034722222222 0.23070987654320987 0.1154513888888889 0.13271604938271606
0 0.7584635416666666 0.17476851851851852 0.06553819444444445 0.07947530864197531
1 0.7847222222222222 0.4479166666666667 0.052083333333333336 0.24459876543209877