0 0.3435329861111111 0.12114197530864197 0.0881076388888889 0.07253086419753087
0 0.5112847222222222 0.08179012345679013 0.059027777777777776 0.046296296296296294
0 0.20985243055555555 0.5632716049382716 0.4188368055555556 0.4166666666666667
0 0.3318142361111111 0.05324074074074074 0.054253472222222224 0.035493827160493825
0 0.3893229166666667 0.05015432098765432 0.04513888888888889 0.035493827160493825
0 0.3988715277777778 0.1743827160493827 0.058159722222222224 0.09722222222222222
0 0.6221788194444444 0.10223765432098765 0.062065972222222224 0.04089506172839506
0 0.3556857638888889 0.03009259259259259 0.040364583333333336 0.026234567901234566
0 0.2228732638888889 0.036265432098765434 0.046440972222222224 0.035493827160493825
0 0.4895833333333333 0.0628858024691358 0.03993055555555555 0.034722222222222224
0 0.1421440972222222 0.7723765432098766 0.2834201388888889 0.45524691358024694
0 0.8235677083333334 0.30671296296296297 0.08463541666666667 0.1427469135802469
0 0.18033854166666666 0.041666666666666664 0.04296875 0.032407407407407406
0 0.2717013888888889 0.04128086419753087 0.013888888888888888 0.036265432098765434
0 0.2816840277777778 0.02970679012345679 0.019965277777777776 0.03009259259259259
0 0.3088107638888889 0.02854938271604938 0.031684027777777776 0.021604938271604937
1 0.7530381944444444 0.5397376543209876 0.078125 0.3541666666666667
1 0.6799045138888888 0.5563271604938271 0.0759548611111111 0.36728395061728397
1 0.7393663194444444 0.39891975308641975 0.038628472222222224 0.16049382716049382
1 0.7651909722222222 0.3248456790123457 0.024305555555555556 0.08333333333333333
1 0.7819010416666666 0.341820987654321 0.037760416666666664 0.13734567901234568
1 0.8088107638888888 0.44675925925925924 0.06032986111111111 0.2037037037037037