0 0.14388020833333334 0.7704475308641975 0.2868923611111111 0.4591049382716049
0 0.1759982638888889 0.22646604938271606 0.20182291666666666 0.21064814814814814
0 0.20963541666666666 0.03510802469135803 0.043402777777777776 0.03780864197530864
0 0.3263888888888889 0.027777777777777776 0.026909722222222224 0.032407407407407406
0 0.5455729166666666 0.08101851851851852 0.06336805555555555 0.046296296296296294
0 0.3919270833333333 0.05709876543209876 0.06163194444444445 0.046296296296296294
0 0.2740885416666667 0.04128086419753087 0.053385416666666664 0.04243827160493827
0 0.3669704861111111 0.02700617283950617 0.03515625 0.029320987654320986
0 0.8411458333333334 0.19907407407407407 0.0642361111111111 0.06172839506172839
1 0.6803385416666666 0.6554783950617284 0.09505208333333333 0.3680555555555556
0 0.3741319444444444 0.038580246913580245 0.030381944444444444 0.029320987654320986
0 0.4103732638888889 0.024305555555555556 0.024739583333333332 0.02546296296296296
0 0.6067708333333334 0.10185185185185185 0.059895833333333336 0.05709876543209876
0 0.6653645833333334 0.10648148148148148 0.03732638888888889 0.047839506172839504
0 0.7259114583333334 0.1732253086419753 0.07769097222222222 0.0763888888888889