0 0.1449652777777778 0.7700617283950617 0.2890625 0.45987654320987653
0 0.3031684027777778 0.09760802469135803 0.07769097222222222 0.07175925925925926
0 0.5327690972222222 0.14621913580246915 0.07682291666666667 0.10416666666666667
0 0.3572048611111111 0.03935185185185185 0.046875 0.037037037037037035
0 0.6299913194444444 0.10300925925925926 0.05164930555555555 0.06095679012345679
0 0.232421875 0.03896604938271605 0.037760416666666664 0.033179012345679014
0 0.4025607638888889 0.052083333333333336 0.046440972222222224 0.03780864197530864
0 0.8207465277777778 0.18364197530864199 0.09375 0.08024691358024691
0 0.2960069444444444 0.04282407407407408 0.051215277777777776 0.036265432098765434
1 0.5132378472222222 0.8722993827160493 0.1566840277777778 0.25540123456790126
0 0.3170572916666667 0.035493827160493825 0.026475694444444444 0.033950617283950615
0 0.3771701388888889 0.02353395061728395 0.04513888888888889 0.04552469135802469
0 0.5015190972222222 0.03780864197530864 0.03602430555555555 0.024691358024691357
0 0.54296875 0.030864197530864196 0.034722222222222224 0.024691358024691357
0 0.7052951388888888 0.2006172839506173 0.10590277777777778 0.11574074074074074
0 0.689453125 0.1396604938271605 0.0915798611111111 0.06172839506172839
0 0.7654079861111112 0.11072530864197531 0.026475694444444444 0.034722222222222224