0 0.3865017361111111 0.030864197530864196 0.04383680555555555 0.032407407407407406
0 0.1953125 0.6149691358024691 0.3897569444444444 0.37962962962962965
0 0.18446180555555555 0.3541666666666667 0.2925347222222222 0.16820987654320987
0 0.18272569444444445 0.22453703703703703 0.203125 0.1558641975308642
0 0.07942708333333333 0.22299382716049382 0.13194444444444445 0.12037037037037036
0 0.22916666666666666 0.04128086419753087 0.03819444444444445 0.033179012345679014
0 0.3068576388888889 0.03125 0.04079861111111111 0.02700617283950617
0 0.4709201388888889 0.03742283950617284 0.029513888888888888 0.02546296296296296
0 0.7808159722222222 0.2681327160493827 0.15364583333333334 0.14429012345679013
0 0.6388888888888888 0.11072530864197531 0.0642361111111111 0.04398148148148148
0 0.17491319444444445 0.06481481481481481 0.03732638888888889 0.07716049382716049
1 0.5672743055555556 0.8225308641975309 0.11371527777777778 0.3549382716049383