0 0.2124565972222222 0.566358024691358 0.4171006944444444 0.4228395061728395
0 0.2465277777777778 0.03935185185185185 0.042534722222222224 0.038580246913580245
0 0.5570746527777778 0.1396604938271605 0.0759548611111111 0.06481481481481481
0 0.21744791666666666 0.03356481481481482 0.027777777777777776 0.02700617283950617
0 0.4861111111111111 0.0779320987654321 0.042534722222222224 0.044753086419753084
0 0.3869357638888889 0.05478395061728395 0.05251736111111111 0.05401234567901234
0 0.2786458333333333 0.037037037037037035 0.034722222222222224 0.032407407407407406
0 0.1430121527777778 0.7743055555555556 0.28515625 0.4513888888888889
0 0.3172743055555556 0.05246913580246913 0.046875 0.037037037037037035
0 0.3318142361111111 0.025848765432098766 0.061197916666666664 0.04861111111111111
0 0.7530381944444444 0.21720679012345678 0.1796875 0.20601851851851852
0 0.6108940972222222 0.11188271604938271 0.038628472222222224 0.046296296296296294
1 0.1521267361111111 0.14390432098765432 0.017795138888888888 0.08101851851851852