0 0.14322916666666666 0.7692901234567902 0.2855902777777778 0.46141975308641975
0 0.619140625 0.09992283950617284 0.048177083333333336 0.04243827160493827
0 0.3268229166666667 0.038580246913580245 0.04079861111111111 0.037037037037037035
0 0.3904079861111111 0.031635802469135804 0.04123263888888889 0.029320987654320986
0 0.5101996527777778 0.08333333333333333 0.07074652777777778 0.05401234567901234
0 0.2573784722222222 0.040123456790123455 0.04600694444444445 0.035493827160493825
0 0.1877170138888889 0.03433641975308642 0.04296875 0.02700617283950617
0 0.2795138888888889 0.02970679012345679 0.027777777777777776 0.02546296296296296
0 0.2309027777777778 0.03433641975308642 0.03125 0.03009259259259259
1 0.16514756944444445 0.11612654320987655 0.018663194444444444 0.0779320987654321
0 0.3387586805555556 0.027777777777777776 0.03689236111111111 0.032407407407407406
0 0.3830295138888889 0.04552469135802469 0.03602430555555555 0.037037037037037035
0 0.4906684027777778 0.03896604938271605 0.029947916666666668 0.02700617283950617
0 0.7274305555555556 0.1388888888888889 0.1076388888888889 0.1095679012345679
0 0.6840277777777778 0.10069444444444445 0.027777777777777776 0.05015432098765432