0 0.11436631944444445 0.27276234567901236 0.20008680555555555 0.19212962962962962
0 0.142578125 0.7723765432098766 0.2842881944444444 0.45524691358024694
0 0.2545572916666667 0.03587962962962963 0.04991319444444445 0.04089506172839506
0 0.1957465277777778 0.03510802469135803 0.03993055555555555 0.031635802469135804
0 0.3493923611111111 0.05131172839506173 0.05555555555555555 0.03780864197530864
0 0.3179253472222222 0.043209876543209874 0.04383680555555555 0.037037037037037035
0 0.6729600694444444 0.10223765432098765 0.031684027777777776 0.03780864197530864
1 0.7864583333333334 0.4278549382716049 0.059895833333333336 0.2183641975308642
0 0.3365885416666667 0.031635802469135804 0.023003472222222224 0.024691358024691357
0 0.3595920138888889 0.027777777777777776 0.03342013888888889 0.023148148148148147
0 0.3719618055555556 0.040123456790123455 0.03125 0.033950617283950615
0 0.4153645833333333 0.06172839506172839 0.03732638888888889 0.044753086419753084
0 0.4934895833333333 0.036265432098765434 0.026909722222222224 0.024691358024691357
0 0.515625 0.09953703703703703 0.05555555555555555 0.08024691358024691
0 0.5635850694444444 0.09027777777777778 0.047309027777777776 0.06018518518518518
0 0.5831163194444444 0.08410493827160494 0.046440972222222224 0.05864197530864197
0 0.6974826388888888 0.2322530864197531 0.1371527777777778 0.13580246913580246
0 0.771484375 0.21643518518518517 0.10546875 0.09953703703703703
0 0.7738715277777778 0.15123456790123457 0.06510416666666667 0.047839506172839504
0 0.8205295138888888 0.18479938271604937 0.06380208333333333 0.07947530864197531
0 0.7174479166666666 0.11805555555555555 0.030381944444444444 0.04938271604938271