0 0.2124565972222222 0.566358024691358 0.4136284722222222 0.4228395061728395
0 0.3589409722222222 0.03935185185185185 0.0390625 0.035493827160493825
0 0.23763020833333334 0.04243827160493827 0.038628472222222224 0.032407407407407406
0 0.283203125 0.033179012345679014 0.038628472222222224 0.026234567901234566
0 0.4976128472222222 0.03819444444444445 0.032552083333333336 0.019290123456790122
0 0.396484375 0.030478395061728395 0.039496527777777776 0.033179012345679014
0 0.18077256944444445 0.03896604938271605 0.04210069444444445 0.02700617283950617
0 0.1423611111111111 0.7727623456790124 0.2838541666666667 0.45447530864197533
0 0.4722222222222222 0.03935185185185185 0.024305555555555556 0.023148148148148147
0 0.6521267361111112 0.10570987654320987 0.04383680555555555 0.05555555555555555
1 0.5546875 0.33834876543209874 0.0546875 0.20756172839506173
1 0.7803819444444444 0.4228395061728395 0.0703125 0.22685185185185186