0 0.1953125 0.6049382716049383 0.3897569444444444 0.4058641975308642
0 0.09071180555555555 0.22067901234567902 0.1527777777777778 0.12191358024691358
0 0.4963107638888889 0.08063271604938271 0.046440972222222224 0.05015432098765432
0 0.5887586805555556 0.09683641975308642 0.06901041666666667 0.0470679012345679
0 0.8294270833333334 0.24614197530864199 0.07118055555555555 0.07716049382716049
0 0.5345052083333334 0.08256172839506173 0.04383680555555555 0.047839506172839504
0 0.3415798611111111 0.056712962962962965 0.051215277777777776 0.036265432098765434
0 0.505859375 0.038580246913580245 0.028211805555555556 0.026234567901234566
0 0.2799479166666667 0.04050925925925926 0.052083333333333336 0.04089506172839506
0 0.19075520833333334 0.04050925925925926 0.045572916666666664 0.031635802469135804
0 0.3854166666666667 0.05594135802469136 0.03211805555555555 0.02700617283950617
0 0.408203125 0.06404320987654322 0.04123263888888889 0.035493827160493825
0 0.3374565972222222 0.034722222222222224 0.039496527777777776 0.020061728395061727
0 0.3893229166666667 0.03896604938271605 0.036458333333333336 0.02700617283950617
0 0.65234375 0.10185185185185185 0.042534722222222224 0.040123456790123455
0 0.6788194444444444 0.13155864197530864 0.0625 0.04089506172839506
0 0.8537326388888888 0.2006172839506173 0.03993055555555555 0.030864197530864196
0 0.7604166666666666 0.14930555555555555 0.030381944444444444 0.05015432098765432
0 0.6597222222222222 0.2673611111111111 0.19010416666666666 0.1566358024691358
0 0.7669270833333334 0.10725308641975309 0.022569444444444444 0.040123456790123455
0 0.57421875 0.07908950617283951 0.04774305555555555 0.02854938271604938
1 0.5418836805555556 0.8279320987654321 0.1488715277777778 0.3441358024691358