0 0.14388020833333334 0.7716049382716049 0.2868923611111111 0.4567901234567901
0 0.5926649305555556 0.09837962962962964 0.07421875 0.05015432098765432
0 0.4950086805555556 0.26774691358024694 0.19835069444444445 0.15123456790123457
0 0.3138020833333333 0.04436728395061729 0.05381944444444445 0.04398148148148148
0 0.5052083333333334 0.07908950617283951 0.0546875 0.06095679012345679
0 0.4034288194444444 0.06365740740740741 0.061197916666666664 0.04089506172839506
0 0.20833333333333334 0.034722222222222224 0.03993055555555555 0.035493827160493825
1 0.59765625 0.35030864197530864 0.043402777777777776 0.2175925925925926
0 0.8526475694444444 0.33371913580246915 0.023003472222222224 0.09953703703703703
0 0.8619791666666666 0.21412037037037038 0.024305555555555556 0.05015432098765432
0 0.8565538194444444 0.18942901234567902 0.032552083333333336 0.036265432098765434
0 0.7489149305555556 0.17746913580246915 0.06640625 0.08950617283950617
0 0.6638454861111112 0.1257716049382716 0.07421875 0.05401234567901234
0 0.224609375 0.020833333333333332 0.05859375 0.040123456790123455
0 0.2552083333333333 0.043209876543209874 0.05295138888888889 0.038580246913580245
0 0.2975260416666667 0.02507716049382716 0.03342013888888889 0.02700617283950617
0 0.3370225694444444 0.035493827160493825 0.020399305555555556 0.033950617283950615
0 0.36328125 0.03973765432098766 0.029513888888888888 0.04089506172839506
0 0.3956163194444444 0.04050925925925926 0.040364583333333336 0.020833333333333332
0 0.5381944444444444 0.08371913580246913 0.03211805555555555 0.05632716049382716