0 0.21223958333333334 0.5659722222222222 0.4149305555555556 0.42052469135802467
0 0.5125868055555556 0.02970679012345679 0.034722222222222224 0.03009259259259259
0 0.2960069444444444 0.03009259259259259 0.044270833333333336 0.032407407407407406
0 0.5731336805555556 0.11998456790123457 0.054253472222222224 0.07021604938271606
0 0.18684895833333334 0.03935185185185185 0.03515625 0.027777777777777776
0 0.2319878472222222 0.033179012345679014 0.03602430555555555 0.024691358024691357
0 0.2113715277777778 0.564429012345679 0.4149305555555556 0.42052469135802467
0 0.1423611111111111 0.7712191358024691 0.2838541666666667 0.4575617283950617
0 0.7838541666666666 0.15393518518518517 0.06510416666666667 0.06095679012345679
0 0.5047743055555556 0.04089506172839506 0.027777777777777776 0.018518518518518517
1 0.14778645833333334 0.14390432098765432 0.016059027777777776 0.08873456790123457