0 0.1169704861111111 0.26080246913580246 0.1974826388888889 0.18518518518518517
0 0.1430121527777778 0.7665895061728395 0.28515625 0.466820987654321
0 0.33203125 0.29899691358024694 0.21180555555555555 0.19058641975308643
0 0.4989149305555556 0.07060185185185185 0.04904513888888889 0.04243827160493827
0 0.3253038194444444 0.044753086419753084 0.054253472222222224 0.040123456790123455
0 0.208984375 0.035493827160493825 0.04123263888888889 0.040123456790123455
0 0.4049479166666667 0.06327160493827161 0.06076388888888889 0.043209876543209874
0 0.2632378472222222 0.03819444444444445 0.046440972222222224 0.04089506172839506
0 0.8563368055555556 0.1878858024691358 0.033854166666666664 0.05787037037037037
0 0.3756510416666667 0.041666666666666664 0.038628472222222224 0.035493827160493825
0 0.5753038194444444 0.09027777777777778 0.062065972222222224 0.047839506172839504
1 0.5616319444444444 0.3221450617283951 0.046875 0.20756172839506173
0 0.1716579861111111 0.03935185185185185 0.029947916666666668 0.037037037037037035
0 0.2962239583333333 0.028935185185185185 0.04123263888888889 0.033179012345679014
0 0.3743489583333333 0.02546296296296296 0.04470486111111111 0.030864197530864196
0 0.4733072916666667 0.03819444444444445 0.03602430555555555 0.033179012345679014
0 0.6393229166666666 0.10146604938271606 0.0842013888888889 0.07947530864197531
0 0.798828125 0.17515432098765432 0.08637152777777778 0.09104938271604938
0 0.7447916666666666 0.13734567901234568 0.06770833333333333 0.05246913580246913