0 0.2799479166666667 0.3001543209876543 0.2309027777777778 0.21604938271604937
0 0.5151909722222222 0.08834876543209877 0.0642361111111111 0.0470679012345679
0 0.19596354166666666 0.6153549382716049 0.3910590277777778 0.38503086419753085
0 0.0896267361111111 0.22106481481481483 0.1506076388888889 0.12114197530864197
0 0.3851996527777778 0.0466820987654321 0.03602430555555555 0.034722222222222224
0 0.3333333333333333 0.030478395061728395 0.03125 0.02854938271604938
0 0.294921875 0.09722222222222222 0.07161458333333333 0.06018518518518518
0 0.6401909722222222 0.9131944444444444 0.1519097222222222 0.1705246913580247
0 0.2280815972222222 0.02854938271604938 0.06032986111111111 0.046296296296296294
0 0.4166666666666667 0.9209104938271605 0.1519097222222222 0.15817901234567902
0 0.6085069444444444 0.2604166666666667 0.1909722222222222 0.16435185185185186
0 0.3923611111111111 0.12924382716049382 0.04774305555555555 0.07175925925925926
0 0.4973958333333333 0.04128086419753087 0.035590277777777776 0.017746913580246913
0 0.373046875 0.029320987654320986 0.03428819444444445 0.026234567901234566
0 0.6276041666666666 0.1412037037037037 0.13975694444444445 0.1111111111111111
0 0.8309461805555556 0.3128858024691358 0.07421875 0.10108024691358025
1 0.060112847222222224 0.2854938271604938 0.029947916666666668 0.16512345679012347
1 0.13780381944444445 0.13233024691358025 0.016059027777777776 0.06558641975308642
1 0.3608940972222222 0.18441358024691357 0.03689236111111111 0.1111111111111111
1 0.4066840277777778 0.8773148148148148 0.17447916666666666 0.24537037037037038
1 0.6417100694444444 0.8611111111111112 0.15147569444444445 0.2777777777777778
1 0.7200520833333334 0.46412037037037035 0.059027777777777776 0.2908950617283951
1 0.7771267361111112 0.4841820987654321 0.05685763888888889 0.2862654320987654
1 0.8005642361111112 0.4305555555555556 0.045572916666666664 0.22376543209876543
1 0.8294270833333334 0.44367283950617287 0.05642361111111111 0.19753086419753085