0 0.2085503472222222 0.5648148148148148 0.4162326388888889 0.4243827160493827
0 0.5811631944444444 0.10493827160493827 0.05381944444444445 0.05092592592592592
0 0.2152777777777778 0.04359567901234568 0.044270833333333336 0.033179012345679014
0 0.3569878472222222 0.05632716049382716 0.05078125 0.035493827160493825
0 0.18424479166666666 0.07716049382716049 0.054253472222222224 0.05709876543209876
0 0.5197482638888888 0.11149691358024691 0.08637152777777778 0.05941358024691358
0 0.6501736111111112 0.1099537037037037 0.035590277777777776 0.04243827160493827
0 0.4733072916666667 0.03896604938271605 0.03602430555555555 0.023919753086419752
0 0.2756076388888889 0.04513888888888889 0.04861111111111111 0.031635802469135804
0 0.14192708333333334 0.7716049382716049 0.2829861111111111 0.4567901234567901
0 0.2866753472222222 0.026234567901234566 0.04470486111111111 0.035493827160493825
0 0.3363715277777778 0.027391975308641976 0.042534722222222224 0.036265432098765434
0 0.3205295138888889 0.035493827160493825 0.030815972222222224 0.029320987654320986
0 0.8587239583333334 0.18904320987654322 0.038628472222222224 0.05246913580246913
1 0.5750868055555556 0.34066358024691357 0.05381944444444445 0.19058641975308643