0 0.19466145833333334 0.6130401234567902 0.3884548611111111 0.3912037037037037
0 0.1345486111111111 0.2881944444444444 0.20572916666666666 0.18287037037037038
0 0.3472222222222222 0.19483024691358025 0.12760416666666666 0.12885802469135801
0 0.2300347222222222 0.03279320987654321 0.03732638888888889 0.033179012345679014
0 0.2645399305555556 0.04552469135802469 0.047309027777777776 0.041666666666666664
0 0.611328125 0.08719135802469136 0.06901041666666667 0.07561728395061729
0 0.08897569444444445 0.2179783950617284 0.14930555555555555 0.12731481481481483
0 0.3793402777777778 0.04359567901234568 0.03125 0.031635802469135804
0 0.4086371527777778 0.038580246913580245 0.030815972222222224 0.029320987654320986
0 0.412109375 0.07021604938271606 0.030815972222222224 0.033950617283950615
0 0.7738715277777778 0.1697530864197531 0.059895833333333336 0.06327160493827161
1 0.6651475694444444 0.6516203703703703 0.10286458333333333 0.4035493827160494
1 0.2921006944444444 0.1419753086419753 0.0234375 0.08950617283950617