0 0.1443142361111111 0.7469135802469136 0.2877604166666667 0.5061728395061729
0 0.548828125 0.09104938271604938 0.06380208333333333 0.05246913580246913
0 0.20963541666666666 0.03510802469135803 0.042534722222222224 0.036265432098765434
0 0.3506944444444444 0.050540123456790126 0.05642361111111111 0.04243827160493827
0 0.3122829861111111 0.03780864197530864 0.047309027777777776 0.035493827160493825
0 0.4830729166666667 0.07561728395061729 0.042534722222222224 0.044753086419753084
0 0.4029947916666667 0.059027777777777776 0.04991319444444445 0.03935185185185185
0 0.509765625 0.07253086419753087 0.031684027777777776 0.037037037037037035
1 0.10828993055555555 0.15470679012345678 0.02734375 0.08256172839506173
0 0.23741319444444445 0.033179012345679014 0.022569444444444444 0.033950617283950615
0 0.2708333333333333 0.040123456790123455 0.05381944444444445 0.038580246913580245
0 0.2834201388888889 0.023148148148148147 0.027777777777777776 0.026234567901234566
0 0.3387586805555556 0.031635802469135804 0.014322916666666666 0.029320987654320986
0 0.3522135416666667 0.02546296296296296 0.020399305555555556 0.016975308641975308
0 0.3841145833333333 0.030864197530864196 0.04600694444444445 0.043209876543209874
0 0.3815104166666667 0.04513888888888889 0.025173611111111112 0.034722222222222224
0 0.4715711805555556 0.050540123456790126 0.022135416666666668 0.036265432098765434
0 0.4845920138888889 0.02546296296296296 0.05251736111111111 0.046296296296296294
0 0.6577690972222222 0.10146604938271606 0.04470486111111111 0.05324074074074074
0 0.7619357638888888 0.21026234567901234 0.1150173611111111 0.12422839506172839