0 0.14171006944444445 0.7704475308641975 0.2825520833333333 0.4591049382716049
0 0.21202256944444445 0.035493827160493825 0.046440972222222224 0.038580246913580245
0 0.3179253472222222 0.0466820987654321 0.05164930555555555 0.034722222222222224
0 0.3728298611111111 0.035493827160493825 0.026041666666666668 0.029320987654320986
0 0.8333333333333334 0.24035493827160495 0.0763888888888889 0.1087962962962963
0 0.3365885416666667 0.03935185185185185 0.030815972222222224 0.040123456790123455
0 0.4173177083333333 0.061342592592592594 0.04123263888888889 0.04089506172839506
1 0.7530381944444444 0.4972993827160494 0.06684027777777778 0.27237654320987653
0 0.3904079861111111 0.03356481481481482 0.028211805555555556 0.033179012345679014
0 0.470703125 0.06520061728395062 0.028211805555555556 0.0470679012345679
0 0.5301649305555556 0.07291666666666667 0.06553819444444445 0.0625
0 0.4318576388888889 0.14776234567901234 0.0876736111111111 0.11342592592592593
0 0.6351996527777778 0.1076388888888889 0.06987847222222222 0.05478395061728395
0 0.6707899305555556 0.10416666666666667 0.029079861111111112 0.043209876543209874
0 0.712890625 0.12114197530864197 0.032552083333333336 0.04938271604938271
0 0.8346354166666666 0.19058641975308643 0.07378472222222222 0.05864197530864197
0 0.8391927083333334 0.1701388888888889 0.06987847222222222 0.036265432098765434