0 0.21223958333333334 0.5679012345679012 0.4149305555555556 0.4212962962962963
0 0.5436197916666666 0.1095679012345679 0.05685763888888889 0.06944444444444445
0 0.3572048611111111 0.038580246913580245 0.036458333333333336 0.035493827160493825
0 0.2819010416666667 0.03279320987654321 0.03689236111111111 0.02854938271604938
0 0.1801215277777778 0.08834876543209877 0.050347222222222224 0.04243827160493827
0 0.3812934027777778 0.16126543209876543 0.07942708333333333 0.13271604938271606
0 0.2367621527777778 0.04282407407407408 0.038628472222222224 0.03009259259259259
0 0.4016927083333333 0.03202160493827161 0.037760416666666664 0.034722222222222224
0 0.1430121527777778 0.7735339506172839 0.28515625 0.4529320987654321
0 0.08355034722222222 0.34760802469135804 0.1662326388888889 0.1412037037037037
1 0.2048611111111111 0.251929012345679 0.0390625 0.15817901234567902