0 0.5555555555555556 0.12037037037037036 0.06684027777777778 0.06790123456790123
0 0.4952256944444444 0.16087962962962962 0.0859375 0.0933641975308642
0 0.6432291666666666 0.08719135802469136 0.058159722222222224 0.07098765432098765
0 0.2287326388888889 0.03780864197530864 0.043402777777777776 0.032407407407407406
0 0.482421875 0.06404320987654322 0.04470486111111111 0.038580246913580245
0 0.2849392361111111 0.04243827160493827 0.04210069444444445 0.035493827160493825
0 0.3283420138888889 0.03433641975308642 0.02734375 0.02854938271604938
0 0.3552517361111111 0.04089506172839506 0.04296875 0.038580246913580245
0 0.4025607638888889 0.060570987654320986 0.062065972222222224 0.04089506172839506
0 0.5496961805555556 0.07677469135802469 0.053385416666666664 0.04243827160493827
1 0.5681423611111112 0.7646604938271605 0.11805555555555555 0.470679012345679
0 0.4077690972222222 0.032407407407407406 0.031684027777777776 0.027777777777777776
0 0.3843315972222222 0.037037037037037035 0.025607638888888888 0.035493827160493825
0 0.2838541666666667 0.017746913580246913 0.03211805555555555 0.016975308641975308
0 0.3012152777777778 0.032407407407407406 0.03298611111111111 0.032407407407407406
0 0.7020399305555556 0.1257716049382716 0.03515625 0.04938271604938271
0 0.6929253472222222 0.10300925925925926 0.030815972222222224 0.033179012345679014
0 0.7493489583333334 0.17746913580246915 0.05859375 0.09567901234567901