0 0.1953125 0.6087962962962963 0.3897569444444444 0.39969135802469136
0 0.5427517361111112 0.16435185185185186 0.0837673611111111 0.08950617283950617
0 0.09071180555555555 0.2191358024691358 0.15364583333333334 0.12345679012345678
0 0.3776041666666667 0.04089506172839506 0.03298611111111111 0.037037037037037035
0 0.2269965277777778 0.07368827160493827 0.0546875 0.0625
0 0.4029947916666667 0.15084876543209877 0.05078125 0.0933641975308642
0 0.4761284722222222 0.058256172839506175 0.036458333333333336 0.05324074074074074
0 0.5275607638888888 0.03202160493827161 0.04383680555555555 0.03009259259259259
0 0.6440972222222222 0.13657407407407407 0.08940972222222222 0.06018518518518518
0 0.7897135416666666 0.1743827160493827 0.08116319444444445 0.05864197530864197
0 0.8546006944444444 0.1886574074074074 0.036458333333333336 0.05015432098765432
1 0.7569444444444444 0.44483024691358025 0.0546875 0.2507716049382716
1 0.3092447916666667 0.14776234567901234 0.022135416666666668 0.10108024691358025
1 0.4331597222222222 0.9155092592592593 0.17708333333333334 0.16126543209876543
1 0.2007378472222222 0.11458333333333333 0.016927083333333332 0.08101851851851852