0 0.1987847222222222 0.24151234567901234 0.18836805555555555 0.15895061728395063
0 0.5088975694444444 0.14660493827160495 0.07508680555555555 0.08024691358024691
0 0.33984375 0.12229938271604938 0.09027777777777778 0.07947530864197531
0 0.21223958333333334 0.5686728395061729 0.4131944444444444 0.42746913580246915
0 0.5783420138888888 0.09066358024691358 0.06380208333333333 0.0470679012345679
0 0.3971354166666667 0.05092592592592592 0.0390625 0.030864197530864196
0 0.4932725694444444 0.03780864197530864 0.03342013888888889 0.023148148148148147
0 0.3374565972222222 0.047839506172839504 0.06032986111111111 0.05401234567901234
0 0.2111545138888889 0.03433641975308642 0.023871527777777776 0.02700617283950617
0 0.267578125 0.038580246913580245 0.04296875 0.032407407407407406
0 0.1408420138888889 0.7696759259259259 0.2808159722222222 0.46064814814814814
0 0.23502604166666666 0.04398148148148148 0.03602430555555555 0.029320987654320986
0 0.2918836805555556 0.02700617283950617 0.028211805555555556 0.032407407407407406
0 0.623046875 0.11612654320987655 0.062065972222222224 0.05941358024691358
1 0.06922743055555555 0.1728395061728395 0.016927083333333332 0.08641975308641975
1 0.6538628472222222 0.6338734567901234 0.1323784722222222 0.4112654320987654