0 0.142578125 0.7712191358024691 0.2842881944444444 0.4575617283950617
0 0.21006944444444445 0.035493827160493825 0.043402777777777776 0.037037037037037035
0 0.3513454861111111 0.04976851851851852 0.053385416666666664 0.04089506172839506
0 0.06315104166666667 0.26967592592592593 0.1254340277777778 0.22916666666666666
0 0.3726128472222222 0.024691358024691357 0.03515625 0.024691358024691357
0 0.26953125 0.041666666666666664 0.05381944444444445 0.037037037037037035
0 0.4138454861111111 0.05246913580246913 0.04210069444444445 0.037037037037037035
0 0.2996961805555556 0.032407407407407406 0.038628472222222224 0.041666666666666664
0 0.5796440972222222 0.08989197530864197 0.06032986111111111 0.04861111111111111
1 0.5538194444444444 0.8734567901234568 0.1449652777777778 0.25308641975308643
0 0.3897569444444444 0.03587962962962963 0.03211805555555555 0.02854938271604938
0 0.4073350694444444 0.03125 0.025607638888888888 0.03009259259259259
0 0.4845920138888889 0.037037037037037035 0.031684027777777776 0.023148148148148147
0 0.4915364583333333 0.07330246913580248 0.046440972222222224 0.05401234567901234
0 0.6644965277777778 0.10493827160493827 0.034722222222222224 0.040123456790123455
0 0.7122395833333334 0.11458333333333333 0.03125 0.04089506172839506
0 0.7072482638888888 0.20910493827160495 0.07682291666666667 0.10339506172839506
0 0.7649739583333334 0.1705246913580247 0.07508680555555555 0.06790123456790123
0 0.7608506944444444 0.1423611111111111 0.0720486111111111 0.03780864197530864