0 0.2868923611111111 0.2978395061728395 0.22916666666666666 0.21450617283950618
0 0.1957465277777778 0.6172839506172839 0.390625 0.37962962962962965
0 0.3626302083333333 0.11188271604938271 0.0915798611111111 0.08333333333333333
0 0.09071180555555555 0.22029320987654322 0.1519097222222222 0.12422839506172839
0 0.5184461805555556 0.16782407407407407 0.09244791666666667 0.10416666666666667
0 0.3226996527777778 0.050540123456790126 0.04991319444444445 0.03780864197530864
0 0.5855034722222222 0.25540123456790126 0.11371527777777778 0.14969135802469136
0 0.6041666666666666 0.1427469135802469 0.09027777777777778 0.06018518518518518
0 0.2111545138888889 0.026234567901234566 0.039496527777777776 0.047839506172839504
0 0.3825954861111111 0.040123456790123455 0.024739583333333332 0.030864197530864196
0 0.4963107638888889 0.04128086419753087 0.028211805555555556 0.020833333333333332
0 0.2437065972222222 0.030478395061728395 0.01953125 0.02854938271604938
0 0.7432725694444444 0.22569444444444445 0.2105034722222222 0.22299382716049382
1 0.11458333333333333 0.3287037037037037 0.03993055555555555 0.1743827160493827
1 0.0974392361111111 0.13503086419753085 0.025607638888888888 0.05092592592592592
1 0.4822048611111111 0.27044753086419754 0.04079861111111111 0.1720679012345679
1 0.6497395833333334 0.5987654320987654 0.08940972222222222 0.4058641975308642
1 0.7289496527777778 0.5891203703703703 0.07335069444444445 0.3742283950617284