0 0.22265625 0.22067901234567902 0.1762152777777778 0.16512345679012347
0 0.142578125 0.7723765432098766 0.2834201388888889 0.45524691358024694
0 0.3897569444444444 0.05709876543209876 0.06076388888888889 0.046296296296296294
0 0.3203125 0.050540123456790126 0.04861111111111111 0.03780864197530864
0 0.2610677083333333 0.0466820987654321 0.04470486111111111 0.036265432098765434
0 0.20442708333333334 0.043209876543209874 0.03732638888888889 0.035493827160493825
0 0.1675347222222222 0.07716049382716049 0.028645833333333332 0.047839506172839504
0 0.5319010416666666 0.07253086419753087 0.11241319444444445 0.09259259259259259
0 0.3656684027777778 0.03202160493827161 0.029079861111111112 0.022376543209876542
0 0.22591145833333334 0.02199074074074074 0.05251736111111111 0.03935185185185185
0 0.7489149305555556 0.2175925925925926 0.09244791666666667 0.10339506172839506
1 0.3111979166666667 0.4020061728395062 0.05555555555555555 0.2654320987654321
1 0.6885850694444444 0.44135802469135804 0.07074652777777778 0.26080246913580246