0 0.08441840277777778 0.22067901234567902 0.1644965277777778 0.12345679012345678
0 0.3331163194444444 0.11304012345679013 0.07682291666666667 0.07484567901234568
0 0.4791666666666667 0.25887345679012347 0.1892361111111111 0.1412037037037037
0 0.1990017361111111 0.08680555555555555 0.062065972222222224 0.05324074074074074
0 0.330078125 0.043209876543209874 0.04296875 0.032407407407407406
0 0.1408420138888889 0.746141975308642 0.2808159722222222 0.49537037037037035
0 0.5692274305555556 0.15470679012345678 0.11588541666666667 0.10416666666666667
0 0.474609375 0.03125 0.037760416666666664 0.031635802469135804
0 0.80078125 0.30671296296296297 0.12239583333333333 0.16126543209876543
0 0.3546006944444444 0.030864197530864196 0.03732638888888889 0.030864197530864196
0 0.5492621527777778 0.09799382716049383 0.07335069444444445 0.06018518518518518
0 0.6232638888888888 0.12654320987654322 0.04861111111111111 0.06327160493827161
0 0.18815104166666666 0.04243827160493827 0.046440972222222224 0.030864197530864196
0 0.2341579861111111 0.033179012345679014 0.031684027777777776 0.030864197530864196
0 0.4086371527777778 0.03587962962962963 0.021267361111111112 0.02700617283950617
0 0.8363715277777778 0.1882716049382716 0.04774305555555555 0.06481481481481481
0 0.685546875 0.1550925925925926 0.05772569444444445 0.07253086419753087
1 0.0822482638888889 0.1550925925925926 0.017795138888888888 0.035493827160493825