0 0.14366319444444445 0.7677469135802469 0.2864583333333333 0.46296296296296297
0 0.1312934027777778 0.3939043209876543 0.2608506944444444 0.2662037037037037
0 0.498046875 0.06905864197530864 0.048177083333333336 0.04243827160493827
0 0.3984375 0.1701388888888889 0.12239583333333333 0.11959876543209877
0 0.2094184027777778 0.036265432098765434 0.040364583333333336 0.038580246913580245
0 0.6291232638888888 0.2604166666666667 0.17317708333333334 0.1427469135802469
0 0.3253038194444444 0.04513888888888889 0.055121527777777776 0.04398148148148148
0 0.4014756944444444 0.062114197530864196 0.05555555555555555 0.04243827160493827
0 0.2641059027777778 0.04089506172839506 0.048177083333333336 0.035493827160493825
0 0.376953125 0.04128086419753087 0.037760416666666664 0.033179012345679014
0 0.8333333333333334 0.17978395061728394 0.07378472222222222 0.06327160493827161
1 0.4099392361111111 0.2658179012345679 0.03428819444444445 0.1705246913580247
0 0.1681857638888889 0.03973765432098766 0.020399305555555556 0.036265432098765434
0 0.2775607638888889 0.029320987654320986 0.032552083333333336 0.033950617283950615
0 0.33203125 0.02662037037037037 0.04600694444444445 0.02546296296296296
0 0.4001736111111111 0.02662037037037037 0.05295138888888889 0.0470679012345679
0 0.7046440972222222 0.11844135802469136 0.09505208333333333 0.08719135802469136