0 0.083984375 0.2199074074074074 0.1636284722222222 0.12345679012345678
0 0.5193142361111112 0.12885802469135801 0.0802951388888889 0.09722222222222222
0 0.5842013888888888 0.1076388888888889 0.05295138888888889 0.04861111111111111
0 0.212890625 0.044753086419753084 0.04470486111111111 0.032407407407407406
0 0.3463541666666667 0.04089506172839506 0.042534722222222224 0.030864197530864196
0 0.1697048611111111 0.04282407407407408 0.024305555555555556 0.02854938271604938
0 0.014539930555555556 0.3784722222222222 0.028211805555555556 0.15046296296296297
0 0.634765625 0.13194444444444445 0.04210069444444445 0.07253086419753087
0 0.7374131944444444 0.2623456790123457 0.1605902777777778 0.15123456790123457
0 0.7641059027777778 0.14660493827160495 0.10286458333333333 0.15895061728395063
0 0.8283420138888888 0.1739969135802469 0.045572916666666664 0.05632716049382716
1 0.7200520833333334 0.5173611111111112 0.07118055555555555 0.2847222222222222