0 0.5368923611111112 0.17708333333333334 0.1310763888888889 0.12731481481481483
0 0.14561631944444445 0.7696759259259259 0.2903645833333333 0.4591049382716049
0 0.6141493055555556 0.09799382716049383 0.058159722222222224 0.05555555555555555
0 0.3335503472222222 0.04398148148148148 0.03515625 0.037037037037037035
0 0.4116753472222222 0.04938271604938271 0.032552083333333336 0.032407407407407406
0 0.04470486111111111 0.4540895061728395 0.08854166666666667 0.19984567901234568
0 0.2986111111111111 0.04513888888888889 0.049479166666666664 0.036265432098765434
1 0.3372395833333333 0.30516975308641975 0.035590277777777776 0.18287037037037038
1 0.3747829861111111 0.29128086419753085 0.03602430555555555 0.18132716049382716
0 0.2126736111111111 0.03935185185185185 0.043402777777777776 0.035493827160493825
0 0.2209201388888889 0.021219135802469136 0.043402777777777776 0.04089506172839506
0 0.5073784722222222 0.02546296296296296 0.09809027777777778 0.044753086419753084
0 0.7243923611111112 0.11844135802469136 0.036458333333333336 0.05941358024691358
0 0.7805989583333334 0.16820987654320987 0.0881076388888889 0.07253086419753087
0 0.7610677083333334 0.1111111111111111 0.025607638888888888 0.038580246913580245