0 0.1955295138888889 0.6057098765432098 0.3901909722222222 0.41358024691358025
0 0.5579427083333334 0.08719135802469136 0.062065972222222224 0.046296296296296294
0 0.09027777777777778 0.22029320987654322 0.1527777777777778 0.12268518518518519
0 0.3697916666666667 0.044753086419753084 0.044270833333333336 0.033950617283950615
0 0.5412326388888888 0.25578703703703703 0.16666666666666666 0.1566358024691358
0 0.3159722222222222 0.046296296296296294 0.044270833333333336 0.030864197530864196
0 0.4811197916666667 0.11458333333333333 0.1480034722222222 0.13657407407407407
0 0.2289496527777778 0.040123456790123455 0.037760416666666664 0.032407407407407406
0 0.2721354166666667 0.03896604938271605 0.012152777777777778 0.033179012345679014
0 0.677734375 0.10802469135802469 0.029079861111111112 0.040123456790123455
1 0.4900173611111111 0.7002314814814815 0.09722222222222222 0.4020061728395062
1 0.59375 0.7199074074074074 0.09895833333333333 0.5
1 0.7725694444444444 0.4251543209876543 0.050347222222222224 0.21141975308641975
1 0.7966579861111112 0.4359567901234568 0.04904513888888889 0.2330246913580247
1 0.8372395833333334 0.4564043209876543 0.041666666666666664 0.22299382716049382