0 0.3153211805555556 0.31635802469135804 0.23133680555555555 0.2037037037037037
0 0.1423611111111111 0.7689043209876543 0.2838541666666667 0.46219135802469136
0 0.5933159722222222 0.09799382716049383 0.07118055555555555 0.047839506172839504
0 0.3231336805555556 0.04436728395061729 0.054253472222222224 0.04243827160493827
0 0.20703125 0.03510802469135803 0.03819444444444445 0.03935185185185185
0 0.6193576388888888 0.26427469135802467 0.19618055555555555 0.15354938271604937
0 0.4049479166666667 0.06327160493827161 0.058159722222222224 0.038580246913580245
0 0.7645399305555556 0.18981481481481483 0.055989583333333336 0.08024691358024691
0 0.5065104166666666 0.07561728395061729 0.0546875 0.06327160493827161
1 0.3467881944444444 0.3410493827160494 0.07552083333333333 0.20987654320987653
0 0.2571614583333333 0.04050925925925926 0.05164930555555555 0.03780864197530864
0 0.2701822916666667 0.03009259259259259 0.047309027777777776 0.035493827160493825
0 0.3637152777777778 0.038580246913580245 0.03298611111111111 0.038580246913580245
0 0.3969184027777778 0.044753086419753084 0.03602430555555555 0.024691358024691357
0 0.4123263888888889 0.031635802469135804 0.020833333333333332 0.029320987654320986
0 0.5021701388888888 0.024305555555555556 0.05295138888888889 0.03935185185185185
0 0.5407986111111112 0.08101851851851852 0.026909722222222224 0.05555555555555555
0 0.6673177083333334 0.12191358024691358 0.07161458333333333 0.05555555555555555
0 0.8608940972222222 0.20987654320987653 0.024739583333333332 0.043209876543209874