0 0.3971354166666667 0.29012345679012347 0.22916666666666666 0.18981481481481483
0 0.1443142361111111 0.7704475308641975 0.2877604166666667 0.4591049382716049
0 0.3248697916666667 0.04436728395061729 0.05251736111111111 0.04089506172839506
0 0.5928819444444444 0.09645061728395062 0.06944444444444445 0.047839506172839504
0 0.049479166666666664 0.48032407407407407 0.09809027777777778 0.18287037037037038
0 0.4019097222222222 0.06404320987654322 0.0546875 0.041666666666666664
0 0.20833333333333334 0.03587962962962963 0.042534722222222224 0.03780864197530864
0 0.2621527777777778 0.03819444444444445 0.04774305555555555 0.04243827160493827
1 0.4427083333333333 0.8761574074074074 0.1519097222222222 0.24768518518518517
0 0.16080729166666666 0.06442901234567901 0.007378472222222222 0.05015432098765432
0 0.3001302083333333 0.02854938271604938 0.03602430555555555 0.029320987654320986
0 0.3250868055555556 0.018518518518518517 0.06770833333333333 0.035493827160493825
0 0.3645833333333333 0.03973765432098766 0.03211805555555555 0.036265432098765434
0 0.3971354166666667 0.04243827160493827 0.043402777777777776 0.024691358024691357
0 0.47265625 0.057484567901234566 0.026909722222222224 0.02700617283950617
0 0.5010850694444444 0.08063271604938271 0.05772569444444445 0.05169753086419753
0 0.5379774305555556 0.0787037037037037 0.029947916666666668 0.05092592592592592
0 0.5718315972222222 0.07908950617283951 0.046440972222222224 0.04398148148148148
0 0.6640625 0.1246141975308642 0.0703125 0.06095679012345679
0 0.724609375 0.13233024691358025 0.03689236111111111 0.05478395061728395
0 0.8511284722222222 0.17476851851851852 0.04600694444444445 0.07021604938271606
0 0.8630642361111112 0.21064814814814814 0.023003472222222224 0.043209876543209874