0 0.14322916666666666 0.7689043209876543 0.2855902777777778 0.46219135802469136
0 0.3865017361111111 0.1886574074074074 0.1480034722222222 0.11959876543209877
0 0.2788628472222222 0.02546296296296296 0.04123263888888889 0.032407407407407406
0 0.3246527777777778 0.022762345679012346 0.03298611111111111 0.02546296296296296
0 0.611328125 0.14891975308641975 0.09852430555555555 0.06790123456790123
0 0.3993055555555556 0.046296296296296294 0.036458333333333336 0.030864197530864196
0 0.3548177083333333 0.027777777777777776 0.03515625 0.029320987654320986
0 0.2087673611111111 0.036265432098765434 0.03819444444444445 0.033950617283950615
0 0.24544270833333334 0.03665123456790124 0.03689236111111111 0.031635802469135804
0 0.3880208333333333 0.032407407407407406 0.028645833333333332 0.024691358024691357
1 0.7638888888888888 0.43094135802469136 0.06597222222222222 0.20756172839506173
1 0.8155381944444444 0.4270833333333333 0.042534722222222224 0.2199074074074074
1 0.037543402777777776 0.18557098765432098 0.022135416666666668 0.10108024691358025
0 0.16927083333333334 0.03819444444444445 0.026909722222222224 0.02546296296296296
0 0.4952256944444444 0.03896604938271605 0.028645833333333332 0.019290123456790122
0 0.6705729166666666 0.10185185185185185 0.0703125 0.1111111111111111
0 0.73046875 0.11959876543209877 0.03732638888888889 0.05246913580246913
0 0.8331163194444444 0.19367283950617284 0.0802951388888889 0.06790123456790123