0 0.3003472222222222 0.19212962962962962 0.14322916666666666 0.12808641975308643
0 0.318359375 0.041666666666666664 0.04296875 0.032407407407407406
0 0.21158854166666666 0.5659722222222222 0.4171006944444444 0.4236111111111111
0 0.6024305555555556 0.09027777777777778 0.059027777777777776 0.05246913580246913
0 0.2111545138888889 0.04359567901234568 0.04123263888888889 0.033179012345679014
0 0.357421875 0.058256172839506175 0.05164930555555555 0.03780864197530864
0 0.2760416666666667 0.04205246913580247 0.04774305555555555 0.03780864197530864
0 0.83203125 0.3175154320987654 0.06163194444444445 0.13657407407407407
0 0.1430121527777778 0.7754629629629629 0.28515625 0.44907407407407407
0 0.3563368055555556 0.030478395061728395 0.030381944444444444 0.023919753086419752
0 0.4932725694444444 0.03896604938271605 0.028211805555555556 0.016203703703703703
0 0.4694010416666667 0.038580246913580245 0.018663194444444444 0.020061728395061727
0 0.3786892361111111 0.033950617283950615 0.016927083333333332 0.021604938271604937
1 0.1818576388888889 0.2318672839506173 0.0234375 0.13503086419753085