0 0.3237847222222222 0.2881944444444444 0.2074652777777778 0.2013888888888889
0 0.1948784722222222 0.6072530864197531 0.3888888888888889 0.404320987654321
0 0.3621961805555556 0.030478395061728395 0.04296875 0.03009259259259259
0 0.09071180555555555 0.2199074074074074 0.1527777777777778 0.125
0 0.234375 0.09066358024691358 0.0642361111111111 0.05324074074074074
0 0.5735677083333334 0.14506172839506173 0.0959201388888889 0.06481481481481481
0 0.23546006944444445 0.04282407407407408 0.029947916666666668 0.03009259259259259
0 0.3487413194444444 0.16010802469135801 0.09765625 0.08719135802469136
0 0.2033420138888889 0.03279320987654321 0.026475694444444444 0.031635802469135804
0 0.6653645833333334 0.1087962962962963 0.04600694444444445 0.040123456790123455
0 0.6228298611111112 0.25578703703703703 0.18489583333333334 0.15817901234567902
0 0.822265625 0.2569444444444444 0.1150173611111111 0.21450617283950618
0 0.1794704861111111 0.03973765432098766 0.04210069444444445 0.034722222222222224
0 0.4856770833333333 0.03742283950617284 0.051215277777777776 0.02854938271604938
0 0.2365451388888889 0.027391975308641976 0.026909722222222224 0.022376543209876542
0 0.5815972222222222 0.10725308641975309 0.050347222222222224 0.027777777777777776
1 0.7452256944444444 0.691358024691358 0.17100694444444445 0.39969135802469136
1 0.7404513888888888 0.408179012345679 0.050347222222222224 0.1867283950617284
1 0.7799479166666666 0.4525462962962963 0.0625 0.24768518518518517