0 0.14366319444444445 0.7692901234567902 0.2864583333333333 0.46141975308641975
0 0.2881944444444444 0.040123456790123455 0.0390625 0.030864197530864196
0 0.3224826388888889 0.035493827160493825 0.026909722222222224 0.030864197530864196
0 0.3747829861111111 0.034722222222222224 0.026475694444444444 0.037037037037037035
0 0.1677517361111111 0.07484567901234568 0.02734375 0.040123456790123455
0 0.185546875 0.038580246913580245 0.037760416666666664 0.032407407407407406
0 0.7723524305555556 0.1728395061728395 0.07421875 0.06944444444444445
0 0.5891927083333334 0.12731481481481483 0.0646701388888889 0.05864197530864197
0 0.84765625 0.1736111111111111 0.050347222222222224 0.0787037037037037
1 0.5646701388888888 0.8155864197530864 0.1189236111111111 0.36882716049382713
1 0.666015625 0.8209876543209876 0.1323784722222222 0.35802469135802467
0 0.2649739583333333 0.02662037037037037 0.039496527777777776 0.033179012345679014
0 0.3763020833333333 0.02546296296296296 0.08680555555555555 0.046296296296296294
0 0.4657118055555556 0.03935185185185185 0.014756944444444444 0.027777777777777776
0 0.515625 0.03742283950617284 0.027777777777777776 0.02546296296296296
0 0.595703125 0.09567901234567901 0.06380208333333333 0.041666666666666664
0 0.6976996527777778 0.17939814814814814 0.07508680555555555 0.09027777777777778