0 0.2899305555555556 0.10146604938271606 0.08072916666666667 0.06712962962962964
0 0.212890625 0.5659722222222222 0.4118923611111111 0.43441358024691357
0 0.3240017361111111 0.05015432098765432 0.047309027777777776 0.040123456790123455
0 0.3819444444444444 0.04822530864197531 0.044270833333333336 0.031635802469135804
0 0.5902777777777778 0.13618827160493827 0.046875 0.06558641975308642
0 0.07725694444444445 0.32253086419753085 0.15364583333333334 0.17746913580246915
0 0.3524305555555556 0.033179012345679014 0.026909722222222224 0.033950617283950615
0 0.2769097222222222 0.04128086419753087 0.024305555555555556 0.03780864197530864
0 0.2994791666666667 0.02816358024691358 0.03298611111111111 0.02546296296296296
0 0.14344618055555555 0.7743055555555556 0.2860243055555556 0.4513888888888889
0 0.22265625 0.03896604938271605 0.042534722222222224 0.033179012345679014
0 0.3849826388888889 0.02662037037037037 0.030381944444444444 0.016203703703703703
0 0.4921875 0.07098765432098765 0.0390625 0.044753086419753084
0 0.6636284722222222 0.22145061728395063 0.13802083333333334 0.1095679012345679
0 0.8389756944444444 0.24266975308641975 0.06684027777777778 0.09799382716049383
0 0.7686631944444444 0.1427469135802469 0.04774305555555555 0.041666666666666664
0 0.8185763888888888 0.18441358024691357 0.08246527777777778 0.06172839506172839
1 0.5963541666666666 0.6512345679012346 0.08680555555555555 0.3873456790123457