0 0.08441840277777778 0.22106481481481483 0.1644965277777778 0.12422839506172839
0 0.595703125 0.10185185185185185 0.06032986111111111 0.06481481481481481
0 0.2769097222222222 0.032407407407407406 0.03819444444444445 0.027777777777777776
0 0.3415798611111111 0.10725308641975309 0.09288194444444445 0.08487654320987655
0 0.345703125 0.04243827160493827 0.03602430555555555 0.030864197530864196
0 0.4817708333333333 0.07060185185185185 0.046875 0.04398148148148148
0 0.22135416666666666 0.04128086419753087 0.04600694444444445 0.03780864197530864
0 0.5054253472222222 0.031635802469135804 0.045572916666666664 0.029320987654320986
0 0.3810763888888889 0.05092592592592592 0.04513888888888889 0.033950617283950615
0 0.7981770833333334 0.16087962962962962 0.07465277777777778 0.05478395061728395
1 0.732421875 0.47646604938271603 0.0681423611111111 0.23996913580246915
1 0.08441840277777778 0.36419753086419754 0.04904513888888889 0.23148148148148148
1 0.791015625 0.47878086419753085 0.0646701388888889 0.2908950617283951