0 0.1948784722222222 0.6099537037037037 0.3888888888888889 0.39737654320987653
0 0.23914930555555555 0.09375 0.0685763888888889 0.05787037037037037
0 0.3059895833333333 0.03125 0.036458333333333336 0.02854938271604938
0 0.5525173611111112 0.11689814814814815 0.0642361111111111 0.07330246913580248
0 0.3895399305555556 0.031635802469135804 0.04296875 0.030864197530864196
0 0.0876736111111111 0.30671296296296297 0.17447916666666666 0.24768518518518517
0 0.19053819444444445 0.03510802469135803 0.03993055555555555 0.02854938271604938
0 0.626953125 0.10686728395061729 0.04383680555555555 0.0470679012345679
0 0.2567274305555556 0.03935185185185185 0.05078125 0.038580246913580245
0 0.0915798611111111 0.21180555555555555 0.14583333333333334 0.11805555555555555
0 0.8029513888888888 0.20833333333333334 0.059895833333333336 0.08024691358024691
1 0.6206597222222222 0.7908950617283951 0.13975694444444445 0.4182098765432099