0 0.11566840277777778 0.3132716049382716 0.20616319444444445 0.22993827160493827
0 0.19466145833333334 0.6134259259259259 0.3875868055555556 0.39351851851851855
0 0.5403645833333334 0.08796296296296297 0.07291666666666667 0.06172839506172839
0 0.318359375 0.031635802469135804 0.040364583333333336 0.030864197530864196
0 0.3706597222222222 0.03125 0.035590277777777776 0.05478395061728395
0 0.09722222222222222 0.22145061728395063 0.11805555555555555 0.12345679012345678
0 0.2671440972222222 0.04050925925925926 0.05164930555555555 0.03935185185185185
0 0.5568576388888888 0.5632716049382716 0.04861111111111111 0.06481481481481481
0 0.4116753472222222 0.05632716049382716 0.03342013888888889 0.027777777777777776
0 0.4715711805555556 0.03973765432098766 0.023871527777777776 0.02546296296296296
0 0.412109375 0.037037037037037035 0.016059027777777776 0.023148148148148147
0 0.8118489583333334 0.1693672839506173 0.07855902777777778 0.05941358024691358
1 0.6156684027777778 0.6909722222222222 0.17057291666666666 0.3912037037037037