0 0.14344618055555555 0.2816358024691358 0.2113715277777778 0.18364197530864199
0 0.19466145833333334 0.6118827160493827 0.3884548611111111 0.39197530864197533
0 0.5238715277777778 0.19212962962962962 0.12586805555555555 0.11574074074074074
0 0.2649739583333333 0.041666666666666664 0.04383680555555555 0.032407407407407406
0 0.5173611111111112 0.09760802469135803 0.07118055555555555 0.09182098765432099
0 0.2163628472222222 0.04359567901234568 0.04296875 0.034722222222222224
0 0.083984375 0.2222222222222222 0.13932291666666666 0.12191358024691358
0 0.375 0.03896604938271605 0.022569444444444444 0.031635802469135804
0 0.3682725694444444 0.033179012345679014 0.04383680555555555 0.032407407407407406
0 0.21875 0.018518518518518517 0.04079861111111111 0.023148148148148147
0 0.4993489583333333 0.03973765432098766 0.03428819444444445 0.022376543209876542
0 0.8075086805555556 0.16049382716049382 0.07161458333333333 0.046296296296296294
0 0.6449652777777778 0.09259259259259259 0.057291666666666664 0.08641975308641975
1 0.2662760416666667 0.13580246913580246 0.01953125 0.08950617283950617