0 0.1955295138888889 0.6091820987654321 0.3901909722222222 0.39891975308641975
0 0.5696614583333334 0.09027777777777778 0.06380208333333333 0.047839506172839504
0 0.6102430555555556 0.23996913580246915 0.1892361111111111 0.16049382716049382
0 0.09049479166666667 0.22067901234567902 0.15321180555555555 0.12345679012345678
0 0.4728732638888889 0.03665123456790124 0.031684027777777776 0.02546296296296296
0 0.3949652777777778 0.030478395061728395 0.03125 0.031635802469135804
0 0.4047309027777778 0.06018518518518518 0.046440972222222224 0.043209876543209874
0 0.6579861111111112 0.11844135802469136 0.07552083333333333 0.0625
0 0.7727864583333334 0.15123456790123457 0.053385416666666664 0.05246913580246913
0 0.8513454861111112 0.2013888888888889 0.05685763888888889 0.05709876543209876
1 0.2921006944444444 0.15625 0.019097222222222224 0.1087962962962963
1 0.5301649305555556 0.8912037037037037 0.13671875 0.2175925925925926