0 0.14322916666666666 0.7700617283950617 0.2855902777777778 0.45987654320987653
0 0.6451822916666666 0.26273148148148145 0.1879340277777778 0.1427469135802469
0 0.2554253472222222 0.04089506172839506 0.046440972222222224 0.030864197530864196
0 0.3776041666666667 0.030864197530864196 0.015625 0.030864197530864196
0 0.3318142361111111 0.03665123456790124 0.04210069444444445 0.03780864197530864
0 0.2960069444444444 0.02970679012345679 0.0390625 0.02854938271604938
1 0.19791666666666666 0.125 0.022569444444444444 0.08641975308641975
0 0.24913194444444445 0.02507716049382716 0.03298611111111111 0.017746913580246913
0 0.318359375 0.02199074074074074 0.024739583333333332 0.020833333333333332
0 0.4025607638888889 0.03356481481481482 0.04470486111111111 0.033179012345679014
0 0.4702690972222222 0.0625 0.022135416666666668 0.043209876543209874
0 0.4900173611111111 0.03665123456790124 0.030381944444444444 0.022376543209876542
0 0.6727430555555556 0.12962962962962962 0.0685763888888889 0.05864197530864197
0 0.6336805555555556 0.09915123456790123 0.049479166666666664 0.04243827160493827
0 0.72265625 0.12808641975308643 0.03819444444444445 0.05864197530864197
0 0.7020399305555556 0.09567901234567901 0.029947916666666668 0.032407407407407406
0 0.810546875 0.16165123456790123 0.1150173611111111 0.11805555555555555