0 0.306640625 0.10493827160493827 0.0759548611111111 0.06944444444444445
0 0.14453125 0.7739197530864198 0.2881944444444444 0.4521604938271605
0 0.3715277777777778 0.027777777777777776 0.04079861111111111 0.030864197530864196
0 0.3207465277777778 0.027777777777777776 0.0390625 0.030864197530864196
0 0.4099392361111111 0.033179012345679014 0.020399305555555556 0.027777777777777776
0 0.2547743055555556 0.02970679012345679 0.04079861111111111 0.034722222222222224
0 0.19596354166666666 0.037037037037037035 0.04210069444444445 0.032407407407407406
1 0.8172743055555556 0.4390432098765432 0.059027777777777776 0.21604938271604937
1 0.78125 0.43287037037037035 0.046875 0.22685185185185186
1 0.7615017361111112 0.3873456790123457 0.054253472222222224 0.18364197530864199
1 0.798828125 0.3368055555555556 0.025607638888888888 0.05015432098765432
0 0.2131076388888889 0.02546296296296296 0.03125 0.041666666666666664
0 0.6265190972222222 0.10493827160493827 0.06640625 0.05864197530864197
0 0.7204861111111112 0.11689814814814815 0.03211805555555555 0.04089506172839506
0 0.7243923611111112 0.16473765432098766 0.08854166666666667 0.07484567901234568