0 0.20811631944444445 0.560570987654321 0.4153645833333333 0.42052469135802467
0 0.5755208333333334 0.11535493827160494 0.0842013888888889 0.06095679012345679
0 0.21419270833333334 0.04243827160493827 0.046440972222222224 0.033950617283950615
0 0.2845052083333333 0.04513888888888889 0.03342013888888889 0.033179012345679014
0 0.3591579861111111 0.05555555555555555 0.05685763888888889 0.038580246913580245
0 0.1423611111111111 0.7681327160493827 0.2838541666666667 0.4637345679012346
0 0.349609375 0.03665123456790124 0.062065972222222224 0.0470679012345679
0 0.400390625 0.034722222222222224 0.039496527777777776 0.027777777777777776
0 0.4155815972222222 0.057484567901234566 0.023871527777777776 0.02700617283950617
0 0.7341579861111112 0.16319444444444445 0.09418402777777778 0.0625
0 0.6725260416666666 0.1095679012345679 0.031684027777777776 0.044753086419753084
0 0.5023871527777778 0.03973765432098766 0.030815972222222224 0.017746913580246913
1 0.3773871527777778 0.2993827160493827 0.029947916666666668 0.17746913580246915