0 0.2990451388888889 0.10416666666666667 0.0763888888888889 0.07098765432098765
0 0.14388020833333334 0.7712191358024691 0.2868923611111111 0.4575617283950617
0 0.5349392361111112 0.17939814814814814 0.12022569444444445 0.10570987654320987
0 0.3767361111111111 0.037037037037037035 0.03298611111111111 0.038580246913580245
0 0.6399739583333334 0.10223765432098765 0.046440972222222224 0.05015432098765432
0 0.3090277777777778 0.04359567901234568 0.051215277777777776 0.03935185185185185
0 0.4945746527777778 0.02970679012345679 0.04210069444444445 0.02700617283950617
0 0.4546440972222222 0.06635802469135803 0.05859375 0.046296296296296294
0 0.2269965277777778 0.02854938271604938 0.03732638888888889 0.029320987654320986
0 0.1840277777777778 0.037037037037037035 0.03732638888888889 0.032407407407407406
0 0.3322482638888889 0.03742283950617284 0.031684027777777776 0.03935185185185185
1 0.08268229166666667 0.22145061728395063 0.02734375 0.11728395061728394
1 0.1931423611111111 0.13233024691358025 0.015625 0.08564814814814815
1 0.6597222222222222 0.6763117283950617 0.08854166666666667 0.36959876543209874
0 0.2565104166666667 0.04050925925925926 0.04774305555555555 0.03780864197530864
0 0.2977430555555556 0.022762345679012346 0.021701388888888888 0.022376543209876542
0 0.3912760416666667 0.03587962962962963 0.026475694444444444 0.02854938271604938
0 0.7293836805555556 0.10262345679012345 0.024739583333333332 0.035493827160493825
0 0.7782118055555556 0.1099537037037037 0.021701388888888888 0.031635802469135804