0 0.5386284722222222 0.2689043209876543 0.16493055555555555 0.1566358024691358
0 0.2107204861111111 0.5648148148148148 0.4205729166666667 0.4243827160493827
0 0.1284722222222222 0.3221450617283951 0.2560763888888889 0.15200617283950618
0 0.5355902777777778 0.16242283950617284 0.1362847222222222 0.13040123456790123
0 0.3984375 0.032407407407407406 0.03298611111111111 0.027777777777777776
0 0.3161892361111111 0.02700617283950617 0.053385416666666664 0.05246913580246913
0 0.14388020833333334 0.7735339506172839 0.2868923611111111 0.4529320987654321
0 0.35546875 0.04050925925925926 0.025173611111111112 0.033179012345679014
0 0.4737413194444444 0.04050925925925926 0.028211805555555556 0.02700617283950617
0 0.7786458333333334 0.17978395061728394 0.09375 0.0787037037037037
1 0.8109809027777778 0.41550925925925924 0.0646701388888889 0.22762345679012347