0 0.14561631944444445 0.7642746913580247 0.2903645833333333 0.4714506172839506
0 0.8448350694444444 0.24498456790123457 0.053385416666666664 0.0763888888888889
0 0.333984375 0.02662037037037037 0.04123263888888889 0.033179012345679014
0 0.4837239583333333 0.034722222222222224 0.03428819444444445 0.027777777777777776
0 0.23307291666666666 0.028935185185185185 0.04079861111111111 0.031635802469135804
0 0.6102430555555556 0.08719135802469136 0.1076388888888889 0.06327160493827161
0 0.3752170138888889 0.03665123456790124 0.022135416666666668 0.034722222222222224
1 0.1362847222222222 0.22337962962962962 0.0234375 0.13194444444444445
1 0.1560329861111111 0.21489197530864199 0.023003472222222224 0.12885802469135801
0 0.8268229166666666 0.1875 0.0703125 0.06944444444444445
0 0.7575954861111112 0.10725308641975309 0.029079861111111112 0.04938271604938271
0 0.1970486111111111 0.028935185185185185 0.0625 0.05169753086419753
0 0.4149305555555556 0.03279320987654321 0.020833333333333332 0.036265432098765434