0 0.1955295138888889 0.6064814814814815 0.3901909722222222 0.4058641975308642
0 0.09114583333333333 0.2199074074074074 0.15364583333333334 0.12345679012345678
0 0.5922309027777778 0.09567901234567901 0.0681423611111111 0.047839506172839504
0 0.3213975694444444 0.044753086419753084 0.055121527777777776 0.044753086419753084
0 0.3715277777777778 0.04861111111111111 0.04774305555555555 0.037037037037037035
0 0.2777777777777778 0.02970679012345679 0.034722222222222224 0.03009259259259259
0 0.22938368055555555 0.04128086419753087 0.04210069444444445 0.033179012345679014
0 0.6684027777777778 0.10725308641975309 0.04079861111111111 0.038580246913580245
0 0.5073784722222222 0.02854938271604938 0.04513888888888889 0.033950617283950615
0 0.4871961805555556 0.08024691358024691 0.045572916666666664 0.04938271604938271
0 0.8532986111111112 0.19637345679012347 0.044270833333333336 0.05632716049382716
0 0.3938802083333333 0.028935185185185185 0.055121527777777776 0.0470679012345679
1 0.7584635416666666 0.4409722222222222 0.0646701388888889 0.2507716049382716
1 0.7921006944444444 0.4486882716049383 0.06510416666666667 0.2523148148148148