0 0.5737847222222222 0.18942901234567902 0.12586805555555555 0.12268518518518519
0 0.1953125 0.6091820987654321 0.3897569444444444 0.40046296296296297
0 0.09092881944444445 0.22029320987654322 0.1540798611111111 0.12422839506172839
0 0.5798611111111112 0.10108024691358025 0.07899305555555555 0.07716049382716049
0 0.3565538194444444 0.03202160493827161 0.03515625 0.02700617283950617
0 0.7897135416666666 0.15470679012345678 0.08289930555555555 0.06095679012345679
0 0.84375 0.2006172839506173 0.058159722222222224 0.06790123456790123
0 0.4934895833333333 0.04282407407407408 0.03211805555555555 0.02854938271604938
1 0.17057291666666666 0.11419753086419752 0.014756944444444444 0.07407407407407407
1 0.2938368055555556 0.16666666666666666 0.015625 0.09876543209876543
1 0.3018663194444444 0.17824074074074073 0.01953125 0.1111111111111111