0 0.14322916666666666 0.7692901234567902 0.2855902777777778 0.46141975308641975
0 0.5438368055555556 0.1111111111111111 0.05381944444444445 0.06327160493827161
0 0.6011284722222222 0.12731481481481483 0.06597222222222222 0.06327160493827161
0 0.21006944444444445 0.035493827160493825 0.042534722222222224 0.035493827160493825
0 0.3493923611111111 0.05092592592592592 0.05295138888888889 0.040123456790123455
0 0.4815538194444444 0.07561728395061729 0.048177083333333336 0.04938271604938271
0 0.4939236111111111 0.041666666666666664 0.03993055555555555 0.030864197530864196
0 0.40625 0.06172839506172839 0.050347222222222224 0.038580246913580245
0 0.6764322916666666 0.10339506172839506 0.030815972222222224 0.040123456790123455
0 0.3125 0.03780864197530864 0.044270833333333336 0.040123456790123455
0 0.2799479166666667 0.041666666666666664 0.029513888888888888 0.037037037037037035
0 0.3819444444444444 0.036265432098765434 0.024305555555555556 0.029320987654320986
1 0.6822916666666666 0.3861882716049383 0.06770833333333333 0.24151234567901234
1 0.6866319444444444 0.3626543209876543 0.046875 0.2330246913580247
0 0.23741319444444445 0.03510802469135803 0.014756944444444444 0.02700617283950617
0 0.3387586805555556 0.033950617283950615 0.016927083333333332 0.024691358024691357
0 0.4055989583333333 0.032407407407407406 0.04210069444444445 0.04938271604938271
0 0.5149739583333334 0.0775462962962963 0.04210069444444445 0.05478395061728395
0 0.6957465277777778 0.15817901234567902 0.06163194444444445 0.0787037037037037
0 0.7688802083333334 0.1415895061728395 0.06553819444444445 0.06867283950617284
0 0.8595920138888888 0.20756172839506173 0.022135416666666668 0.038580246913580245