0 0.2133246527777778 0.5690586419753086 0.4118923611111111 0.41435185185185186
0 0.3376736111111111 0.053626543209876545 0.052083333333333336 0.03780864197530864
0 0.056640625 0.2932098765432099 0.11241319444444445 0.2330246913580247
0 0.3912760416666667 0.031635802469135804 0.04210069444444445 0.029320987654320986
0 0.14127604166666666 0.7669753086419753 0.2816840277777778 0.4660493827160494
0 0.2250434027777778 0.03587962962962963 0.05164930555555555 0.04243827160493827
0 0.4815538194444444 0.1427469135802469 0.030815972222222224 0.08950617283950617
0 0.4752604166666667 0.03742283950617284 0.035590277777777776 0.031635802469135804
0 0.5004340277777778 0.03510802469135803 0.035590277777777776 0.031635802469135804
0 0.7645399305555556 0.2326388888888889 0.1228298611111111 0.12422839506172839
0 0.6534288194444444 0.15895061728395063 0.053385416666666664 0.08333333333333333
1 0.036458333333333336 0.1597222222222222 0.013888888888888888 0.041666666666666664