0 0.1449652777777778 0.7727623456790124 0.2890625 0.45447530864197533
0 0.21006944444444445 0.032407407407407406 0.041666666666666664 0.040123456790123455
0 0.3617621527777778 0.037037037037037035 0.06727430555555555 0.06481481481481481
0 0.2426215277777778 0.03433641975308642 0.018229166666666668 0.033179012345679014
1 0.2771267361111111 0.1412037037037037 0.021267361111111112 0.09567901234567901
1 0.6697048611111112 0.5686728395061729 0.07118055555555555 0.3441358024691358
1 0.7322048611111112 0.5057870370370371 0.059895833333333336 0.341820987654321
1 0.748046875 0.5304783950617284 0.04296875 0.15046296296296297
0 0.2649739583333333 0.04205246913580247 0.047309027777777776 0.04089506172839506
0 0.3029513888888889 0.03819444444444445 0.034722222222222224 0.034722222222222224
0 0.3279079861111111 0.016975308641975308 0.04383680555555555 0.032407407407407406
0 0.3272569444444444 0.048996913580246916 0.0546875 0.04089506172839506
0 0.4748263888888889 0.04050925925925926 0.03125 0.02854938271604938
0 0.6668836805555556 0.12075617283950617 0.06727430555555555 0.05478395061728395