0 0.1449652777777778 0.7685185185185185 0.2890625 0.46296296296296297
0 0.2113715277777778 0.033950617283950615 0.04513888888888889 0.037037037037037035
0 0.3932291666666667 0.06095679012345679 0.06163194444444445 0.047839506172839504
0 0.2619357638888889 0.04128086419753087 0.05251736111111111 0.04552469135802469
0 0.357421875 0.03819444444444445 0.0681423611111111 0.0625
0 0.3276909722222222 0.0470679012345679 0.051215277777777776 0.040123456790123455
1 0.6558159722222222 0.3626543209876543 0.06336805555555555 0.22839506172839505
0 0.1714409722222222 0.03587962962962963 0.021701388888888888 0.03780864197530864
0 0.4123263888888889 0.030864197530864196 0.018229166666666668 0.023148148148148147
0 0.7022569444444444 0.12345679012345678 0.06770833333333333 0.04938271604938271
0 0.8098958333333334 0.15470679012345678 0.13368055555555555 0.19058641975308643