0 0.2814670138888889 0.10648148148148148 0.0802951388888889 0.06635802469135803
0 0.5614149305555556 0.19753086419753085 0.13758680555555555 0.11574074074074074
0 0.21223958333333334 0.566358024691358 0.4140625 0.4228395061728395
0 0.21484375 0.040123456790123455 0.04513888888888889 0.037037037037037035
0 0.5071614583333334 0.08371913580246913 0.0646701388888889 0.04861111111111111
0 0.2788628472222222 0.043209876543209874 0.02734375 0.032407407407407406
0 0.3257378472222222 0.05478395061728395 0.04470486111111111 0.032407407407407406
0 0.54296875 0.08333333333333333 0.033854166666666664 0.041666666666666664
0 0.142578125 0.7723765432098766 0.2842881944444444 0.45524691358024694
0 0.3953993055555556 0.055169753086419755 0.04513888888888889 0.05169753086419753
0 0.8240017361111112 0.30941358024691357 0.07769097222222222 0.10493827160493827
0 0.658203125 0.09490740740740741 0.046440972222222224 0.06327160493827161
0 0.3246527777777778 0.02816358024691358 0.03993055555555555 0.02546296296296296
0 0.3572048611111111 0.035493827160493825 0.026041666666666668 0.026234567901234566
1 0.7834201388888888 0.4683641975308642 0.078125 0.22685185185185186
1 0.08311631944444445 0.16898148148148148 0.017795138888888888 0.08333333333333333