0 0.1540798611111111 0.37808641975308643 0.2942708333333333 0.24074074074074073
0 0.041015625 0.24228395061728394 0.08116319444444445 0.12654320987654322
0 0.5366753472222222 0.16435185185185186 0.12456597222222222 0.13117283950617284
0 0.2615017361111111 0.16743827160493827 0.21744791666666666 0.2515432098765432
0 0.4976128472222222 0.06983024691358025 0.04904513888888889 0.0470679012345679
0 0.2302517361111111 0.03742283950617284 0.040364583333333336 0.034722222222222224
0 0.3591579861111111 0.026234567901234566 0.03515625 0.029320987654320986
0 0.3856336805555556 0.04359567901234568 0.031684027777777776 0.02854938271604938
0 0.3971354166666667 0.03202160493827161 0.03732638888888889 0.02854938271604938
0 0.3305121527777778 0.02700617283950617 0.029079861111111112 0.030864197530864196
1 0.12782118055555555 0.14699074074074073 0.020399305555555556 0.08256172839506173
0 0.275390625 0.03202160493827161 0.017795138888888888 0.036265432098765434
0 0.4730902777777778 0.038580246913580245 0.03211805555555555 0.029320987654320986
0 0.4915364583333333 0.03742283950617284 0.030815972222222224 0.031635802469135804
0 0.6642795138888888 0.11496913580246913 0.0681423611111111 0.05709876543209876
0 0.8133680555555556 0.22878086419753085 0.11631944444444445 0.12885802469135801
0 0.7213541666666666 0.11882716049382716 0.035590277777777776 0.05401234567901234