0 0.3739149305555556 0.13233024691358025 0.08116319444444445 0.08564814814814815
0 0.2124565972222222 0.5659722222222222 0.4162326388888889 0.4236111111111111
0 0.6163194444444444 0.1253858024691358 0.13020833333333334 0.13503086419753085
0 0.4008246527777778 0.033179012345679014 0.039496527777777776 0.027777777777777776
0 0.3259548611111111 0.030864197530864196 0.0546875 0.05709876543209876
0 0.2243923611111111 0.04128086419753087 0.051215277777777776 0.02854938271604938
0 0.14192708333333334 0.7716049382716049 0.2829861111111111 0.4567901234567901
0 0.4934895833333333 0.04205246913580247 0.03125 0.017746913580246913
0 0.4683159722222222 0.03896604938271605 0.016493055555555556 0.020833333333333332
0 0.3648003472222222 0.04205246913580247 0.020399305555555556 0.03780864197530864
0 0.83984375 0.2044753086419753 0.06597222222222222 0.06944444444444445
1 0.8318142361111112 0.44290123456790126 0.061197916666666664 0.21604938271604937