0 0.21180555555555555 0.5671296296296297 0.4166666666666667 0.4182098765432099
0 0.3174913194444444 0.041666666666666664 0.04296875 0.030864197530864196
0 0.2113715277777778 0.04205246913580247 0.0390625 0.02700617283950617
0 0.3595920138888889 0.055169753086419755 0.054253472222222224 0.036265432098765434
0 0.16731770833333334 0.07561728395061729 0.025607638888888888 0.041666666666666664
0 0.2842881944444444 0.045910493827160496 0.030381944444444444 0.031635802469135804
0 0.4014756944444444 0.0470679012345679 0.028645833333333332 0.033950617283950615
0 0.5119357638888888 0.033950617283950615 0.029947916666666668 0.021604938271604937
0 0.3904079861111111 0.035493827160493825 0.031684027777777776 0.030864197530864196
0 0.14344618055555555 0.7754629629629629 0.2860243055555556 0.44907407407407407
0 0.2571614583333333 0.026234567901234566 0.055989583333333336 0.038580246913580245
0 0.85546875 0.19328703703703703 0.035590277777777776 0.05015432098765432
0 0.7274305555555556 0.2638888888888889 0.1623263888888889 0.1574074074074074
0 0.6519097222222222 0.18518518518518517 0.0798611111111111 0.09259259259259259
0 0.6770833333333334 0.10416666666666667 0.03993055555555555 0.05864197530864197
1 0.05099826388888889 0.2183641975308642 0.017795138888888888 0.10648148148148148