0 0.2224392361111111 0.24421296296296297 0.19140625 0.1736111111111111
0 0.19422743055555555 0.6087962962962963 0.3875868055555556 0.39814814814814814
0 0.0881076388888889 0.2199074074074074 0.14756944444444445 0.12345679012345678
0 0.3094618055555556 0.03819444444444445 0.03125 0.03009259259259259
0 0.3391927083333333 0.02507716049382716 0.04296875 0.03935185185185185
0 0.3732638888888889 0.038580246913580245 0.027777777777777776 0.033950617283950615
0 0.6154513888888888 0.09837962962962964 0.06336805555555555 0.04398148148148148
0 0.3971354166666667 0.04513888888888889 0.03211805555555555 0.034722222222222224
0 0.8135850694444444 0.18595679012345678 0.08897569444444445 0.06635802469135803
0 0.2771267361111111 0.046296296296296294 0.03689236111111111 0.033950617283950615
0 0.4924045138888889 0.03780864197530864 0.03428819444444445 0.023148148148148147
0 0.2150607638888889 0.043209876543209874 0.04470486111111111 0.033950617283950615
1 0.8109809027777778 0.43287037037037035 0.07074652777777778 0.20679012345679013