0 0.1950954861111111 0.6026234567901234 0.3893229166666667 0.4089506172839506
0 0.09114583333333333 0.22067901234567902 0.1527777777777778 0.12345679012345678
0 0.6148003472222222 0.10185185185185185 0.055121527777777776 0.043209876543209874
0 0.3357204861111111 0.043209876543209874 0.04210069444444445 0.032407407407407406
0 0.3834635416666667 0.044753086419753084 0.030815972222222224 0.030864197530864196
0 0.3111979166666667 0.02353395061728395 0.03993055555555555 0.03935185185185185
0 0.21592881944444445 0.04089506172839506 0.04470486111111111 0.032407407407407406
0 0.2437065972222222 0.038580246913580245 0.014322916666666666 0.037037037037037035
0 0.1892361111111111 0.03935185185185185 0.03819444444444445 0.030864197530864196
0 0.6692708333333334 0.16049382716049382 0.04600694444444445 0.08024691358024691
0 0.7808159722222222 0.16435185185185186 0.08159722222222222 0.06327160493827161
1 0.6673177083333334 0.7681327160493827 0.09331597222222222 0.41898148148148145
1 0.2328559027777778 0.13040123456790123 0.021267361111111112 0.08179012345679013