0 0.1955295138888889 0.6041666666666666 0.3901909722222222 0.4104938271604938
0 0.09092881944444445 0.22029320987654322 0.15321180555555555 0.12268518518518519
0 0.5457899305555556 0.2542438271604938 0.1775173611111111 0.16126543209876543
0 0.5857204861111112 0.09490740740740741 0.07421875 0.06481481481481481
0 0.3170572916666667 0.044753086419753084 0.046440972222222224 0.033950617283950615
0 0.21744791666666666 0.06558641975308642 0.08072916666666667 0.09259259259259259
0 0.3988715277777778 0.0466820987654321 0.04774305555555555 0.04552469135802469
0 0.3511284722222222 0.03125 0.03211805555555555 0.034722222222222224
0 0.5052083333333334 0.14930555555555555 0.06944444444444445 0.05941358024691358
0 0.2723524305555556 0.03973765432098766 0.010850694444444444 0.02700617283950617
0 0.3739149305555556 0.04243827160493827 0.021267361111111112 0.030864197530864196
0 0.5032552083333334 0.027777777777777776 0.0724826388888889 0.044753086419753084
0 0.4997829861111111 0.04282407407407408 0.029947916666666668 0.017746913580246913
0 0.79296875 0.1732253086419753 0.08940972222222222 0.0470679012345679
0 0.6786024305555556 0.11265432098765432 0.03342013888888889 0.046296296296296294
0 0.6397569444444444 0.08912037037037036 0.03211805555555555 0.05632716049382716
0 0.705078125 0.1867283950617284 0.0881076388888889 0.08796296296296297
1 0.646484375 0.4695216049382716 0.062065972222222224 0.2492283950617284
1 0.6927083333333334 0.47453703703703703 0.06336805555555555 0.30246913580246915
1 0.7057291666666666 0.5216049382716049 0.059027777777777776 0.29475308641975306
1 0.7560763888888888 0.5455246913580247 0.0720486111111111 0.3194444444444444