0 0.11436631944444445 0.26774691358024694 0.1974826388888889 0.21450617283950618
0 0.3298611111111111 0.3101851851851852 0.1996527777777778 0.19753086419753085
0 0.3322482638888889 0.027777777777777776 0.040364583333333336 0.027777777777777776
0 0.548828125 0.0775462962962963 0.07074652777777778 0.08719135802469136
0 0.22960069444444445 0.038580246913580245 0.044270833333333336 0.032407407407407406
0 0.6384548611111112 0.16550925925925927 0.1345486111111111 0.17978395061728394
0 0.7690972222222222 0.16550925925925927 0.0798611111111111 0.07330246913580248
0 0.4125434027777778 0.05092592592592592 0.04210069444444445 0.035493827160493825
0 0.2834201388888889 0.04359567901234568 0.0390625 0.034722222222222224
0 0.3799913194444444 0.040123456790123455 0.030815972222222224 0.032407407407407406
0 0.8504774305555556 0.2646604938271605 0.04123263888888889 0.07561728395061729
1 0.7048611111111112 0.5447530864197531 0.08159722222222222 0.3395061728395062
0 0.1697048611111111 0.037037037037037035 0.026041666666666668 0.035493827160493825
0 0.279296875 0.020833333333333332 0.028211805555555556 0.023148148148148147
0 0.333984375 0.03973765432098766 0.03428819444444445 0.04089506172839506
0 0.3611111111111111 0.034722222222222224 0.022569444444444444 0.037037037037037035
0 0.4752604166666667 0.03125 0.03211805555555555 0.04243827160493827
0 0.4811197916666667 0.06751543209876543 0.045572916666666664 0.05169753086419753
0 0.8626302083333334 0.21103395061728394 0.023003472222222224 0.03935185185185185
0 0.671875 0.10030864197530864 0.041666666666666664 0.033950617283950615
0 0.7447916666666666 0.11072530864197531 0.026909722222222224 0.03780864197530864