0 0.3266059027777778 0.053626543209876545 0.05078125 0.033179012345679014
0 0.3502604166666667 0.11728395061728394 0.08680555555555555 0.08024691358024691
0 0.1792534722222222 0.08101851851851852 0.051215277777777776 0.044753086419753084
0 0.1430121527777778 0.7696759259259259 0.28515625 0.46064814814814814
0 0.2823350694444444 0.04513888888888889 0.030815972222222224 0.03780864197530864
0 0.6226128472222222 0.1392746913580247 0.08897569444444445 0.06404320987654322
0 0.3812934027777778 0.056712962962962965 0.026475694444444444 0.031635802469135804
0 0.21788194444444445 0.03973765432098766 0.042534722222222224 0.036265432098765434
0 0.35546875 0.02662037037037037 0.03819444444444445 0.020833333333333332
0 0.609375 0.09837962962962964 0.044270833333333336 0.04243827160493827
0 0.4029947916666667 0.06520061728395062 0.023871527777777776 0.04398148148148148
0 0.5182291666666666 0.07330246913580248 0.0842013888888889 0.08641975308641975
0 0.8020833333333334 0.17785493827160495 0.07899305555555555 0.0625
1 0.611328125 0.3506944444444444 0.06293402777777778 0.21682098765432098
1 0.026692708333333332 0.3422067901234568 0.037760416666666664 0.20756172839506173
1 0.04513888888888889 0.19135802469135801 0.026909722222222224 0.09259259259259259