0 0.1408420138888889 0.3541666666666667 0.2747395833333333 0.16666666666666666
0 0.5444878472222222 0.08140432098765432 0.062065972222222224 0.04861111111111111
0 0.1955295138888889 0.6253858024691358 0.3901909722222222 0.3464506172839506
0 0.09049479166666667 0.2222222222222222 0.15321180555555555 0.12654320987654322
0 0.4700520833333333 0.17785493827160495 0.10069444444444445 0.09799382716049383
0 0.3550347222222222 0.033950617283950615 0.03298611111111111 0.029320987654320986
0 0.3975694444444444 0.055169753086419755 0.041666666666666664 0.033179012345679014
0 0.2838541666666667 0.03819444444444445 0.035590277777777776 0.031635802469135804
0 0.2302517361111111 0.043209876543209874 0.038628472222222224 0.030864197530864196
0 0.3743489583333333 0.04359567901234568 0.028211805555555556 0.02700617283950617
0 0.6419270833333334 0.11651234567901235 0.0720486111111111 0.04938271604938271
0 0.8517795138888888 0.19290123456790123 0.04383680555555555 0.05092592592592592
1 0.8159722222222222 0.3993055555555556 0.041666666666666664 0.1412037037037037
1 0.216796875 0.12422839506172839 0.020399305555555556 0.07716049382716049