0 0.21223958333333334 0.5679012345679012 0.4097222222222222 0.4398148148148148
0 0.32421875 0.05169753086419753 0.04861111111111111 0.033950617283950615
0 0.580078125 0.15084876543209877 0.07769097222222222 0.05941358024691358
0 0.1970486111111111 0.03780864197530864 0.04600694444444445 0.029320987654320986
0 0.4858940972222222 0.0775462962962963 0.023871527777777776 0.04861111111111111
0 0.369140625 0.04128086419753087 0.02734375 0.031635802469135804
0 0.4016927083333333 0.034722222222222224 0.029947916666666668 0.030864197530864196
0 0.14344618055555555 0.7754629629629629 0.2860243055555556 0.44907407407407407
0 0.2840711805555556 0.03125 0.03342013888888889 0.02854938271604938
0 0.4585503472222222 0.15625 0.11588541666666667 0.11033950617283951
1 0.7261284722222222 0.5011574074074074 0.07465277777777778 0.2800925925925926