0 0.2541232638888889 0.22762345679012347 0.16796875 0.1574074074074074
0 0.580078125 0.20717592592592593 0.1193576388888889 0.1087962962962963
0 0.5060763888888888 0.07947530864197531 0.059895833333333336 0.046296296296296294
0 0.591796875 0.09837962962962964 0.0681423611111111 0.04398148148148148
0 0.21202256944444445 0.5636574074074074 0.4092881944444444 0.41435185185185186
0 0.3893229166666667 0.0470679012345679 0.049479166666666664 0.040123456790123455
0 0.318359375 0.05092592592592592 0.055989583333333336 0.038580246913580245
0 0.2502170138888889 0.03973765432098766 0.046440972222222224 0.036265432098765434
0 0.2172309027777778 0.034722222222222224 0.03342013888888889 0.038580246913580245
0 0.3259548611111111 0.023148148148148147 0.029513888888888888 0.021604938271604937
0 0.17122395833333334 0.04359567901234568 0.024739583333333332 0.03009259259259259
0 0.14322916666666666 0.7712191358024691 0.2855902777777778 0.45601851851851855
0 0.8389756944444444 0.32137345679012347 0.052083333333333336 0.11959876543209877
0 0.8563368055555556 0.19367283950617284 0.046875 0.04938271604938271
1 0.8211805555555556 0.43209876543209874 0.05381944444444445 0.22993827160493827
1 0.6812065972222222 0.5486111111111112 0.08116319444444445 0.3287037037037037
1 0.7287326388888888 0.5601851851851852 0.042534722222222224 0.2222222222222222
1 0.7215711805555556 0.3819444444444444 0.038628472222222224 0.16203703703703703
1 0.7497829861111112 0.39737654320987653 0.04904513888888889 0.1558641975308642