0 0.14322916666666666 0.7708333333333334 0.2855902777777778 0.4583333333333333
0 0.2113715277777778 0.033950617283950615 0.04513888888888889 0.037037037037037035
0 0.5314670138888888 0.08487654320987655 0.05859375 0.05246913580246913
0 0.3559027777777778 0.05015432098765432 0.05381944444444445 0.040123456790123455
0 0.6447482638888888 0.10069444444444445 0.040364583333333336 0.04398148148148148
0 0.3051215277777778 0.03973765432098766 0.03819444444444445 0.031635802469135804
0 0.4895833333333333 0.036265432098765434 0.036458333333333336 0.024691358024691357
0 0.265625 0.03819444444444445 0.049479166666666664 0.03780864197530864
1 0.5935329861111112 0.7303240740740741 0.10980902777777778 0.44675925925925924
0 0.3843315972222222 0.037037037037037035 0.023003472222222224 0.040123456790123455
0 0.4657118055555556 0.041666666666666664 0.014756944444444444 0.023148148148148147
0 0.3276909722222222 0.03433641975308642 0.021701388888888888 0.031635802469135804
0 0.24153645833333334 0.034722222222222224 0.020399305555555556 0.035493827160493825
0 0.8559027777777778 0.19058641975308643 0.03211805555555555 0.08024691358024691