0 0.08745659722222222 0.3001543209876543 0.1740451388888889 0.19598765432098766
0 0.21223958333333334 0.5698302469135802 0.4175347222222222 0.42052469135802467
0 0.5230034722222222 0.08989197530864197 0.06770833333333333 0.05015432098765432
0 0.2185329861111111 0.041666666666666664 0.04296875 0.029320987654320986
0 0.4055989583333333 0.0628858024691358 0.04383680555555555 0.033179012345679014
0 0.3845486111111111 0.030478395061728395 0.04513888888888889 0.03009259259259259
0 0.625 0.10146604938271606 0.05642361111111111 0.05632716049382716
0 0.3127170138888889 0.043209876543209874 0.06380208333333333 0.05246913580246913
0 0.14192708333333334 0.7727623456790124 0.2829861111111111 0.45447530864197533
0 0.6046006944444444 0.22029320987654322 0.09722222222222222 0.11033950617283951
0 0.3713107638888889 0.04282407407407408 0.01953125 0.031635802469135804
0 0.7730034722222222 0.1871141975308642 0.06076388888888889 0.0779320987654321
1 0.03927951388888889 0.18557098765432098 0.018663194444444444 0.08564814814814815
1 0.5147569444444444 0.9463734567901234 0.07899305555555555 0.10725308641975309
1 0.6786024305555556 0.9513888888888888 0.05946180555555555 0.09722222222222222