0 0.14192708333333334 0.7689043209876543 0.2829861111111111 0.46219135802469136
0 0.21202256944444445 0.03780864197530864 0.04904513888888889 0.038580246913580245
0 0.5299479166666666 0.0798611111111111 0.057291666666666664 0.0470679012345679
0 0.3604600694444444 0.05092592592592592 0.05859375 0.043209876543209874
0 0.5217013888888888 0.15239197530864199 0.09809027777777778 0.09645061728395062
0 0.2769097222222222 0.041666666666666664 0.036458333333333336 0.033950617283950615
0 0.3953993055555556 0.048996913580246916 0.017361111111111112 0.034722222222222224
0 0.6397569444444444 0.11998456790123457 0.08072916666666667 0.06404320987654322
0 0.4932725694444444 0.037037037037037035 0.03428819444444445 0.023148148148148147
1 0.24348958333333334 0.1253858024691358 0.021701388888888888 0.09027777777777778
0 0.1753472222222222 0.031635802469135804 0.019097222222222224 0.029320987654320986
0 0.2380642361111111 0.028935185185185185 0.02734375 0.033179012345679014
0 0.4463975694444444 0.05555555555555555 0.04470486111111111 0.029320987654320986
0 0.6859809027777778 0.11458333333333333 0.04470486111111111 0.05015432098765432