0 0.0842013888888889 0.22029320987654322 0.1640625 0.12268518518518519
0 0.18467881944444445 0.08217592592592593 0.05251736111111111 0.04398148148148148
0 0.3059895833333333 0.3128858024691358 0.2456597222222222 0.1875
0 0.5993923611111112 0.1423611111111111 0.0920138888888889 0.1381172839506173
0 0.2719184027777778 0.08719135802469136 0.07769097222222222 0.06790123456790123
0 0.1384548611111111 0.7438271604938271 0.2760416666666667 0.5046296296296297
0 0.3467881944444444 0.04552469135802469 0.044270833333333336 0.027777777777777776
0 0.3598090277777778 0.11072530864197531 0.0920138888888889 0.08256172839506173
0 0.5401475694444444 0.11149691358024691 0.0646701388888889 0.08410493827160494
0 0.4906684027777778 0.037037037037037035 0.029079861111111112 0.024691358024691357
0 0.4103732638888889 0.13348765432098766 0.09331597222222222 0.09259259259259259
0 0.3203125 0.03780864197530864 0.021701388888888888 0.026234567901234566
0 0.20572916666666666 0.03896604938271605 0.03125 0.036265432098765434
0 0.2358940972222222 0.033179012345679014 0.03342013888888889 0.035493827160493825
0 0.2556423611111111 0.04050925925925926 0.050347222222222224 0.02546296296296296
0 0.8185763888888888 0.2364969135802469 0.10416666666666667 0.11805555555555555
1 0.6707899305555556 0.6099537037037037 0.08463541666666667 0.3402777777777778