0 0.1443142361111111 0.7692901234567902 0.2877604166666667 0.46141975308641975
0 0.2248263888888889 0.03510802469135803 0.046875 0.034722222222222224
0 0.2790798611111111 0.033950617283950615 0.03819444444444445 0.032407407407407406
0 0.8274739583333334 0.22608024691358025 0.08289930555555555 0.1095679012345679
0 0.8550347222222222 0.3167438271604938 0.022569444444444444 0.08564814814814815
1 0.5405815972222222 0.8009259259259259 0.19835069444444445 0.39814814814814814
0 0.24348958333333334 0.018518518518518517 0.025173611111111112 0.021604938271604937
0 0.3851996527777778 0.028935185185185185 0.03342013888888889 0.02546296296296296
0 0.4155815972222222 0.05092592592592592 0.031684027777777776 0.033950617283950615
0 0.5 0.03780864197530864 0.026909722222222224 0.021604938271604937
0 0.5377604166666666 0.02546296296296296 0.049479166666666664 0.037037037037037035
0 0.63671875 0.10108024691358025 0.03819444444444445 0.05709876543209876
0 0.6744791666666666 0.09104938271604938 0.049479166666666664 0.06327160493827161
0 0.7185329861111112 0.13618827160493827 0.046440972222222224 0.07021604938271606