0 0.3463541666666667 0.1261574074074074 0.08854166666666667 0.08410493827160494
0 0.4138454861111111 0.05555555555555555 0.03689236111111111 0.035493827160493825
0 0.4830729166666667 0.06481481481481481 0.044270833333333336 0.040123456790123455
0 0.22916666666666666 0.03819444444444445 0.043402777777777776 0.033179012345679014
0 0.3856336805555556 0.04089506172839506 0.028211805555555556 0.038580246913580245
0 0.2840711805555556 0.044753086419753084 0.040364583333333336 0.033950617283950615
0 0.5490451388888888 0.08024691358024691 0.05381944444444445 0.04938271604938271
0 0.5985243055555556 0.10455246913580248 0.05555555555555555 0.04552469135802469
0 0.3279079861111111 0.034722222222222224 0.023003472222222224 0.030864197530864196
0 0.5894097222222222 0.14621913580246915 0.10503472222222222 0.0779320987654321
0 0.3546006944444444 0.043209876543209874 0.04079861111111111 0.038580246913580245
0 0.6673177083333334 0.09490740740740741 0.048177083333333336 0.0787037037037037
1 0.703125 0.566358024691358 0.10243055555555555 0.3595679012345679
0 0.166015625 0.041666666666666664 0.017795138888888888 0.030864197530864196
0 0.3020833333333333 0.027391975308641976 0.03819444444444445 0.034722222222222224
0 0.3435329861111111 0.022762345679012346 0.025607638888888888 0.020833333333333332
0 0.728515625 0.1697530864197531 0.08550347222222222 0.10648148148148148
0 0.7771267361111112 0.16743827160493827 0.061197916666666664 0.08024691358024691