0 0.08072916666666667 0.2785493827160494 0.1605902777777778 0.27314814814814814
0 0.1423611111111111 0.7681327160493827 0.2838541666666667 0.4637345679012346
0 0.2927517361111111 0.10802469135802469 0.0881076388888889 0.0787037037037037
0 0.4225260416666667 0.15162037037037038 0.10980902777777778 0.09799382716049383
0 0.5950520833333334 0.14930555555555555 0.0859375 0.07484567901234568
0 0.18880208333333334 0.08333333333333333 0.06336805555555555 0.06018518518518518
0 0.5596788194444444 0.10648148148148148 0.05685763888888889 0.06172839506172839
0 0.3404947916666667 0.02854938271604938 0.04470486111111111 0.038580246913580245
0 0.2901475694444444 0.02507716049382716 0.03602430555555555 0.02854938271604938
0 0.21028645833333334 0.035493827160493825 0.03428819444444445 0.030864197530864196
0 0.8348524305555556 0.19560185185185186 0.07682291666666667 0.07175925925925926
0 0.2309027777777778 0.03125 0.024305555555555556 0.022376543209876542
1 0.0822482638888889 0.1388888888888889 0.013454861111111112 0.030864197530864196
1 0.0642361111111111 0.14699074074074073 0.018229166666666668 0.03935185185185185
0 0.36328125 0.030478395061728395 0.021701388888888888 0.036265432098765434
0 0.4071180555555556 0.03009259259259259 0.03298611111111111 0.040123456790123455
0 0.4722222222222222 0.03587962962962963 0.027777777777777776 0.03009259259259259
0 0.5577256944444444 0.11844135802469136 0.06076388888888889 0.06867283950617284
0 0.6417100694444444 0.12307098765432099 0.047309027777777776 0.07175925925925926
0 0.6779513888888888 0.11072530864197531 0.03298611111111111 0.04861111111111111
0 0.7196180555555556 0.16743827160493827 0.0842013888888889 0.09259259259259259