0 0.1955295138888889 0.6045524691358025 0.3901909722222222 0.408179012345679
0 0.09092881944444445 0.2195216049382716 0.15494791666666666 0.12422839506172839
0 0.21180555555555555 0.08834876543209877 0.050347222222222224 0.05478395061728395
0 0.3832465277777778 0.04282407407407408 0.0234375 0.02854938271604938
0 0.4761284722222222 0.1404320987654321 0.12239583333333333 0.13580246913580246
0 0.3661024305555556 0.032407407407407406 0.03428819444444445 0.033950617283950615
0 0.3337673611111111 0.02854938271604938 0.028645833333333332 0.023148148148148147
0 0.4060329861111111 0.03665123456790124 0.028211805555555556 0.02700617283950617
0 0.4965277777777778 0.03742283950617284 0.028645833333333332 0.022376543209876542
0 0.18836805555555555 0.037037037037037035 0.04079861111111111 0.030864197530864196
0 0.4743923611111111 0.04282407407407408 0.027777777777777776 0.02546296296296296
0 0.21484375 0.03125 0.020833333333333332 0.023919753086419752
0 0.6234809027777778 0.14699074074074073 0.046440972222222224 0.0763888888888889
1 0.7452256944444444 0.4810956790123457 0.078125 0.2770061728395062
1 0.7905815972222222 0.4347993827160494 0.06380208333333333 0.24768518518518517