0 0.1443142361111111 0.7692901234567902 0.2877604166666667 0.46141975308641975
0 0.3259548611111111 0.028935185185185185 0.033854166666666664 0.03009259259259259
0 0.5162760416666666 0.06520061728395062 0.08637152777777778 0.07484567901234568
0 0.6310763888888888 0.19791666666666666 0.10503472222222222 0.11651234567901235
0 0.3721788194444444 0.03665123456790124 0.023003472222222224 0.031635802469135804
0 0.7567274305555556 0.1570216049382716 0.06901041666666667 0.05478395061728395
0 0.3940972222222222 0.03009259259259259 0.033854166666666664 0.032407407407407406
1 0.8077256944444444 0.4529320987654321 0.06684027777777778 0.25925925925925924
1 0.7693142361111112 0.4409722222222222 0.05946180555555555 0.25540123456790126
0 0.1684027777777778 0.03819444444444445 0.026041666666666668 0.03009259259259259
0 0.4144965277777778 0.0470679012345679 0.018229166666666668 0.046296296296296294
0 0.4858940972222222 0.03510802469135803 0.04991319444444445 0.05478395061728395
0 0.7263454861111112 0.11766975308641975 0.03515625 0.04243827160493827
0 0.7819010416666666 0.15123456790123457 0.03689236111111111 0.06018518518518518
0 0.8624131944444444 0.21257716049382716 0.021701388888888888 0.03780864197530864