0 0.2126736111111111 0.566358024691358 0.4166666666666667 0.42746913580246915
0 0.3585069444444444 0.03896604938271605 0.034722222222222224 0.034722222222222224
0 0.21571180555555555 0.036265432098765434 0.052083333333333336 0.041666666666666664
0 0.23502604166666666 0.041666666666666664 0.031684027777777776 0.035493827160493825
0 0.1430121527777778 0.7754629629629629 0.28515625 0.44907407407407407
0 0.4791666666666667 0.03819444444444445 0.03211805555555555 0.022376543209876542
0 0.404296875 0.03356481481481482 0.028211805555555556 0.02854938271604938
0 0.6089409722222222 0.13194444444444445 0.03819444444444445 0.07561728395061729
0 0.6338975694444444 0.10262345679012345 0.05164930555555555 0.06018518518518518
1 0.7465277777777778 0.39351851851851855 0.05295138888888889 0.2191358024691358
1 0.5373263888888888 0.3584104938271605 0.042534722222222224 0.22608024691358025