0 0.3595920138888889 0.12152777777777778 0.09331597222222222 0.08101851851851852
0 0.1382378472222222 0.7692901234567902 0.2756076388888889 0.46141975308641975
0 0.3029513888888889 0.04552469135802469 0.046875 0.037037037037037035
0 0.21006944444444445 0.5609567901234568 0.4192708333333333 0.42746913580246915
0 0.3704427083333333 0.032407407407407406 0.03515625 0.032407407407407406
0 0.6165364583333334 0.2199074074074074 0.1427951388888889 0.12654320987654322
0 0.18272569444444445 0.07060185185185185 0.05555555555555555 0.05478395061728395
0 0.2348090277777778 0.03780864197530864 0.034722222222222224 0.030864197530864196
0 0.6644965277777778 0.12731481481481483 0.042534722222222224 0.05401234567901234
1 0.16102430555555555 0.49614197530864196 0.0625 0.18364197530864199
0 0.1753472222222222 0.03819444444444445 0.036458333333333336 0.02546296296296296
0 0.2638888888888889 0.031635802469135804 0.04079861111111111 0.029320987654320986
0 0.4151475694444444 0.03433641975308642 0.014322916666666666 0.031635802469135804
0 0.8359375 0.19444444444444445 0.07378472222222222 0.0787037037037037