0 0.18446180555555555 0.2507716049382716 0.1996527777777778 0.1867283950617284
0 0.19422743055555555 0.6107253086419753 0.3875868055555556 0.3881172839506173
0 0.08311631944444445 0.3541666666666667 0.16276041666666666 0.1388888888888889
0 0.3804253472222222 0.04282407407407408 0.026475694444444444 0.031635802469135804
0 0.0822482638888889 0.22067901234567902 0.1410590277777778 0.12191358024691358
0 0.3250868055555556 0.03742283950617284 0.03298611111111111 0.034722222222222224
0 0.20985243055555555 0.03433641975308642 0.03602430555555555 0.03009259259259259
0 0.4711371527777778 0.059027777777777776 0.032552083333333336 0.036265432098765434
0 0.4767795138888889 0.03433641975308642 0.03515625 0.03009259259259259
0 0.6681857638888888 0.11033950617283951 0.04123263888888889 0.04938271604938271
0 0.7901475694444444 0.16473765432098766 0.0915798611111111 0.05324074074074074
1 0.5110677083333334 0.6354166666666666 0.07942708333333333 0.3881172839506173
1 0.6395399305555556 0.3599537037037037 0.06032986111111111 0.22299382716049382
1 0.22352430555555555 0.11921296296296297 0.018229166666666668 0.07175925925925926
1 0.7452256944444444 0.4880401234567901 0.06684027777777778 0.29552469135802467