0 0.1430121527777778 0.7727623456790124 0.28515625 0.45447530864197533
0 0.21180555555555555 0.03279320987654321 0.046875 0.03780864197530864
0 0.3980034722222222 0.06018518518518518 0.06336805555555555 0.041666666666666664
0 0.3279079861111111 0.04861111111111111 0.053385416666666664 0.037037037037037035
0 0.361328125 0.03780864197530864 0.0681423611111111 0.06172839506172839
0 0.2647569444444444 0.04243827160493827 0.049479166666666664 0.038580246913580245
0 0.3031684027777778 0.040123456790123455 0.031684027777777776 0.033950617283950615
1 0.7330729166666666 0.5135030864197531 0.078125 0.2631172839506173
1 0.3975694444444444 0.22067901234567902 0.03211805555555555 0.15432098765432098
0 0.24131944444444445 0.03665123456790124 0.020833333333333332 0.036265432098765434
0 0.4129774305555556 0.032407407407407406 0.021267361111111112 0.032407407407407406
0 0.5093315972222222 0.04205246913580247 0.023003472222222224 0.022376543209876542