0 0.212890625 0.566358024691358 0.4153645833333333 0.4212962962962963
0 0.3187934027777778 0.04822530864197531 0.05164930555555555 0.04089506172839506
0 0.05642361111111111 0.3109567901234568 0.11197916666666667 0.2006172839506173
0 0.6059027777777778 0.10416666666666667 0.06770833333333333 0.047839506172839504
0 0.2265625 0.04359567901234568 0.043402777777777776 0.033179012345679014
0 0.3734809027777778 0.032407407407407406 0.04383680555555555 0.029320987654320986
0 0.4856770833333333 0.038580246913580245 0.03993055555555555 0.024691358024691357
0 0.7979600694444444 0.1527777777777778 0.10286458333333333 0.08024691358024691
0 0.8585069444444444 0.18557098765432098 0.028645833333333332 0.05169753086419753
0 0.142578125 0.7654320987654321 0.2842881944444444 0.4691358024691358
1 0.06315104166666667 0.18248456790123457 0.020399305555555556 0.05632716049382716