0 0.3305121527777778 0.20640432098765432 0.1540798611111111 0.1412037037037037
0 0.1955295138888889 0.6030092592592593 0.3901909722222222 0.41280864197530864
0 0.08984375 0.22067901234567902 0.1527777777777778 0.12345679012345678
0 0.3046875 0.047839506172839504 0.052083333333333336 0.037037037037037035
0 0.3719618055555556 0.038580246913580245 0.028645833333333332 0.033950617283950615
0 0.5635850694444444 0.15200617283950618 0.09418402777777778 0.08333333333333333
0 0.21484375 0.04282407407407408 0.04774305555555555 0.036265432098765434
0 0.2886284722222222 0.029320987654320986 0.03125 0.024691358024691357
0 0.2458767361111111 0.03780864197530864 0.014322916666666666 0.033950617283950615
0 0.4739583333333333 0.06327160493827161 0.033854166666666664 0.046296296296296294
0 0.404296875 0.02662037037037037 0.029947916666666668 0.05169753086419753
0 0.7921006944444444 0.1709104938271605 0.0859375 0.0470679012345679
1 0.4607204861111111 0.2708333333333333 0.022135416666666668 0.1527777777777778