0 0.21223958333333334 0.5667438271604939 0.4149305555555556 0.4236111111111111
0 0.2068142361111111 0.03742283950617284 0.031684027777777776 0.03009259259259259
0 0.6243489583333334 0.09220679012345678 0.06901041666666667 0.07021604938271606
0 0.318359375 0.05092592592592592 0.04470486111111111 0.033950617283950615
0 0.3893229166666667 0.05941358024691358 0.052083333333333336 0.041666666666666664
0 0.3461371527777778 0.03125 0.039496527777777776 0.02546296296296296
0 0.2669270833333333 0.03935185185185185 0.041666666666666664 0.038580246913580245
0 0.7901475694444444 0.2951388888888889 0.1480034722222222 0.15200617283950618
0 0.1423611111111111 0.7723765432098766 0.2838541666666667 0.45524691358024694
0 0.306640625 0.04089506172839506 0.04123263888888889 0.030864197530864196
0 0.3984375 0.021604938271604937 0.04079861111111111 0.040123456790123455
0 0.4793836805555556 0.041666666666666664 0.03689236111111111 0.024691358024691357
1 0.5520833333333334 0.8383487654320988 0.14583333333333334 0.32330246913580246