0 0.1775173611111111 0.2326388888888889 0.1909722222222222 0.18287037037037038
0 0.2131076388888889 0.5690586419753086 0.4114583333333333 0.43441358024691357
0 0.3986545138888889 0.04205246913580247 0.04210069444444445 0.04398148148148148
0 0.326171875 0.03896604938271605 0.03342013888888889 0.03009259259259259
0 0.2306857638888889 0.04050925925925926 0.038628472222222224 0.034722222222222224
0 0.30859375 0.02546296296296296 0.029513888888888888 0.032407407407407406
0 0.14192708333333334 0.7704475308641975 0.2829861111111111 0.4591049382716049
0 0.369140625 0.04089506172839506 0.020399305555555556 0.029320987654320986
0 0.7471788194444444 0.1597222222222222 0.07335069444444445 0.05864197530864197
0 0.6770833333333334 0.1257716049382716 0.06597222222222222 0.047839506172839504
1 0.7322048611111112 0.7515432098765432 0.16493055555555555 0.4645061728395062
1 0.6349826388888888 0.7121913580246914 0.08680555555555555 0.41358024691358025