0 0.14322916666666666 0.7750771604938271 0.2855902777777778 0.4498456790123457
0 0.2838541666666667 0.19405864197530864 0.15538194444444445 0.14737654320987653
0 0.20985243055555555 0.03510802469135803 0.04210069444444445 0.036265432098765434
0 0.349609375 0.04976851851851852 0.05251736111111111 0.03935185185185185
0 0.5944010416666666 0.10300925925925926 0.06727430555555555 0.05015432098765432
0 0.4103732638888889 0.0628858024691358 0.040364583333333336 0.03780864197530864
0 0.3120659722222222 0.03587962962962963 0.046875 0.03780864197530864
0 0.2686631944444444 0.04128086419753087 0.052083333333333336 0.02854938271604938
0 0.6538628472222222 0.17785493827160495 0.1193576388888889 0.09027777777777778
0 0.4752604166666667 0.03665123456790124 0.026041666666666668 0.023919753086419752
1 0.4815538194444444 0.8452932098765432 0.11588541666666667 0.30941358024691357
1 0.3999565972222222 0.24575617283950618 0.03428819444444445 0.1705246913580247
1 0.419921875 0.24189814814814814 0.021267361111111112 0.14737654320987653
0 0.3871527777777778 0.03973765432098766 0.026909722222222224 0.036265432098765434
0 0.4064670138888889 0.03356481481481482 0.03428819444444445 0.03935185185185185
0 0.8433159722222222 0.19521604938271606 0.0625 0.06327160493827161
0 0.6358506944444444 0.10223765432098765 0.03298611111111111 0.05478395061728395
0 0.68359375 0.11959876543209877 0.052083333333333336 0.047839506172839504