0 0.3695746527777778 0.12962962962962962 0.09071180555555555 0.08796296296296297
0 0.1291232638888889 0.27121913580246915 0.19661458333333334 0.16280864197530864
0 0.4950086805555556 0.07484567901234568 0.04470486111111111 0.043209876543209874
0 0.20789930555555555 0.5632716049382716 0.4149305555555556 0.4182098765432099
0 0.2834201388888889 0.10262345679012345 0.07291666666666667 0.06790123456790123
0 0.353515625 0.05864197530864197 0.05772569444444445 0.038580246913580245
0 0.6143663194444444 0.14660493827160495 0.10286458333333333 0.08796296296296297
0 0.5690104166666666 0.08526234567901235 0.06336805555555555 0.04552469135802469
0 0.18098958333333334 0.09066358024691358 0.0546875 0.04552469135802469
0 0.2048611111111111 0.045910493827160496 0.03125 0.02700617283950617
0 0.5813802083333334 0.11651234567901235 0.055989583333333336 0.05092592592592592
0 0.236328125 0.040123456790123455 0.028211805555555556 0.030864197530864196
0 0.2860243055555556 0.044753086419753084 0.036458333333333336 0.038580246913580245
0 0.3125 0.03935185185185185 0.018229166666666668 0.040123456790123455
0 0.333984375 0.026234567901234566 0.032552083333333336 0.024691358024691357
0 0.8218315972222222 0.2334104938271605 0.07855902777777778 0.10262345679012345
0 0.7562934027777778 0.24344135802469136 0.14713541666666666 0.12731481481481483
0 0.14322916666666666 0.7731481481481481 0.2855902777777778 0.4537037037037037
0 0.7916666666666666 0.17708333333333334 0.08072916666666667 0.06558641975308642
1 0.8335503472222222 0.4359567901234568 0.037760416666666664 0.09104938271604938
1 0.7367621527777778 0.4444444444444444 0.045572916666666664 0.25925925925925924
1 0.7769097222222222 0.34992283950617287 0.034722222222222224 0.1566358024691358