0 0.2105034722222222 0.5648148148148148 0.4201388888888889 0.4166666666666667
0 0.5900607638888888 0.10686728395061729 0.062065972222222224 0.05169753086419753
0 0.4963107638888889 0.06983024691358025 0.045572916666666664 0.04552469135802469
0 0.3721788194444444 0.058256172839506175 0.055121527777777776 0.036265432098765434
0 0.3454861111111111 0.03973765432098766 0.041666666666666664 0.034722222222222224
0 0.23828125 0.04282407407407408 0.036458333333333336 0.03009259259259259
0 0.3068576388888889 0.030478395061728395 0.035590277777777776 0.04089506172839506
0 0.20442708333333334 0.038580246913580245 0.03211805555555555 0.029320987654320986
0 0.2795138888888889 0.040123456790123455 0.026909722222222224 0.035493827160493825
0 0.3949652777777778 0.04205246913580247 0.027777777777777776 0.03780864197530864
0 0.8537326388888888 0.2044753086419753 0.044270833333333336 0.05555555555555555
0 0.14344618055555555 0.7712191358024691 0.2860243055555556 0.4529320987654321
1 0.7654079861111112 0.45987654320987653 0.05946180555555555 0.25308641975308643