0 0.5455729166666666 0.17824074074074073 0.12152777777777778 0.10802469135802469
0 0.1957465277777778 0.6064814814814815 0.390625 0.4089506172839506
0 0.09092881944444445 0.2199074074074074 0.15321180555555555 0.12345679012345678
0 0.2860243055555556 0.031635802469135804 0.033854166666666664 0.026234567901234566
0 0.2222222222222222 0.08950617283950617 0.059895833333333336 0.046296296296296294
0 0.5972222222222222 0.10030864197530864 0.06163194444444445 0.041666666666666664
0 0.3832465277777778 0.036265432098765434 0.03298611111111111 0.032407407407407406
0 0.22178819444444445 0.02353395061728395 0.04774305555555555 0.04552469135802469
0 0.4991319444444444 0.03973765432098766 0.03298611111111111 0.03009259259259259
0 0.6256510416666666 0.1427469135802469 0.06553819444444445 0.07716049382716049
0 0.83984375 0.19367283950617284 0.06770833333333333 0.05864197530864197
1 0.404296875 0.27353395061728397 0.04123263888888889 0.16126543209876543