0 0.3719618055555556 0.13117283950617284 0.08159722222222222 0.08487654320987655
0 0.2979600694444444 0.10455246913580248 0.07335069444444445 0.06867283950617284
0 0.2204861111111111 0.09567901234567901 0.06336805555555555 0.05555555555555555
0 0.3519965277777778 0.058256172839506175 0.06076388888888889 0.04089506172839506
0 0.498046875 0.16628086419753085 0.0915798611111111 0.1257716049382716
0 0.21006944444444445 0.564429012345679 0.4192708333333333 0.41280864197530864
0 0.5672743055555556 0.12422839506172839 0.049479166666666664 0.06327160493827161
0 0.04470486111111111 0.33487654320987653 0.08854166666666667 0.18209876543209877
0 0.4947916666666667 0.07253086419753087 0.044270833333333336 0.043209876543209874
0 0.5707465277777778 0.08333333333333333 0.057291666666666664 0.044753086419753084
0 0.2302517361111111 0.04128086419753087 0.03515625 0.02854938271604938
0 0.14344618055555555 0.7743055555555556 0.2842881944444444 0.4513888888888889
0 0.1929253472222222 0.041666666666666664 0.04383680555555555 0.033950617283950615
0 0.2855902777777778 0.04513888888888889 0.03732638888888889 0.03935185185185185
0 0.3103298611111111 0.03935185185185185 0.016493055555555556 0.038580246913580245
0 0.3559027777777778 0.024691358024691357 0.041666666666666664 0.029320987654320986
0 0.4036458333333333 0.03742283950617284 0.03211805555555555 0.02854938271604938
0 0.4911024305555556 0.03935185185185185 0.03602430555555555 0.020061728395061727
0 0.8315972222222222 0.2334104938271605 0.08072916666666667 0.09645061728395062
0 0.8489583333333334 0.2978395061728395 0.04861111111111111 0.12037037037037036
1 0.7358940972222222 0.44560185185185186 0.04296875 0.26157407407407407
1 0.7782118055555556 0.3854166666666667 0.03732638888888889 0.22762345679012347