0 0.2319878472222222 0.33449074074074076 0.2417534722222222 0.19984567901234568
0 0.19444444444444445 0.6095679012345679 0.3880208333333333 0.4012345679012346
0 0.08984375 0.22106481481481483 0.15104166666666666 0.12268518518518519
0 0.556640625 0.25 0.1801215277777778 0.16666666666666666
0 0.220703125 0.04205246913580247 0.04904513888888889 0.036265432098765434
0 0.5948350694444444 0.11612654320987655 0.05164930555555555 0.05787037037037037
0 0.3912760416666667 0.05246913580246913 0.04210069444444445 0.035493827160493825
0 0.2912326388888889 0.04359567901234568 0.044270833333333336 0.04089506172839506
0 0.3307291666666667 0.03973765432098766 0.025173611111111112 0.02854938271604938
0 0.494140625 0.03935185185185185 0.032552083333333336 0.021604938271604937
0 0.3637152777777778 0.02816358024691358 0.034722222222222224 0.031635802469135804
0 0.5700954861111112 0.16859567901234568 0.07855902777777778 0.04861111111111111
0 0.775390625 0.17554012345679013 0.04991319444444445 0.08719135802469136
0 0.6397569444444444 0.10493827160493827 0.042534722222222224 0.047839506172839504
1 0.1267361111111111 0.22530864197530864 0.022569444444444444 0.125
1 0.26953125 0.2056327160493827 0.020833333333333332 0.08873456790123457