0 0.1792534722222222 0.24189814814814814 0.18229166666666666 0.16280864197530864
0 0.14322916666666666 0.7704475308641975 0.2855902777777778 0.4591049382716049
0 0.3519965277777778 0.05169753086419753 0.05555555555555555 0.037037037037037035
0 0.2189670138888889 0.040123456790123455 0.046440972222222224 0.032407407407407406
0 0.5260416666666666 0.11882716049382716 0.0842013888888889 0.07253086419753087
0 0.2873263888888889 0.040123456790123455 0.04774305555555555 0.038580246913580245
0 0.4038628472222222 0.028935185185185185 0.030815972222222224 0.02854938271604938
0 0.5279947916666666 0.1728395061728395 0.10807291666666667 0.10648148148148148
1 0.5355902777777778 0.3140432098765432 0.04774305555555555 0.18055555555555555
1 0.6779513888888888 0.6504629629629629 0.09635416666666667 0.375
0 0.2586805555555556 0.027777777777777776 0.03211805555555555 0.032407407407407406
0 0.3407118055555556 0.03279320987654321 0.028645833333333332 0.02700617283950617
0 0.3715277777777778 0.02546296296296296 0.04079861111111111 0.023148148148148147
0 0.3771701388888889 0.045910493827160496 0.033854166666666664 0.04398148148148148
0 0.4071180555555556 0.04938271604938271 0.030381944444444444 0.029320987654320986
0 0.4175347222222222 0.06520061728395062 0.035590277777777776 0.04243827160493827
0 0.4772135416666667 0.03279320987654321 0.030815972222222224 0.036265432098765434
0 0.4778645833333333 0.06944444444444445 0.036458333333333336 0.043209876543209874
0 0.515625 0.06597222222222222 0.05295138888888889 0.036265432098765434
0 0.5540364583333334 0.09915123456790123 0.05078125 0.07484567901234568
0 0.5928819444444444 0.09953703703703703 0.036458333333333336 0.05246913580246913
0 0.6284722222222222 0.09567901234567901 0.049479166666666664 0.046296296296296294
0 0.6549479166666666 0.11651234567901235 0.06684027777777778 0.040123456790123455
0 0.6649305555555556 0.14583333333333334 0.0763888888888889 0.06327160493827161
0 0.8081597222222222 0.16280864197530864 0.08159722222222222 0.08487654320987655
0 0.8563368055555556 0.1732253086419753 0.030381944444444444 0.06404320987654322
0 0.8608940972222222 0.20987654320987653 0.024739583333333332 0.043209876543209874