0 0.4168836805555556 0.2789351851851852 0.2400173611111111 0.1705246913580247
0 0.22395833333333334 0.04205246913580247 0.04600694444444445 0.036265432098765434
0 0.1401909722222222 0.7453703703703703 0.2795138888888889 0.49537037037037035
0 0.2899305555555556 0.04822530864197531 0.044270833333333336 0.033179012345679014
0 0.3953993055555556 0.06558641975308642 0.043402777777777776 0.038580246913580245
0 0.3298611111111111 0.04436728395061729 0.03211805555555555 0.03780864197530864
0 0.3602430555555556 0.043209876543209874 0.027777777777777776 0.035493827160493825
0 0.392578125 0.047839506172839504 0.031684027777777776 0.023148148148148147
0 0.6332465277777778 0.1253858024691358 0.04513888888888889 0.05941358024691358
0 0.7641059027777778 0.1705246913580247 0.054253472222222224 0.07716049382716049
1 0.4494357638888889 0.9016203703703703 0.1384548611111111 0.19675925925925927
1 0.004557291666666667 0.19753086419753085 0.008246527777777778 0.10030864197530864