0 0.5167100694444444 0.07523148148148148 0.04904513888888889 0.04243827160493827
0 0.32421875 0.04938271604938271 0.04600694444444445 0.038580246913580245
0 0.2146267361111111 0.5667438271604939 0.4092881944444444 0.4220679012345679
0 0.2790798611111111 0.04128086419753087 0.021701388888888888 0.04089506172839506
0 0.3895399305555556 0.04513888888888889 0.038628472222222224 0.03009259259259259
0 0.3467881944444444 0.037037037037037035 0.022569444444444444 0.032407407407407406
0 0.0842013888888889 0.3275462962962963 0.1675347222222222 0.16126543209876543
0 0.1423611111111111 0.7681327160493827 0.2838541666666667 0.4637345679012346
0 0.2224392361111111 0.03819444444444445 0.04296875 0.031635802469135804
0 0.3205295138888889 0.028935185185185185 0.03428819444444445 0.020833333333333332
0 0.8207465277777778 0.31790123456790126 0.0920138888888889 0.11882716049382716
0 0.6451822916666666 0.18981481481481483 0.09852430555555555 0.10030864197530864
0 0.7545572916666666 0.16126543209876543 0.0759548611111111 0.06327160493827161
0 0.8489583333333334 0.19405864197530864 0.050347222222222224 0.05015432098765432
1 0.10264756944444445 0.560570987654321 0.0724826388888889 0.3325617283950617
1 0.058159722222222224 0.18094135802469136 0.026041666666666668 0.11033950617283951