0 0.14388020833333334 0.7719907407407407 0.2868923611111111 0.45601851851851855
0 0.2113715277777778 0.033950617283950615 0.04513888888888889 0.035493827160493825
0 0.515625 0.1392746913580247 0.06597222222222222 0.08873456790123457
0 0.3678385416666667 0.04050925925925926 0.06901041666666667 0.06558641975308642
0 0.3274739583333333 0.029320987654320986 0.026475694444444444 0.021604938271604937
1 0.1616753472222222 0.10185185185185185 0.01171875 0.07098765432098765
0 0.2426215277777778 0.034722222222222224 0.019965277777777776 0.027777777777777776
0 0.2671440972222222 0.04282407407407408 0.04470486111111111 0.034722222222222224
0 0.3029513888888889 0.03935185185185185 0.036458333333333336 0.038580246913580245
0 0.3266059027777778 0.05092592592592592 0.05164930555555555 0.037037037037037035
0 0.4861111111111111 0.03896604938271605 0.043402777777777776 0.036265432098765434