0 0.1013454861111111 0.21720679012345678 0.12630208333333334 0.12114197530864197
0 0.603515625 0.09683641975308642 0.06640625 0.04398148148148148
0 0.35546875 0.05709876543209876 0.057291666666666664 0.043209876543209874
0 0.19422743055555555 0.6084104938271605 0.3875868055555556 0.4251543209876543
0 0.2026909722222222 0.036265432098765434 0.026909722222222224 0.026234567901234566
0 0.4006076388888889 0.05169753086419753 0.03211805555555555 0.032407407407407406
0 0.3283420138888889 0.032407407407407406 0.030815972222222224 0.026234567901234566
0 0.17057291666666666 0.04205246913580247 0.024305555555555556 0.02854938271604938
0 0.23502604166666666 0.03935185185185185 0.032552083333333336 0.040123456790123455
0 0.8530815972222222 0.19753086419753085 0.03602430555555555 0.038580246913580245
1 0.3040364583333333 0.7581018518518519 0.14366319444444445 0.4390432098765432