0 0.23350694444444445 0.33371913580246915 0.2378472222222222 0.19675925925925927
0 0.4971788194444444 0.07716049382716049 0.045572916666666664 0.043209876543209874
0 0.19596354166666666 0.626929012345679 0.3910590277777778 0.35108024691358025
0 0.52734375 0.2507716049382716 0.171875 0.16358024691358025
0 0.3179253472222222 0.052083333333333336 0.04470486111111111 0.033179012345679014
0 0.1252170138888889 0.2854938271604938 0.19921875 0.19135802469135801
0 0.3752170138888889 0.04243827160493827 0.023003472222222224 0.029320987654320986
0 0.08116319444444445 0.22299382716049382 0.13368055555555555 0.12037037037037036
0 0.2289496527777778 0.04128086419753087 0.038628472222222224 0.034722222222222224
0 0.470703125 0.04205246913580247 0.028211805555555556 0.02854938271604938
0 0.4040798611111111 0.033179012345679014 0.03732638888888889 0.027777777777777776
0 0.3478732638888889 0.04552469135802469 0.016927083333333332 0.035493827160493825
0 0.3283420138888889 0.023148148148148147 0.04296875 0.026234567901234566
0 0.6577690972222222 0.23726851851851852 0.1349826388888889 0.11651234567901235
0 0.6716579861111112 0.10686728395061729 0.031684027777777776 0.04552469135802469
0 0.6343315972222222 0.11033950617283951 0.03342013888888889 0.044753086419753084
0 0.4049479166666667 0.14467592592592593 0.026909722222222224 0.08410493827160494
1 0.4188368055555556 0.28510802469135804 0.019097222222222224 0.15817901234567902
1 0.04296875 0.22067901234567902 0.019965277777777776 0.09876543209876543