0 0.3372395833333333 0.10802469135802469 0.09027777777777778 0.08487654320987655
0 0.1953125 0.6072530864197531 0.3897569444444444 0.4027777777777778
0 0.5062934027777778 0.2700617283950617 0.1948784722222222 0.1527777777777778
0 0.09114583333333333 0.2195216049382716 0.15364583333333334 0.12268518518518519
0 0.392578125 0.029320987654320986 0.039496527777777776 0.035493827160493825
0 0.212890625 0.03819444444444445 0.045572916666666664 0.04089506172839506
0 0.3098958333333333 0.02816358024691358 0.044270833333333336 0.033179012345679014
0 0.1638454861111111 0.07716049382716049 0.012586805555555556 0.05401234567901234
0 0.5184461805555556 0.02816358024691358 0.06727430555555555 0.04089506172839506
1 0.5755208333333334 0.35802469135802467 0.0390625 0.21141975308641975
1 0.587890625 0.3314043209876543 0.032552083333333336 0.18595679012345678
1 0.4676649305555556 0.7708333333333334 0.09678819444444445 0.4567901234567901