0 0.1423611111111111 0.7658179012345679 0.2838541666666667 0.4683641975308642
0 0.20963541666666666 0.033950617283950615 0.04079861111111111 0.037037037037037035
0 0.2302517361111111 0.09027777777777778 0.05772569444444445 0.06172839506172839
0 0.3984375 0.13233024691358025 0.0842013888888889 0.09027777777777778
0 0.3506944444444444 0.04938271604938271 0.0546875 0.041666666666666664
0 0.26953125 0.03973765432098766 0.050347222222222224 0.03780864197530864
0 0.016927083333333332 0.28973765432098764 0.03298611111111111 0.09799382716049383
0 0.3841145833333333 0.04398148148148148 0.025173611111111112 0.035493827160493825
0 0.7868923611111112 0.16859567901234568 0.09027777777777778 0.0779320987654321
0 0.06358506944444445 0.4332561728395062 0.1254340277777778 0.22453703703703703
1 0.21354166666666666 0.11226851851851852 0.015625 0.08564814814814815
1 0.19856770833333334 0.11226851851851852 0.018663194444444444 0.08410493827160494
0 0.2853732638888889 0.023919753086419752 0.03428819444444445 0.038580246913580245
0 0.3331163194444444 0.034722222222222224 0.028211805555555556 0.027777777777777776
0 0.4748263888888889 0.06442901234567901 0.03298611111111111 0.05015432098765432
0 0.6430121527777778 0.13618827160493827 0.1072048611111111 0.09953703703703703
0 0.6673177083333334 0.10339506172839506 0.03602430555555555 0.043209876543209874
0 0.7113715277777778 0.11766975308641975 0.034722222222222224 0.0470679012345679
0 0.7664930555555556 0.12307098765432099 0.07725694444444445 0.0779320987654321