0 0.3088107638888889 0.28510802469135804 0.21571180555555555 0.19367283950617284
0 0.142578125 0.7723765432098766 0.2842881944444444 0.45524691358024694
0 0.3667534722222222 0.02662037037037037 0.03732638888888889 0.033179012345679014
0 0.6095920138888888 0.22067901234567902 0.1401909722222222 0.11419753086419752
0 0.5735677083333334 0.14891975308641975 0.0959201388888889 0.08333333333333333
0 0.2881944444444444 0.02700617283950617 0.03732638888888889 0.027777777777777776
0 0.4561631944444444 0.1554783950617284 0.11284722222222222 0.0933641975308642
0 0.5549045138888888 0.10609567901234568 0.046440972222222224 0.04552469135802469
0 0.8474392361111112 0.32330246913580246 0.03602430555555555 0.11882716049382716
0 0.4926215277777778 0.10378086419753087 0.04513888888888889 0.07021604938271606
0 0.20811631944444445 0.03665123456790124 0.03689236111111111 0.034722222222222224
0 0.6690538194444444 0.16203703703703703 0.08637152777777778 0.08641975308641975
0 0.7680121527777778 0.16820987654320987 0.09331597222222222 0.06944444444444445
0 0.671875 0.09799382716049383 0.0390625 0.05401234567901234
0 0.2404513888888889 0.036265432098765434 0.035590277777777776 0.030864197530864196
0 0.392578125 0.1253858024691358 0.04123263888888889 0.07021604938271606
1 0.7469618055555556 0.40007716049382713 0.06076388888888889 0.21064814814814814
0 0.4724392361111111 0.03587962962962963 0.028211805555555556 0.03009259259259259
0 0.732421875 0.12808641975308643 0.08463541666666667 0.05401234567901234