0 0.5386284722222222 0.11149691358024691 0.07725694444444445 0.08101851851851852
0 0.083984375 0.22067901234567902 0.16536458333333334 0.125
0 0.5295138888888888 0.2550154320987654 0.16319444444444445 0.13503086419753085
0 0.2680121527777778 0.08487654320987655 0.1115451388888889 0.11265432098765432
0 0.13953993055555555 0.7407407407407407 0.2782118055555556 0.5092592592592593
0 0.3993055555555556 0.030864197530864196 0.035590277777777776 0.030864197530864196
0 0.5036892361111112 0.06712962962962964 0.055989583333333336 0.047839506172839504
0 0.3259548611111111 0.03125 0.019965277777777776 0.02700617283950617
0 0.6009114583333334 0.1566358024691358 0.045572916666666664 0.06018518518518518
0 0.8441840277777778 0.2638888888888889 0.051215277777777776 0.10648148148148148
0 0.3070746527777778 0.04050925925925926 0.032552083333333336 0.02854938271604938
0 0.8567708333333334 0.18942901234567902 0.03298611111111111 0.04089506172839506
0 0.6729600694444444 0.10493827160493827 0.04123263888888889 0.046296296296296294
0 0.21419270833333334 0.034722222222222224 0.03342013888888889 0.021604938271604937
0 0.73046875 0.17554012345679013 0.09635416666666667 0.06712962962962964
1 0.1015625 0.15046296296296297 0.021701388888888888 0.035493827160493825