0 0.4950086805555556 0.15084876543209877 0.07942708333333333 0.08873456790123457
0 0.13997395833333334 0.7696759259259259 0.2782118055555556 0.44675925925925924
0 0.21375868055555555 0.041666666666666664 0.045572916666666664 0.037037037037037035
0 0.3641493055555556 0.053626543209876545 0.026909722222222224 0.03780864197530864
0 0.8276909722222222 0.314429012345679 0.07378472222222222 0.11496913580246913
0 0.3203125 0.05131172839506173 0.04861111111111111 0.036265432098765434
0 0.2736545138888889 0.044753086419753084 0.04210069444444445 0.037037037037037035
0 0.3912760416666667 0.057484567901234566 0.053385416666666664 0.04398148148148148
0 0.5327690972222222 0.07137345679012345 0.11328125 0.09490740740740741
0 0.6755642361111112 0.15470679012345678 0.06640625 0.07484567901234568
1 0.4099392361111111 0.31905864197530864 0.032552083333333336 0.19675925925925927
1 0.4312065972222222 0.4679783950617284 0.0881076388888889 0.2908950617283951