0 0.1449652777777778 0.7723765432098766 0.2890625 0.45524691358024694
0 0.552734375 0.10686728395061729 0.062065972222222224 0.07021604938271606
0 0.6293402777777778 0.13657407407407407 0.06163194444444445 0.06635802469135803
0 0.3016493055555556 0.04398148148148148 0.051215277777777776 0.037037037037037035
0 0.3559027777777778 0.04050925925925926 0.046875 0.036265432098765434
0 0.23111979166666666 0.04050925925925926 0.03515625 0.03009259259259259
0 0.19075520833333334 0.034722222222222224 0.048177083333333336 0.032407407407407406
0 0.404296875 0.05324074074074074 0.04470486111111111 0.035493827160493825
0 0.6657986111111112 0.09799382716049383 0.03993055555555555 0.046296296296296294
1 0.7005208333333334 0.591820987654321 0.09027777777777778 0.3287037037037037
1 0.4474826388888889 0.9849537037037037 0.057291666666666664 0.03009259259259259
0 0.2736545138888889 0.03587962962962963 0.018663194444444444 0.03009259259259259
0 0.3289930555555556 0.02353395061728395 0.03298611111111111 0.031635802469135804
0 0.3778211805555556 0.02546296296296296 0.04383680555555555 0.046296296296296294
0 0.4778645833333333 0.03510802469135803 0.036458333333333336 0.036265432098765434
0 0.708984375 0.12229938271604938 0.03515625 0.05169753086419753
0 0.7486979166666666 0.15779320987654322 0.08072916666666667 0.07484567901234568
0 0.8595920138888888 0.2052469135802469 0.032552083333333336 0.05401234567901234