0 0.3767361111111111 0.1284722222222222 0.0703125 0.0779320987654321
0 0.14453125 0.7665895061728395 0.2881944444444444 0.4652777777777778
0 0.3120659722222222 0.03279320987654321 0.026041666666666668 0.02854938271604938
0 0.5685763888888888 0.13773148148148148 0.052083333333333336 0.07021604938271606
0 0.3368055555555556 0.02816358024691358 0.03732638888888889 0.03009259259259259
0 0.1935763888888889 0.036265432098765434 0.03819444444444445 0.032407407407407406
0 0.4157986111111111 0.05478395061728395 0.03125 0.029320987654320986
0 0.8483072916666666 0.19984567901234568 0.048177083333333336 0.05092592592592592
1 0.736328125 0.5740740740740741 0.08463541666666667 0.35648148148148145
1 0.6779513888888888 0.5632716049382716 0.0703125 0.3549382716049383
0 0.4296875 0.02816358024691358 0.08072916666666667 0.04552469135802469
0 0.5870225694444444 0.08564814814814815 0.0759548611111111 0.06635802469135803
0 0.7152777777777778 0.11458333333333333 0.1111111111111111 0.08410493827160494
0 0.7502170138888888 0.19058641975308643 0.06640625 0.09567901234567901