0 0.2026909722222222 0.23804012345679013 0.19270833333333334 0.18595679012345678
0 0.041015625 0.24305555555555555 0.08116319444444445 0.12962962962962962
0 0.3413628472222222 0.038580246913580245 0.055121527777777776 0.046296296296296294
0 0.5555555555555556 0.08449074074074074 0.0625 0.05015432098765432
0 0.2513020833333333 0.06635802469135803 0.058159722222222224 0.047839506172839504
0 0.2999131944444444 0.029320987654320986 0.035590277777777776 0.026234567901234566
0 0.4006076388888889 0.044753086419753084 0.034722222222222224 0.033950617283950615
0 0.2211371527777778 0.024305555555555556 0.026475694444444444 0.022376543209876542
1 0.2907986111111111 0.13695987654320987 0.025173611111111112 0.09490740740740741
0 0.23350694444444445 0.04050925925925926 0.04079861111111111 0.03935185185185185
0 0.2688802083333333 0.027391975308641976 0.029079861111111112 0.034722222222222224
0 0.3802083333333333 0.040123456790123455 0.018229166666666668 0.038580246913580245
0 0.4646267361111111 0.03587962962962963 0.012586805555555556 0.02854938271604938
0 0.6625434027777778 0.10532407407407407 0.037760416666666664 0.04552469135802469
0 0.7163628472222222 0.12345679012345678 0.03428819444444445 0.05864197530864197
0 0.7573784722222222 0.11381172839506173 0.024305555555555556 0.04552469135802469