0 0.14322916666666666 0.7692901234567902 0.2855902777777778 0.46141975308641975
0 0.513671875 0.2611882716049383 0.19053819444444445 0.16280864197530864
0 0.2111545138888889 0.03433641975308642 0.04470486111111111 0.034722222222222224
0 0.3791232638888889 0.03587962962962963 0.025607638888888888 0.03780864197530864
0 0.3040364583333333 0.03973765432098766 0.03689236111111111 0.031635802469135804
0 0.4741753472222222 0.07253086419753087 0.038628472222222224 0.041666666666666664
0 0.3363715277777778 0.036265432098765434 0.030381944444444444 0.030864197530864196
0 0.24869791666666666 0.033950617283950615 0.035590277777777776 0.033950617283950615
1 0.73828125 0.47415123456790126 0.0703125 0.2785493827160494
0 0.646484375 0.10146604938271606 0.039496527777777776 0.05324074074074074
0 0.6833767361111112 0.13233024691358025 0.0724826388888889 0.0625
0 0.4754774305555556 0.03587962962962963 0.03515625 0.033179012345679014
0 0.5162760416666666 0.03665123456790124 0.021267361111111112 0.014660493827160493
0 0.3873697916666667 0.029320987654320986 0.029947916666666668 0.029320987654320986
0 0.2634548611111111 0.04398148148148148 0.04513888888888889 0.037037037037037035