0 0.1430121527777778 0.7677469135802469 0.28515625 0.4645061728395062
0 0.5638020833333334 0.25540123456790126 0.1657986111111111 0.13580246913580246
0 0.3474392361111111 0.02662037037037037 0.040364583333333336 0.031635802469135804
0 0.775390625 0.27121913580246915 0.15928819444444445 0.14583333333333334
0 0.2825520833333333 0.02970679012345679 0.03298611111111111 0.02854938271604938
0 0.8430989583333334 0.19907407407407407 0.05946180555555555 0.06172839506172839
0 0.20811631944444445 0.03973765432098766 0.03689236111111111 0.031635802469135804
0 0.3804253472222222 0.03896604938271605 0.023003472222222224 0.03009259259259259
0 0.4027777777777778 0.030478395061728395 0.028645833333333332 0.02700617283950617
0 0.24327256944444445 0.03587962962962963 0.030815972222222224 0.02854938271604938
0 0.6341145833333334 0.15007716049382716 0.0954861111111111 0.0763888888888889
1 0.6931423611111112 0.8028549382716049 0.125 0.3942901234567901
1 0.6831597222222222 0.660108024691358 0.0842013888888889 0.22762345679012347
1 0.6640625 0.5516975308641975 0.08854166666666667 0.23148148148148148
1 0.1467013888888889 0.1431327160493827 0.022569444444444444 0.08719135802469136
0 0.220703125 0.021604938271604937 0.037760416666666664 0.029320987654320986
0 0.4713541666666667 0.03935185185185185 0.026909722222222224 0.027777777777777776
0 0.5123697916666666 0.03587962962962963 0.032552083333333336 0.02546296296296296
0 0.8055555555555556 0.16358024691358025 0.07378472222222222 0.05864197530864197
0 0.7191840277777778 0.10108024691358025 0.04513888888888889 0.09259259259259259
0 0.7569444444444444 0.11304012345679013 0.020833333333333332 0.03935185185185185