0 0.1950954861111111 0.6095679012345679 0.3893229166666667 0.4012345679012346
0 0.09071180555555555 0.2195216049382716 0.15364583333333334 0.12422839506172839
0 0.5141059027777778 0.07484567901234568 0.053385416666666664 0.047839506172839504
0 0.5941840277777778 0.2006172839506173 0.1111111111111111 0.11265432098765432
0 0.3200954861111111 0.025848765432098766 0.037760416666666664 0.02546296296296296
0 0.4919704861111111 0.1261574074074074 0.037760416666666664 0.05787037037037037
0 0.3767361111111111 0.04359567901234568 0.033854166666666664 0.031635802469135804
0 0.4776475694444444 0.034722222222222224 0.03515625 0.026234567901234566
0 0.2556423611111111 0.04243827160493827 0.049479166666666664 0.029320987654320986
0 0.4060329861111111 0.035493827160493825 0.026475694444444444 0.032407407407407406
0 0.6720920138888888 0.11689814814814815 0.04296875 0.034722222222222224
1 0.5928819444444444 0.33526234567901236 0.046875 0.18595679012345678
1 0.4769965277777778 0.873070987654321 0.0798611111111111 0.25385802469135804
1 0.5581597222222222 0.8672839506172839 0.11805555555555555 0.2654320987654321