0 0.3372395833333333 0.17515432098765432 0.1388888888888889 0.15123456790123457
0 0.21006944444444445 0.5636574074074074 0.4192708333333333 0.42669753086419754
0 0.3695746527777778 0.05864197530864197 0.05772569444444445 0.041666666666666664
0 0.546875 0.11535493827160494 0.057291666666666664 0.06095679012345679
0 0.4884982638888889 0.0787037037037037 0.04296875 0.046296296296296294
0 0.2751736111111111 0.046296296296296294 0.05642361111111111 0.030864197530864196
0 0.2339409722222222 0.03780864197530864 0.027777777777777776 0.029320987654320986
0 0.1440972222222222 0.7727623456790124 0.2873263888888889 0.45447530864197533
0 0.1918402777777778 0.04205246913580247 0.04079861111111111 0.03009259259259259
0 0.2912326388888889 0.02970679012345679 0.04600694444444445 0.031635802469135804
0 0.4741753472222222 0.03587962962962963 0.032552083333333336 0.02546296296296296
0 0.8461371527777778 0.19945987654320987 0.05251736111111111 0.07021604938271606
0 0.6844618055555556 0.15470679012345678 0.07725694444444445 0.07947530864197531
1 0.036458333333333336 0.1909722222222222 0.018229166666666668 0.09490740740740741
1 0.7495659722222222 0.4556327160493827 0.051215277777777776 0.22916666666666666
1 0.791015625 0.45447530864197533 0.053385416666666664 0.2623456790123457