0 0.1443142361111111 0.7700617283950617 0.2877604166666667 0.45987654320987653
0 0.2858072916666667 0.025848765432098766 0.039496527777777776 0.03009259259259259
0 0.2243923611111111 0.023148148148148147 0.03732638888888889 0.029320987654320986
0 0.8435329861111112 0.19212962962962962 0.061197916666666664 0.06172839506172839
0 0.3888888888888889 0.025848765432098766 0.057291666666666664 0.05015432098765432
0 0.4055989583333333 0.046296296296296294 0.03342013888888889 0.041666666666666664
1 0.0685763888888889 0.21103395061728394 0.026909722222222224 0.11342592592592593
1 0.0837673611111111 0.2048611111111111 0.020833333333333332 0.1087962962962963
0 0.3539496527777778 0.02854938271604938 0.01953125 0.033950617283950615
0 0.375 0.037037037037037035 0.022569444444444444 0.037037037037037035
0 0.498046875 0.037037037037037035 0.03342013888888889 0.027777777777777776
0 0.6579861111111112 0.10609567901234568 0.07291666666666667 0.0470679012345679
0 0.7026909722222222 0.13773148148148148 0.08854166666666667 0.06558641975308642
0 0.7337239583333334 0.09606481481481481 0.038628472222222224 0.08101851851851852
0 0.7721354166666666 0.10725308641975309 0.0234375 0.037037037037037035