0 0.1443142361111111 0.7704475308641975 0.2877604166666667 0.4591049382716049
0 0.11197916666666667 0.42476851851851855 0.22135416666666666 0.24768518518518517
0 0.3611111111111111 0.03356481481481482 0.042534722222222224 0.031635802469135804
0 0.2927517361111111 0.02816358024691358 0.04123263888888889 0.031635802469135804
0 0.544921875 0.08294753086419752 0.0681423611111111 0.05324074074074074
0 0.62109375 0.251929012345679 0.17447916666666666 0.1597222222222222
0 0.4001736111111111 0.030864197530864196 0.034722222222222224 0.027777777777777776
0 0.2547743055555556 0.041666666666666664 0.05295138888888889 0.037037037037037035
0 0.6369357638888888 0.10108024691358025 0.047309027777777776 0.041666666666666664
1 0.10980902777777778 0.15779320987654322 0.026909722222222224 0.08410493827160494
0 0.23546006944444445 0.030864197530864196 0.031684027777777776 0.033950617283950615
0 0.4900173611111111 0.03935185185185185 0.03298611111111111 0.027777777777777776
0 0.6931423611111112 0.1736111111111111 0.05381944444444445 0.08641975308641975
0 0.7228732638888888 0.12307098765432099 0.03689236111111111 0.05324074074074074
0 0.7825520833333334 0.13773148148148148 0.07378472222222222 0.03935185185185185
0 0.7960069444444444 0.1732253086419753 0.09027777777777778 0.06712962962962964
0 0.7745225694444444 0.10378086419753087 0.023003472222222224 0.02854938271604938