0 0.20789930555555555 0.5625 0.4149305555555556 0.4182098765432099
0 0.3565538194444444 0.05709876543209876 0.04904513888888889 0.035493827160493825
0 0.5015190972222222 0.13541666666666666 0.06380208333333333 0.08256172839506173
0 0.2918836805555556 0.0470679012345679 0.04383680555555555 0.035493827160493825
0 0.5282118055555556 0.07677469135802469 0.0390625 0.04089506172839506
0 0.6145833333333334 0.09992283950617284 0.06336805555555555 0.03935185185185185
0 0.14127604166666666 0.7739197530864198 0.2816840277777778 0.4521604938271605
0 0.22330729166666666 0.03973765432098766 0.04296875 0.03009259259259259
0 0.3402777777777778 0.033179012345679014 0.028645833333333332 0.033950617283950615
0 0.3841145833333333 0.02353395061728395 0.04774305555555555 0.031635802469135804
0 0.4088541666666667 0.059027777777777776 0.029513888888888888 0.05169753086419753
0 0.18619791666666666 0.03742283950617284 0.036458333333333336 0.02854938271604938
0 0.4850260416666667 0.05439814814814815 0.05251736111111111 0.07484567901234568
0 0.6684027777777778 0.0941358024691358 0.04774305555555555 0.06172839506172839
0 0.2801649305555556 0.022762345679012346 0.031684027777777776 0.020833333333333332
0 0.3172743055555556 0.030864197530864196 0.022569444444444444 0.030864197530864196
0 0.3782552083333333 0.034722222222222224 0.020399305555555556 0.023148148148148147
1 0.5850694444444444 0.8206018518518519 0.1440972222222222 0.3587962962962963
1 0.7107204861111112 0.5802469135802469 0.0759548611111111 0.3055555555555556