0 0.1953125 0.6053240740740741 0.3897569444444444 0.408179012345679
0 0.09092881944444445 0.2199074074074074 0.15321180555555555 0.12345679012345678
0 0.5503472222222222 0.09182098765432099 0.07378472222222222 0.05555555555555555
0 0.3838975694444444 0.043209876543209874 0.031684027777777776 0.032407407407407406
0 0.3407118055555556 0.03279320987654321 0.03819444444444445 0.02700617283950617
0 0.3059895833333333 0.03973765432098766 0.03732638888888889 0.03009259259259259
0 0.2150607638888889 0.043209876543209874 0.047309027777777776 0.035493827160493825
0 0.2779947916666667 0.033179012345679014 0.02734375 0.027777777777777776
0 0.849609375 0.19560185185185186 0.053385416666666664 0.0625
0 0.4674479166666667 0.03510802469135803 0.018229166666666668 0.036265432098765434
0 0.1716579861111111 0.038580246913580245 0.024739583333333332 0.027777777777777776
0 0.2456597222222222 0.03819444444444445 0.013888888888888888 0.033179012345679014
1 0.3174913194444444 0.1739969135802469 0.025607638888888888 0.10108024691358025
1 0.6653645833333334 0.5597993827160493 0.08246527777777778 0.24305555555555555
1 0.6662326388888888 0.7908950617283951 0.10503472222222222 0.4182098765432099