0 0.3077256944444444 0.2935956790123457 0.23958333333333334 0.21064814814814814
0 0.14192708333333334 0.7700617283950617 0.2829861111111111 0.45987654320987653
0 0.6011284722222222 0.09722222222222222 0.0642361111111111 0.044753086419753084
0 0.3582899305555556 0.040123456790123455 0.048177083333333336 0.038580246913580245
0 0.310546875 0.035493827160493825 0.03689236111111111 0.032407407407407406
0 0.23155381944444445 0.03935185185185185 0.03428819444444445 0.030864197530864196
0 0.6636284722222222 0.10108024691358025 0.03732638888888889 0.041666666666666664
0 0.4105902777777778 0.05401234567901234 0.03732638888888889 0.035493827160493825
0 0.2762586805555556 0.03819444444444445 0.016927083333333332 0.033179012345679014
1 0.7942708333333334 0.42862654320987653 0.04861111111111111 0.23996913580246915
0 0.3333333333333333 0.02546296296296296 0.03819444444444445 0.035493827160493825
0 0.4459635416666667 0.03780864197530864 0.07508680555555555 0.06635802469135803
0 0.69921875 0.09876543209876543 0.030381944444444444 0.043209876543209874
0 0.7339409722222222 0.14544753086419754 0.08246527777777778 0.07175925925925926
0 0.8565538194444444 0.20717592592592593 0.030815972222222224 0.05015432098765432