0 0.14127604166666666 0.7689043209876543 0.2816840277777778 0.46219135802469136
0 0.06401909722222222 0.2974537037037037 0.1271701388888889 0.2337962962962963
0 0.20985243055555555 0.03510802469135803 0.04210069444444445 0.03780864197530864
0 0.3515625 0.048996913580246916 0.052083333333333336 0.03935185185185185
0 0.5907118055555556 0.09992283950617284 0.051215277777777776 0.0470679012345679
0 0.4958767361111111 0.0787037037037037 0.046440972222222224 0.05246913580246913
0 0.4032118055555556 0.06095679012345679 0.04600694444444445 0.035493827160493825
0 0.3880208333333333 0.03973765432098766 0.030381944444444444 0.036265432098765434
0 0.3122829861111111 0.03587962962962963 0.04904513888888889 0.036265432098765434
0 0.2688802083333333 0.03973765432098766 0.054253472222222224 0.03935185185185185
1 0.51171875 0.31712962962962965 0.05381944444444445 0.2021604938271605
1 0.5523003472222222 0.3097993827160494 0.04123263888888889 0.19212962962962962
0 0.4071180555555556 0.033179012345679014 0.03125 0.038580246913580245
0 0.4754774305555556 0.03510802469135803 0.03428819444444445 0.031635802469135804
0 0.6458333333333334 0.11651234567901235 0.059027777777777776 0.05401234567901234
0 0.685546875 0.10262345679012345 0.030815972222222224 0.041666666666666664
0 0.7634548611111112 0.16666666666666666 0.0998263888888889 0.06790123456790123