0 0.1953125 0.6103395061728395 0.3897569444444444 0.4012345679012346
0 0.09071180555555555 0.2199074074074074 0.15364583333333334 0.125
0 0.5006510416666666 0.07908950617283951 0.05164930555555555 0.04552469135802469
0 0.5959201388888888 0.2662037037037037 0.11979166666666667 0.12962962962962962
0 0.7756076388888888 0.2646604938271605 0.16319444444444445 0.1527777777777778
0 0.2608506944444444 0.033950617283950615 0.044270833333333336 0.043209876543209874
0 0.6304253472222222 0.0933641975308642 0.061197916666666664 0.0787037037037037
0 0.6864149305555556 0.10300925925925926 0.029079861111111112 0.03935185185185185
1 0.3355034722222222 0.25 0.03211805555555555 0.15432098765432098
1 0.3795572916666667 0.24691358024691357 0.03428819444444445 0.15123456790123457
1 0.7059461805555556 0.5748456790123457 0.07682291666666667 0.36574074074074076
1 0.8009982638888888 0.4201388888888889 0.05772569444444445 0.22916666666666666