0 0.3331163194444444 0.03009259259259259 0.04210069444444445 0.032407407407407406
0 0.041015625 0.24459876543209877 0.08116319444444445 0.12962962962962962
0 0.3823784722222222 0.03935185185185185 0.034722222222222224 0.035493827160493825
0 0.8546006944444444 0.19212962962962962 0.035590277777777776 0.06327160493827161
0 0.1851128472222222 0.03587962962962963 0.04296875 0.031635802469135804
0 0.7907986111111112 0.1570216049382716 0.07552083333333333 0.05941358024691358
0 0.4900173611111111 0.037037037037037035 0.042534722222222224 0.027777777777777776
1 0.6061197916666666 0.6971450617283951 0.11588541666666667 0.4591049382716049
0 0.4164496527777778 0.02700617283950617 0.01171875 0.029320987654320986
0 0.6449652777777778 0.12114197530864197 0.08072916666666667 0.06327160493827161
0 0.6625434027777778 0.09259259259259259 0.046440972222222224 0.06944444444444445
0 0.6957465277777778 0.10648148148148148 0.0234375 0.046296296296296294
0 0.7263454861111112 0.10609567901234568 0.04296875 0.07484567901234568