0 0.1410590277777778 0.4077932098765432 0.28125 0.2662037037037037
0 0.1430121527777778 0.7712191358024691 0.28515625 0.4575617283950617
0 0.2085503472222222 0.033950617283950615 0.039496527777777776 0.032407407407407406
0 0.8198784722222222 0.2924382716049383 0.0876736111111111 0.12808641975308643
0 0.3120659722222222 0.04861111111111111 0.05555555555555555 0.033950617283950615
1 0.7999131944444444 0.4479166666666667 0.06944444444444445 0.22916666666666666
0 0.8003472222222222 0.18055555555555555 0.12760416666666666 0.1527777777777778
0 0.78515625 0.13194444444444445 0.17881944444444445 0.12654320987654322
0 0.6325954861111112 0.11496913580246913 0.06987847222222222 0.06018518518518518
0 0.2495659722222222 0.038580246913580245 0.049479166666666664 0.038580246913580245
0 0.2508680555555556 0.021604938271604937 0.06770833333333333 0.038580246913580245
0 0.2983940972222222 0.03665123456790124 0.038628472222222224 0.031635802469135804
0 0.3207465277777778 0.02353395061728395 0.019965277777777776 0.02546296296296296
0 0.4155815972222222 0.03202160493827161 0.01953125 0.036265432098765434