0 0.09071180555555555 0.2199074074074074 0.15364583333333334 0.12345679012345678
0 0.3719618055555556 0.04513888888888889 0.046875 0.034722222222222224
0 0.1953125 0.6033950617283951 0.3871527777777778 0.4104938271604938
0 0.3302951388888889 0.022762345679012346 0.051215277777777776 0.036265432098765434
0 0.212890625 0.041666666666666664 0.045572916666666664 0.037037037037037035
0 0.4769965277777778 0.03433641975308642 0.03819444444444445 0.03009259259259259
0 0.3311631944444444 0.03896604938271605 0.026041666666666668 0.031635802469135804
0 0.4077690972222222 0.050540123456790126 0.029947916666666668 0.033179012345679014
0 0.4720052083333333 0.06597222222222222 0.02734375 0.03780864197530864
0 0.7962239583333334 0.31712962962962965 0.1401909722222222 0.15123456790123457
0 0.7892795138888888 0.1720679012345679 0.07508680555555555 0.046296296296296294
0 0.8196614583333334 0.2368827160493827 0.0881076388888889 0.10185185185185185
1 0.2651909722222222 0.7750771604938271 0.203125 0.4498456790123457