0 0.1443142361111111 0.7735339506172839 0.2877604166666667 0.4529320987654321
0 0.3263888888888889 0.04513888888888889 0.05555555555555555 0.04089506172839506
0 0.4969618055555556 0.07137345679012345 0.052083333333333336 0.04861111111111111
0 0.2087673611111111 0.03665123456790124 0.03993055555555555 0.036265432098765434
0 0.7276475694444444 0.2959104938271605 0.1948784722222222 0.16898148148148148
0 0.8383246527777778 0.18287037037037038 0.06380208333333333 0.06327160493827161
0 0.5653211805555556 0.08719135802469136 0.053385416666666664 0.043209876543209874
0 0.3430989583333333 0.020833333333333332 0.04123263888888889 0.030864197530864196
0 0.4038628472222222 0.06172839506172839 0.06032986111111111 0.044753086419753084
0 0.4097222222222222 0.031635802469135804 0.024305555555555556 0.026234567901234566
0 0.2619357638888889 0.04205246913580247 0.048177083333333336 0.033179012345679014
1 0.7630208333333334 0.3923611111111111 0.059895833333333336 0.23842592592592593
0 0.23958333333333334 0.02816358024691358 0.026909722222222224 0.031635802469135804
0 0.3693576388888889 0.04282407407407408 0.033854166666666664 0.03780864197530864
0 0.4696180555555556 0.038580246913580245 0.0234375 0.029320987654320986
0 0.486328125 0.036265432098765434 0.032552083333333336 0.029320987654320986
0 0.6312934027777778 0.0933641975308642 0.0881076388888889 0.07716049382716049
0 0.6888020833333334 0.1284722222222222 0.08072916666666667 0.06558641975308642