0 0.3138020833333333 0.24459876543209877 0.1857638888888889 0.16049382716049382
0 0.1948784722222222 0.6114969135802469 0.3888888888888889 0.3958333333333333
0 0.0900607638888889 0.2195216049382716 0.15234375 0.12422839506172839
0 0.5651041666666666 0.16126543209876543 0.12239583333333333 0.13117283950617284
0 0.3949652777777778 0.15354938271604937 0.034722222222222224 0.0941358024691358
0 0.3771701388888889 0.03780864197530864 0.022569444444444444 0.033950617283950615
0 0.8374565972222222 0.19020061728395063 0.062065972222222224 0.08564814814814815
0 0.4073350694444444 0.04938271604938271 0.022135416666666668 0.043209876543209874
0 0.7730034722222222 0.15007716049382716 0.049479166666666664 0.05324074074074074
0 0.6684027777777778 0.10841049382716049 0.034722222222222224 0.036265432098765434
1 0.5991753472222222 0.7673611111111112 0.14366319444444445 0.4652777777777778
1 0.6851128472222222 0.6408179012345679 0.08897569444444445 0.3896604938271605
1 0.6803385416666666 0.45023148148148145 0.061197916666666664 0.18595679012345678
1 0.3702256944444444 0.15162037037037038 0.022569444444444444 0.06095679012345679
1 0.19075520833333334 0.10686728395061729 0.009982638888888888 0.06712962962962964