0 0.1449652777777778 0.7669753086419753 0.2890625 0.4660493827160494
0 0.3758680555555556 0.05478395061728395 0.049479166666666664 0.037037037037037035
0 0.3140190972222222 0.02816358024691358 0.038628472222222224 0.02700617283950617
0 0.23328993055555555 0.038580246913580245 0.03689236111111111 0.032407407407407406
0 0.5436197916666666 0.08101851851851852 0.05859375 0.047839506172839504
0 0.6764322916666666 0.26350308641975306 0.18098958333333334 0.1550925925925926
0 0.8559027777777778 0.2025462962962963 0.027777777777777776 0.04398148148148148
0 0.2013888888888889 0.03009259259259259 0.025173611111111112 0.030864197530864196
0 0.396484375 0.03202160493827161 0.037760416666666664 0.02700617283950617
1 0.6720920138888888 0.8148148148148148 0.10894097222222222 0.37037037037037035
1 0.7743055555555556 0.45949074074074076 0.08680555555555555 0.21373456790123457
1 0.1293402777777778 0.15316358024691357 0.021701388888888888 0.07947530864197531
1 0.13953993055555555 0.1400462962962963 0.016927083333333332 0.08410493827160494
0 0.7339409722222222 0.16165123456790123 0.0998263888888889 0.0763888888888889
0 0.7217881944444444 0.09567901234567901 0.04513888888888889 0.07716049382716049
0 0.3194444444444444 0.019290123456790122 0.029513888888888888 0.024691358024691357
0 0.4676649305555556 0.036265432098765434 0.014322916666666666 0.024691358024691357
0 0.486328125 0.03587962962962963 0.029947916666666668 0.02854938271604938
0 0.5047743055555556 0.036265432098765434 0.026909722222222224 0.018518518518518517