0 0.5234375 0.2689043209876543 0.1484375 0.1550925925925926
0 0.19466145833333334 0.6091820987654321 0.3884548611111111 0.4020061728395062
0 0.3702256944444444 0.13233024691358025 0.07725694444444445 0.09645061728395062
0 0.21419270833333334 0.2353395061728395 0.1957465277777778 0.18981481481481483
0 0.3624131944444444 0.04359567901234568 0.030381944444444444 0.031635802469135804
0 0.2380642361111111 0.08950617283950617 0.0802951388888889 0.06635802469135803
0 0.08658854166666667 0.22029320987654322 0.1462673611111111 0.12268518518518519
0 0.5705295138888888 0.09297839506172839 0.08116319444444445 0.09182098765432099
0 0.1796875 0.07330246913580248 0.04861111111111111 0.038580246913580245
0 0.3025173611111111 0.030864197530864196 0.036458333333333336 0.027777777777777776
0 0.4099392361111111 0.033950617283950615 0.024739583333333332 0.030864197530864196
0 0.4811197916666667 0.04089506172839506 0.03428819444444445 0.027777777777777776
0 0.8046875 0.29899691358024694 0.1111111111111111 0.1381172839506173
1 0.6770833333333334 0.7283950617283951 0.0876736111111111 0.41203703703703703