0 0.1384548611111111 0.40084876543209874 0.2751736111111111 0.2492283950617284
0 0.083984375 0.22260802469135801 0.1644965277777778 0.12422839506172839
0 0.24891493055555555 0.0783179012345679 0.0759548611111111 0.07175925925925926
0 0.5779079861111112 0.125 0.06727430555555555 0.12654320987654322
0 0.3832465277777778 0.13040123456790123 0.06944444444444445 0.08796296296296297
0 0.13953993055555555 0.7496141975308642 0.2782118055555556 0.48996913580246915
0 0.3517795138888889 0.045910493827160496 0.04296875 0.034722222222222224
0 0.2970920138888889 0.034722222222222224 0.021267361111111112 0.024691358024691357
0 0.3337673611111111 0.10493827160493827 0.0685763888888889 0.06790123456790123
0 0.5368923611111112 0.12075617283950617 0.029513888888888888 0.05015432098765432
0 0.4713541666666667 0.040123456790123455 0.027777777777777776 0.030864197530864196
0 0.4092881944444444 0.038580246913580245 0.021701388888888888 0.026234567901234566
0 0.3875868055555556 0.03433641975308642 0.021701388888888888 0.02546296296296296
0 0.3237847222222222 0.038580246913580245 0.024305555555555556 0.029320987654320986
0 0.2055121527777778 0.03973765432098766 0.030815972222222224 0.033179012345679014
0 0.2400173611111111 0.029320987654320986 0.034722222222222224 0.032407407407407406
0 0.80078125 0.1693672839506173 0.07465277777777778 0.05787037037037037
0 0.7005208333333334 0.24575617283950618 0.12586805555555555 0.1381172839506173
1 0.7586805555555556 0.47646604938271603 0.06684027777777778 0.25540123456790126