0 0.301953125 0.10972222222222222 0.08203125 0.06944444444444445
0 0.828125 0.28125 0.078125 0.12638888888888888
0 0.63203125 0.10555555555555556 0.046875 0.06388888888888888
0 0.041015625 0.34375 0.08046875 0.22083333333333333
0 0.39453125 0.05277777777777778 0.0421875 0.03611111111111111
0 0.471484375 0.04027777777777778 0.03515625 0.025
0 0.763671875 0.16944444444444445 0.04765625 0.06666666666666667
0 0.361328125 0.03680555555555556 0.03046875 0.03194444444444444
0 0.34765625 0.029861111111111113 0.028125 0.029166666666666667
0 0.40625 0.03611111111111111 0.028125 0.027777777777777776
1 0.2625 0.12708333333333333 0.021875 0.0875
0 0.78828125 0.14722222222222223 0.0609375 0.058333333333333334
0 0.768359375 0.10625 0.02421875 0.03194444444444444
0 0.732421875 0.10138888888888889 0.02265625 0.025