0 0.33828125 0.19027777777777777 0.1359375 0.125
0 0.500390625 0.13333333333333333 0.06171875 0.075
0 0.06328125 0.3034722222222222 0.125 0.23194444444444445
0 0.21171875 0.041666666666666664 0.046875 0.03888888888888889
0 0.841796875 0.15833333333333333 0.05546875 0.06944444444444445
0 0.4 0.034722222222222224 0.0359375 0.03888888888888889
0 0.77734375 0.10625 0.0234375 0.029166666666666667
0 0.765625 0.21805555555555556 0.1015625 0.10833333333333334
0 0.673046875 0.10416666666666667 0.12421875 0.11944444444444445
1 0.3265625 0.10972222222222222 0.0203125 0.058333333333333334
0 0.264453125 0.04722222222222222 0.05078125 0.03333333333333333