0 0.578515625 0.24583333333333332 0.25390625 0.19444444444444445
0 0.38046875 0.044444444444444446 0.040625 0.03611111111111111
0 0.346484375 0.03611111111111111 0.03203125 0.030555555555555555
0 0.472265625 0.0375 0.03515625 0.027777777777777776
0 0.68515625 0.2326388888888889 0.153125 0.14027777777777778
0 0.749609375 0.16805555555555557 0.05703125 0.075
0 0.705078125 0.13194444444444445 0.03203125 0.06111111111111111
0 0.30859375 0.04861111111111111 0.046875 0.03888888888888889
0 0.21328125 0.03333333333333333 0.0328125 0.03333333333333333
0 0.237890625 0.043055555555555555 0.02890625 0.03888888888888889
0 0.16796875 0.03888888888888889 0.0265625 0.030555555555555555
0 0.51484375 0.035416666666666666 0.028125 0.02361111111111111