0 0.818359375 0.24027777777777778 0.09453125 0.11388888888888889
0 0.528125 0.0798611111111111 0.0578125 0.04583333333333333
0 0.49140625 0.1388888888888889 0.0703125 0.1
0 0.34140625 0.05555555555555555 0.046875 0.03333333333333333
0 0.676953125 0.09097222222222222 0.04765625 0.06527777777777778
0 0.166015625 0.07361111111111111 0.01953125 0.058333333333333334
0 0.219921875 0.03958333333333333 0.04140625 0.0375
0 0.286328125 0.029166666666666667 0.04609375 0.04722222222222222
0 0.283203125 0.04375 0.03203125 0.034722222222222224
0 0.36484375 0.04652777777777778 0.03125 0.034722222222222224
0 0.3796875 0.035416666666666666 0.0796875 0.059722222222222225
0 0.472265625 0.0625 0.03203125 0.04722222222222222
0 0.7828125 0.16805555555555557 0.08125 0.058333333333333334
0 0.766015625 0.11875 0.08828125 0.08194444444444444
0 0.8609375 0.19930555555555557 0.021875 0.043055555555555555