1 0.012109375 0.2375 0.02109375 0.11944444444444445
0 0.532421875 0.26319444444444445 0.17734375 0.17083333333333334
0 0.31171875 0.1111111111111111 0.0890625 0.07222222222222222
0 0.7203125 0.2569444444444444 0.140625 0.14444444444444443
0 0.658203125 0.12222222222222222 0.07578125 0.058333333333333334
0 0.358984375 0.04027777777777778 0.03203125 0.030555555555555555
0 0.4984375 0.1326388888888889 0.059375 0.09583333333333334
0 0.326953125 0.03958333333333333 0.03515625 0.03194444444444444
0 0.694921875 0.12222222222222222 0.04453125 0.05277777777777778
1 0.491015625 0.30486111111111114 0.03828125 0.13472222222222222
0 0.49296875 0.058333333333333334 0.071875 0.06944444444444445
0 0.294921875 0.03888888888888889 0.05234375 0.03611111111111111
0 0.22578125 0.03888888888888889 0.046875 0.03888888888888889