1 0.538671875 0.4583333333333333 0.06484375 0.29444444444444445
1 0.320703125 0.15763888888888888 0.02578125 0.1125
1 0.012109375 0.2076388888888889 0.02265625 0.10138888888888889
0 0.840234375 0.26458333333333334 0.05390625 0.09027777777777778
0 0.3703125 0.04097222222222222 0.021875 0.03194444444444444
0 0.81015625 0.18263888888888888 0.0796875 0.05694444444444444
0 0.392578125 0.06319444444444444 0.03984375 0.04583333333333333
0 0.6578125 0.10902777777777778 0.0390625 0.05138888888888889
0 0.69921875 0.3173611111111111 0.19375 0.19027777777777777
0 0.68515625 0.10694444444444444 0.025 0.03888888888888889
0 0.816015625 0.15902777777777777 0.07578125 0.0375
0 0.70703125 0.11944444444444445 0.01875 0.03333333333333333