0 0.373046875 0.04027777777777778 0.04140625 0.041666666666666664
0 0.573828125 0.09166666666666666 0.06328125 0.10833333333333334
0 0.67890625 0.15694444444444444 0.0640625 0.08888888888888889
0 0.639453125 0.12013888888888889 0.05546875 0.06805555555555555
0 0.394921875 0.05763888888888889 0.04921875 0.04027777777777778
0 0.211328125 0.034027777777777775 0.03359375 0.03194444444444444
0 0.7875 0.09305555555555556 0.0234375 0.030555555555555555
0 0.793359375 0.24930555555555556 0.15078125 0.20972222222222223
0 0.505859375 0.03680555555555556 0.03515625 0.020833333333333332
0 0.23515625 0.04027777777777778 0.028125 0.03611111111111111
0 0.32578125 0.03819444444444445 0.040625 0.04861111111111111
0 0.283203125 0.041666666666666664 0.03046875 0.03333333333333333
0 0.4640625 0.03958333333333333 0.015625 0.02361111111111111
0 0.8328125 0.10833333333333334 0.0265625 0.03611111111111111