1 0.516015625 0.8194444444444444 0.12578125 0.35833333333333334
0 0.519140625 0.06458333333333334 0.08359375 0.07916666666666666
0 0.237890625 0.08125 0.06796875 0.06527777777777778
0 0.341796875 0.05138888888888889 0.04921875 0.044444444444444446
0 0.6765625 0.09236111111111112 0.0484375 0.06805555555555555
0 0.63515625 0.11319444444444444 0.0671875 0.05138888888888889
0 0.4046875 0.06388888888888888 0.0421875 0.044444444444444446
0 0.7703125 0.11458333333333333 0.01875 0.02638888888888889
0 0.165625 0.0763888888888889 0.0203125 0.05277777777777778
0 0.22109375 0.03680555555555556 0.04375 0.03194444444444444
0 0.282421875 0.04583333333333333 0.03203125 0.03333333333333333
0 0.284765625 0.02361111111111111 0.04765625 0.041666666666666664
0 0.37890625 0.027777777777777776 0.075 0.05277777777777778
0 0.471484375 0.058333333333333334 0.02734375 0.03888888888888889
0 0.71953125 0.12013888888888889 0.025 0.043055555555555555