1 0.830859375 0.43472222222222223 0.03984375 0.22777777777777777
0 0.57265625 0.08958333333333333 0.0625 0.05416666666666667
0 0.4953125 0.07847222222222222 0.0546875 0.05138888888888889
0 0.359765625 0.05555555555555555 0.06171875 0.04722222222222222
0 0.473828125 0.04097222222222222 0.03984375 0.0375
0 0.326953125 0.03194444444444444 0.04140625 0.03333333333333333
0 0.84921875 0.18194444444444444 0.046875 0.075
0 0.728515625 0.14166666666666666 0.07421875 0.058333333333333334
0 0.4046875 0.044444444444444446 0.028125 0.04722222222222222
0 0.2890625 0.044444444444444446 0.0421875 0.03888888888888889
0 0.2625 0.016666666666666666 0.05625 0.030555555555555555
0 0.23046875 0.04027777777777778 0.0390625 0.03333333333333333
0 0.16953125 0.03611111111111111 0.0234375 0.022222222222222223