0 0.3703125 0.1284722222222222 0.0875 0.08472222222222223
0 0.656640625 0.13680555555555557 0.05859375 0.06527777777777778
0 0.2234375 0.08680555555555555 0.059375 0.05694444444444444
0 0.344921875 0.03611111111111111 0.03203125 0.03333333333333333
0 0.647265625 0.22847222222222222 0.14765625 0.12083333333333333
0 0.3796875 0.04097222222222222 0.0421875 0.04027777777777778
0 0.306640625 0.052083333333333336 0.05546875 0.04027777777777778
0 0.707421875 0.16805555555555557 0.03515625 0.06944444444444445
0 0.84921875 0.19930555555555557 0.0421875 0.05416666666666667
0 0.497265625 0.0375 0.03203125 0.030555555555555555
0 0.2890625 0.03333333333333333 0.034375 0.025
0 0.234375 0.03680555555555556 0.028125 0.02638888888888889