0 0.529296875 0.08402777777777778 0.06484375 0.05138888888888889
0 0.63671875 0.10486111111111111 0.0421875 0.04583333333333333
0 0.368359375 0.041666666666666664 0.04921875 0.041666666666666664
0 0.825390625 0.2423611111111111 0.08203125 0.12361111111111112
0 0.06328125 0.24513888888888888 0.125 0.34305555555555556
0 0.500390625 0.035416666666666666 0.02890625 0.020833333333333332
0 0.233984375 0.0375 0.03046875 0.03611111111111111
0 0.1765625 0.04236111111111111 0.0390625 0.029166666666666667
0 0.29140625 0.04583333333333333 0.0484375 0.03333333333333333
0 0.31953125 0.035416666666666666 0.0390625 0.043055555555555555
0 0.667578125 0.10486111111111111 0.02578125 0.04027777777777778
0 0.69140625 0.12222222222222222 0.040625 0.04722222222222222
0 0.73359375 0.08472222222222223 0.0296875 0.030555555555555555