1 0.466796875 0.2701388888888889 0.03359375 0.15694444444444444
0 0.537109375 0.11875 0.06171875 0.0625
0 0.359375 0.05625 0.053125 0.04027777777777778
0 0.657421875 0.13333333333333333 0.05234375 0.06666666666666667
0 0.835546875 0.29791666666666666 0.05546875 0.14305555555555555
0 0.33125 0.034027777777777775 0.0390625 0.03194444444444444
0 0.51484375 0.022916666666666665 0.04375 0.0375
0 0.39921875 0.04027777777777778 0.03125 0.027777777777777776
0 0.8078125 0.18680555555555556 0.0796875 0.06527777777777778
0 0.717578125 0.12361111111111112 0.03515625 0.058333333333333334
0 0.334765625 0.03958333333333333 0.02578125 0.034722222222222224
0 0.2890625 0.03194444444444444 0.021875 0.03333333333333333
0 0.234375 0.04027777777777778 0.03125 0.03888888888888889