1 0.76640625 0.7409722222222223 0.0703125 0.22361111111111112
0 0.608203125 0.10069444444444445 0.06484375 0.04583333333333333
0 0.540625 0.09097222222222222 0.0609375 0.043055555555555555
0 0.78359375 0.16458333333333333 0.0859375 0.06527777777777778
0 0.40078125 0.06111111111111111 0.046875 0.041666666666666664
0 0.215625 0.04027777777777778 0.0484375 0.03888888888888889
0 0.67265625 0.09097222222222222 0.05 0.06527777777777778
0 0.4125 0.14027777777777778 0.10625 0.09444444444444444
0 0.282421875 0.044444444444444446 0.03203125 0.03333333333333333
0 0.341796875 0.05694444444444444 0.05078125 0.03611111111111111
0 0.347265625 0.030555555555555555 0.06171875 0.05555555555555555
0 0.283984375 0.020833333333333332 0.04609375 0.03611111111111111
0 0.1671875 0.0798611111111111 0.021875 0.05694444444444444
1 0.159765625 0.10555555555555556 0.01171875 0.07222222222222222
0 0.471484375 0.06666666666666667 0.03046875 0.04722222222222222
0 0.5234375 0.07708333333333334 0.0453125 0.034722222222222224
0 0.719921875 0.12083333333333333 0.02578125 0.03888888888888889