1 0.72578125 0.5354166666666667 0.078125 0.3236111111111111
0 0.207421875 0.76875 0.41328125 0.4597222222222222
0 0.60390625 0.10138888888888889 0.0609375 0.04722222222222222
0 0.255859375 0.09097222222222222 0.07578125 0.04861111111111111
0 0.76640625 0.15208333333333332 0.0515625 0.059722222222222225
0 0.666015625 0.09861111111111111 0.03828125 0.05
0 0.203515625 0.025694444444444443 0.02578125 0.02361111111111111
0 0.8 0.2326388888888889 0.109375 0.10972222222222222
0 0.697265625 0.12986111111111112 0.04921875 0.04861111111111111
0 0.232421875 0.029861111111111113 0.03359375 0.029166666666666667
0 0.341796875 0.03888888888888889 0.01796875 0.030555555555555555