1 0.728125 0.4875 0.0765625 0.2916666666666667
1 0.778515625 0.4388888888888889 0.04453125 0.24166666666666667
0 0.137109375 0.33402777777777776 0.27265625 0.45416666666666666
0 0.340234375 0.04236111111111111 0.03828125 0.034722222222222224
0 0.396875 0.04583333333333333 0.046875 0.04722222222222222
0 0.6390625 0.10486111111111111 0.071875 0.05416666666666667
0 0.48125 0.04375 0.0375 0.03194444444444444
0 0.6359375 0.23402777777777778 0.2859375 0.22916666666666666
0 0.650390625 0.06944444444444445 0.04765625 0.03611111111111111
0 0.728515625 0.14583333333333334 0.08203125 0.05277777777777778
0 0.684765625 0.10625 0.02109375 0.03194444444444444
0 0.489453125 0.07222222222222222 0.05390625 0.05277777777777778
0 0.2828125 0.041666666666666664 0.0328125 0.030555555555555555
0 0.234375 0.03819444444444445 0.0265625 0.029166666666666667