0 0.49140625 0.2520833333333333 0.23125 0.19027777777777777
0 0.84296875 0.24861111111111112 0.04375 0.09444444444444444
0 0.67421875 0.10486111111111111 0.0390625 0.04861111111111111
0 0.790625 0.17222222222222222 0.078125 0.06388888888888888
0 0.67890625 0.16458333333333333 0.0640625 0.07083333333333333
0 0.342578125 0.05347222222222222 0.04765625 0.0375
0 0.189453125 0.06944444444444445 0.06484375 0.07777777777777778
0 0.387109375 0.03680555555555556 0.03984375 0.034722222222222224
0 0.316796875 0.03194444444444444 0.03203125 0.025
0 0.7734375 0.10902777777777778 0.01875 0.02638888888888889
0 0.721875 0.11736111111111111 0.0296875 0.034722222222222224
0 0.540234375 0.06805555555555555 0.16328125 0.09166666666666666
0 0.283203125 0.04513888888888889 0.03359375 0.03194444444444444
0 0.226171875 0.03680555555555556 0.03359375 0.03194444444444444