1 0.221484375 0.11666666666666667 0.01796875 0.08333333333333333
0 0.506640625 0.07847222222222222 0.06328125 0.04861111111111111
0 0.598828125 0.10138888888888889 0.06484375 0.044444444444444446
0 0.36875 0.05763888888888889 0.0546875 0.04027777777777778
0 0.815234375 0.16944444444444445 0.07578125 0.05555555555555555
0 0.658203125 0.09583333333333334 0.04453125 0.07777777777777778
0 0.395703125 0.12152777777777778 0.03359375 0.06527777777777778
0 0.309765625 0.034027777777777775 0.02421875 0.029166666666666667
0 0.23203125 0.04513888888888889 0.034375 0.0375
0 0.345703125 0.044444444444444446 0.03515625 0.027777777777777776
0 0.409375 0.05694444444444444 0.028125 0.025
0 0.47265625 0.04097222222222222 0.03125 0.02361111111111111
0 0.691015625 0.10694444444444444 0.02421875 0.041666666666666664
0 0.739453125 0.15625 0.04140625 0.06527777777777778
0 0.81171875 0.10277777777777777 0.0328125 0.03611111111111111