1 0.735546875 0.47152777777777777 0.06171875 0.26805555555555555
1 0.656640625 0.7166666666666667 0.10390625 0.41944444444444445
1 0.216796875 0.12708333333333333 0.01953125 0.0875
0 0.54765625 0.09375 0.0671875 0.05138888888888889
0 0.677734375 0.12083333333333333 0.07265625 0.05555555555555555
0 0.816796875 0.18541666666666667 0.07265625 0.06527777777777778
0 0.312890625 0.05 0.05546875 0.03888888888888889
0 0.384765625 0.058333333333333334 0.04609375 0.041666666666666664
0 0.224609375 0.041666666666666664 0.03828125 0.03611111111111111
0 0.476171875 0.07222222222222222 0.03671875 0.044444444444444446
0 0.48046875 0.04027777777777778 0.0328125 0.025
0 0.75078125 0.15069444444444444 0.04375 0.05416666666666667
0 0.855078125 0.18125 0.03515625 0.05138888888888889
0 0.360546875 0.049305555555555554 0.03359375 0.03194444444444444