1 0.284375 0.13958333333333334 0.01875 0.09305555555555556
0 0.078125 0.4618055555555556 0.1546875 0.3486111111111111
0 0.828125 0.30625 0.065625 0.12361111111111112
0 0.61796875 0.24791666666666667 0.2078125 0.16805555555555557
0 0.666015625 0.11597222222222223 0.06796875 0.05138888888888889
0 0.210546875 0.03680555555555556 0.04765625 0.04027777777777778
0 0.286328125 0.04375 0.04453125 0.034722222222222224
0 0.4078125 0.04097222222222222 0.0265625 0.029166666666666667
0 0.645703125 0.20208333333333334 0.12265625 0.10416666666666667
0 0.36875 0.04236111111111111 0.0234375 0.029166666666666667
0 0.467578125 0.03819444444444445 0.02265625 0.02638888888888889
0 0.334765625 0.03125 0.04140625 0.05694444444444444