0 0.56875 0.15069444444444444 0.078125 0.08472222222222223
0 0.361328125 0.05763888888888889 0.05703125 0.043055555555555555
0 0.494140625 0.035416666666666666 0.02578125 0.020833333333333332
0 0.437109375 0.16875 0.07578125 0.06805555555555555
0 0.7453125 0.1388888888888889 0.05 0.05277777777777778
0 0.84140625 0.17777777777777778 0.059375 0.08611111111111111
0 0.676171875 0.13055555555555556 0.06328125 0.06388888888888888
0 0.70546875 0.08402777777777778 0.034375 0.0375
0 0.19921875 0.030555555555555555 0.0578125 0.05
0 0.234765625 0.03958333333333333 0.03203125 0.034722222222222224
0 0.29140625 0.049305555555555554 0.0484375 0.04027777777777778
0 0.32578125 0.04722222222222222 0.0265625 0.044444444444444446
0 0.366015625 0.030555555555555555 0.03046875 0.019444444444444445
0 0.2875 0.021527777777777778 0.0296875 0.015277777777777777