0 0.510546875 0.17569444444444443 0.10546875 0.10416666666666667
0 0.431640625 0.2743055555555556 0.20546875 0.1763888888888889
0 0.357421875 0.04652777777777778 0.04453125 0.03194444444444444
0 0.823828125 0.24583333333333332 0.08359375 0.2111111111111111
0 0.39375 0.027083333333333334 0.04375 0.0375
0 0.301171875 0.050694444444444445 0.05390625 0.043055555555555555
0 0.691015625 0.21666666666666667 0.11328125 0.12222222222222222
0 0.81484375 0.14722222222222223 0.103125 0.09166666666666666
0 0.51328125 0.03263888888888889 0.0359375 0.03194444444444444
0 0.2265625 0.035416666666666666 0.0453125 0.04027777777777778
0 0.175 0.041666666666666664 0.040625 0.03333333333333333