1 0.669921875 0.6569444444444444 0.10234375 0.375
1 0.813671875 0.4513888888888889 0.06015625 0.22777777777777777
1 0.2390625 0.3194444444444444 0.053125 0.19444444444444445
0 0.3625 0.17569444444444443 0.11875 0.11527777777777778
0 0.57109375 0.12777777777777777 0.0453125 0.06666666666666667
0 0.371484375 0.04375 0.04453125 0.04027777777777778
0 0.66875 0.1625 0.09375 0.15555555555555556
0 0.324609375 0.034027777777777775 0.03671875 0.0375
0 0.482421875 0.03680555555555556 0.03046875 0.02361111111111111
0 0.226953125 0.034722222222222224 0.03671875 0.03611111111111111
0 0.744921875 0.16875 0.05234375 0.07916666666666666
0 0.835546875 0.19375 0.06796875 0.059722222222222225