0 0.144140625 0.38333333333333336 0.28671875 0.275
0 0.555078125 0.11666666666666667 0.05234375 0.06111111111111111
0 0.664453125 0.10555555555555556 0.03671875 0.03611111111111111
0 0.494921875 0.12083333333333333 0.05234375 0.06666666666666667
0 0.362109375 0.03680555555555556 0.04765625 0.043055555555555555
0 0.6171875 0.25972222222222224 0.24375 0.19166666666666668
0 0.209375 0.7611111111111111 0.4171875 0.4638888888888889
0 0.476171875 0.03194444444444444 0.03671875 0.027777777777777776
1 0.478125 0.9270833333333334 0.1046875 0.14027777777777778
0 0.805078125 0.25 0.12734375 0.21388888888888888
0 0.686328125 0.1951388888888889 0.10390625 0.0875
0 0.716015625 0.10972222222222222 0.03359375 0.041666666666666664
0 0.28046875 0.041666666666666664 0.0296875 0.03611111111111111
0 0.218359375 0.0375 0.04609375 0.030555555555555555