0 0.38203125 0.1763888888888889 0.0890625 0.10555555555555556
0 0.48125 0.029166666666666667 0.0484375 0.03888888888888889
0 0.303125 0.030555555555555555 0.040625 0.030555555555555555
0 0.353515625 0.03263888888888889 0.04140625 0.03194444444444444
0 0.337109375 0.03888888888888889 0.03359375 0.03333333333333333
1 0.831640625 0.46111111111111114 0.02578125 0.12777777777777777
0 0.7625 0.21388888888888888 0.103125 0.1
0 0.75625 0.14791666666666667 0.05625 0.06527777777777778
0 0.4046875 0.03194444444444444 0.028125 0.03333333333333333
0 0.219921875 0.03958333333333333 0.04140625 0.04027777777777778
0 0.174609375 0.04027777777777778 0.03515625 0.030555555555555555