1 0.222265625 0.13333333333333333 0.02109375 0.08333333333333333
0 0.368359375 0.12569444444444444 0.08515625 0.0763888888888889
0 0.569140625 0.18611111111111112 0.14453125 0.15555555555555556
0 0.387109375 0.03611111111111111 0.04140625 0.030555555555555555
0 0.84453125 0.23194444444444445 0.0421875 0.10555555555555556
0 0.296875 0.06111111111111111 0.0359375 0.030555555555555555
0 0.750390625 0.14652777777777778 0.07421875 0.1375
0 0.23515625 0.030555555555555555 0.0296875 0.027777777777777776
0 0.185546875 0.07777777777777778 0.05546875 0.05
0 0.46953125 0.025 0.0234375 0.041666666666666664
0 0.528125 0.03194444444444444 0.0421875 0.022222222222222223