1 0.657421875 0.58125 0.08828125 0.3263888888888889
1 0.580078125 0.7888888888888889 0.11953125 0.4222222222222222
0 0.361328125 0.28888888888888886 0.12265625 0.18055555555555555
0 0.68359375 0.12361111111111112 0.0703125 0.05277777777777778
0 0.358984375 0.059027777777777776 0.05859375 0.043055555555555555
0 0.490234375 0.12708333333333333 0.04296875 0.07361111111111111
0 0.5421875 0.11597222222222223 0.059375 0.05694444444444444
0 0.664453125 0.26875 0.19140625 0.13472222222222222
0 0.23359375 0.04027777777777778 0.0328125 0.03888888888888889
0 0.57890625 0.08541666666666667 0.0765625 0.06527777777777778
0 0.462109375 0.2902777777777778 0.05546875 0.1
0 0.4046875 0.044444444444444446 0.0296875 0.03888888888888889
0 0.801953125 0.17083333333333334 0.07734375 0.06111111111111111
0 0.290625 0.049305555555555554 0.0484375 0.04027777777777778
0 0.322265625 0.04722222222222222 0.03515625 0.041666666666666664
0 0.496484375 0.0763888888888889 0.04921875 0.041666666666666664
0 0.4890625 0.04722222222222222 0.05625 0.03611111111111111
0 0.70234375 0.2013888888888889 0.1484375 0.1361111111111111