1 0.532421875 0.8659722222222223 0.16171875 0.26805555555555555
0 0.097265625 0.2881944444444444 0.19296875 0.2125
0 0.358984375 0.059027777777777776 0.05703125 0.04027777777777778
0 0.659375 0.10486111111111111 0.0390625 0.04583333333333333
0 0.507421875 0.06736111111111111 0.06796875 0.0625
0 0.70390625 0.09027777777777778 0.034375 0.04722222222222222
0 0.783984375 0.16527777777777777 0.08515625 0.06666666666666667
0 0.234765625 0.035416666666666666 0.02890625 0.034722222222222224
0 0.1765625 0.06875 0.040625 0.0763888888888889
0 0.29140625 0.04583333333333333 0.05 0.03888888888888889
0 0.325 0.04375 0.0328125 0.034722222222222224
0 0.361328125 0.029166666666666667 0.02890625 0.016666666666666666
0 0.41328125 0.06458333333333334 0.0265625 0.04027777777777778
0 0.6828125 0.10833333333333334 0.021875 0.03611111111111111