1 0.7421875 0.49930555555555556 0.06875 0.2791666666666667
0 0.333984375 0.1798611111111111 0.12890625 0.12361111111111112
0 0.583203125 0.14027777777777778 0.05078125 0.08611111111111111
0 0.547265625 0.08194444444444444 0.05390625 0.04722222222222222
0 0.81171875 0.23958333333333334 0.1125 0.11805555555555555
0 0.481640625 0.034722222222222224 0.02421875 0.022222222222222223
0 0.28359375 0.04027777777777778 0.03125 0.030555555555555555
0 0.2828125 0.025694444444444443 0.0421875 0.02638888888888889
0 0.235546875 0.03888888888888889 0.02265625 0.027777777777777776
0 0.220703125 0.030555555555555555 0.03359375 0.027777777777777776
0 0.40625 0.03333333333333333 0.01875 0.025
0 0.511328125 0.03125 0.03203125 0.03194444444444444
0 0.8109375 0.18125 0.0703125 0.04861111111111111
0 0.725390625 0.11527777777777778 0.03046875 0.041666666666666664
0 0.699609375 0.09027777777777778 0.03515625 0.058333333333333334