1 0.634375 0.7840277777777778 0.1015625 0.43194444444444446
1 0.323828125 0.13541666666666666 0.01796875 0.10138888888888889
0 0.4921875 0.12083333333333333 0.0484375 0.075
0 0.34609375 0.03611111111111111 0.040625 0.041666666666666664
0 0.599609375 0.1125 0.04765625 0.05
0 0.400390625 0.034027777777777775 0.03203125 0.02638888888888889
0 0.48984375 0.07222222222222222 0.040625 0.03611111111111111
0 0.641015625 0.10625 0.04140625 0.043055555555555555
0 0.66796875 0.13472222222222222 0.0578125 0.05277777777777778
0 0.51640625 0.04027777777777778 0.0265625 0.022222222222222223
0 0.730859375 0.10833333333333334 0.03046875 0.044444444444444446