0 0.384765625 0.1361111111111111 0.10546875 0.08888888888888889
0 0.812109375 0.26180555555555557 0.10703125 0.11527777777777778
0 0.474609375 0.035416666666666666 0.04140625 0.029166666666666667
0 0.655859375 0.12916666666666668 0.05546875 0.041666666666666664
0 0.34375 0.03680555555555556 0.03125 0.03194444444444444
0 0.21953125 0.08333333333333333 0.071875 0.06666666666666667
0 0.711328125 0.2534722222222222 0.15859375 0.1625
0 0.73046875 0.1527777777777778 0.071875 0.06388888888888888
0 0.667578125 0.1625 0.07421875 0.06666666666666667
0 0.41484375 0.05555555555555555 0.025 0.027777777777777776
0 0.379296875 0.04722222222222222 0.03671875 0.03611111111111111
0 0.37734375 0.016666666666666666 0.0453125 0.030555555555555555
0 0.304296875 0.04722222222222222 0.04765625 0.03888888888888889
0 0.28828125 0.030555555555555555 0.0359375 0.027777777777777776
0 0.234765625 0.03958333333333333 0.02734375 0.029166666666666667