1 0.583203125 0.8465277777777778 0.10859375 0.30694444444444446
1 0.43828125 0.8861111111111111 0.1546875 0.225
0 0.144140625 0.21597222222222223 0.17265625 0.12083333333333333
0 0.496875 0.07916666666666666 0.0546875 0.05277777777777778
0 0.66796875 0.11597222222222223 0.0671875 0.04861111111111111
0 0.548046875 0.08125 0.07578125 0.0625
0 0.64765625 0.2638888888888889 0.1296875 0.13333333333333333
0 0.361328125 0.058333333333333334 0.06171875 0.04722222222222222
0 0.844140625 0.30972222222222223 0.03515625 0.11944444444444445
0 0.290625 0.04722222222222222 0.0546875 0.03611111111111111
0 0.234375 0.0375 0.0296875 0.030555555555555555
0 0.855859375 0.19791666666666666 0.03046875 0.043055555555555555
0 0.776953125 0.15902777777777777 0.07578125 0.07083333333333333
0 0.39609375 0.02638888888888889 0.0296875 0.027777777777777776
0 0.18828125 0.03611111111111111 0.04375 0.030555555555555555
0 0.343359375 0.025 0.04765625 0.030555555555555555