1 0.7921875 0.42986111111111114 0.05 0.23472222222222222
0 0.36796875 0.16319444444444445 0.1125 0.14027777777777778
0 0.53203125 0.07847222222222222 0.05625 0.043055555555555555
0 0.3703125 0.05763888888888889 0.0546875 0.043055555555555555
0 0.325390625 0.043055555555555555 0.04765625 0.03888888888888889
0 0.355078125 0.019444444444444445 0.03828125 0.03611111111111111
0 0.402734375 0.04791666666666667 0.03046875 0.0375
0 0.853515625 0.2916666666666667 0.02265625 0.125
0 0.22265625 0.04027777777777778 0.0421875 0.03333333333333333
0 0.28671875 0.044444444444444446 0.0375 0.03333333333333333
0 0.325 0.04097222222222222 0.034375 0.0375