1 0.732421875 0.5076388888888889 0.06484375 0.2708333333333333
1 0.240234375 0.9055555555555556 0.12890625 0.18611111111111112
1 0.329296875 0.16527777777777777 0.01953125 0.10555555555555556
0 0.505078125 0.08263888888888889 0.06328125 0.05138888888888889
0 0.637890625 0.10555555555555556 0.04140625 0.044444444444444446
0 0.56875 0.15138888888888888 0.0546875 0.08333333333333333
0 0.68828125 0.12013888888888889 0.04375 0.05138888888888889
0 0.2078125 0.041666666666666664 0.05 0.041666666666666664
0 0.38515625 0.029861111111111113 0.0390625 0.03194444444444444
0 0.472265625 0.0375 0.02890625 0.030555555555555555
0 0.31796875 0.04861111111111111 0.0453125 0.041666666666666664
0 0.29609375 0.04236111111111111 0.0328125 0.02638888888888889
0 0.4921875 0.04236111111111111 0.028125 0.02638888888888889