0 0.475390625 0.034722222222222224 0.03515625 0.019444444444444445
0 0.33671875 0.03263888888888889 0.0359375 0.03194444444444444
0 0.6578125 0.11736111111111111 0.0734375 0.05416666666666667
0 0.2546875 0.09236111111111112 0.065625 0.04583333333333333
0 0.693359375 0.08958333333333333 0.03984375 0.0625
0 0.3078125 0.027083333333333334 0.0375 0.03194444444444444
0 0.1984375 0.06597222222222222 0.0484375 0.04583333333333333
0 0.209375 0.027777777777777776 0.04375 0.03333333333333333
0 0.409375 0.02638888888888889 0.025 0.041666666666666664
0 0.478125 0.025 0.0265625 0.027777777777777776
0 0.828125 0.17777777777777778 0.078125 0.06944444444444445