1 0.119140625 0.22013888888888888 0.02421875 0.14027777777777778
0 0.3859375 0.3055555555555556 0.2234375 0.19722222222222222
0 0.36171875 0.02638888888888889 0.0421875 0.03611111111111111
0 0.48046875 0.06458333333333334 0.040625 0.04027777777777778
0 0.294140625 0.0375 0.06015625 0.041666666666666664
0 0.482421875 0.029166666666666667 0.04296875 0.030555555555555555
0 0.223828125 0.034722222222222224 0.04765625 0.03888888888888889
0 0.49609375 0.03680555555555556 0.028125 0.018055555555555554
0 0.410546875 0.02638888888888889 0.02109375 0.025
0 0.38359375 0.027777777777777776 0.0265625 0.027777777777777776
0 0.706640625 0.15763888888888888 0.07578125 0.0875
0 0.86015625 0.2076388888888889 0.028125 0.04027777777777778