0 0.037109375 0.2388888888888889 0.07265625 0.12777777777777777
0 0.161328125 0.8131944444444444 0.32109375 0.3736111111111111
0 0.384765625 0.04375 0.03671875 0.03194444444444444
0 0.510546875 0.07222222222222222 0.04765625 0.03888888888888889
0 0.47734375 0.03333333333333333 0.0390625 0.027777777777777776
0 0.655859375 0.09791666666666667 0.03828125 0.04027777777777778
0 0.339453125 0.043055555555555555 0.04609375 0.03611111111111111
0 0.169140625 0.030555555555555555 0.02578125 0.027777777777777776
0 0.198828125 0.030555555555555555 0.02265625 0.03611111111111111
0 0.224609375 0.034027777777777775 0.04609375 0.034722222222222224
0 0.2796875 0.021527777777777778 0.0265625 0.02361111111111111
0 0.290234375 0.04097222222222222 0.04453125 0.034722222222222224
0 0.328125 0.021527777777777778 0.034375 0.029166666666666667
0 0.359765625 0.025 0.03046875 0.030555555555555555
0 0.412890625 0.027777777777777776 0.01953125 0.03333333333333333
0 0.52421875 0.03194444444444444 0.0171875 0.011111111111111112
0 0.69375 0.10208333333333333 0.03125 0.043055555555555555
0 0.728125 0.1076388888888889 0.0453125 0.0875
0 0.7578125 0.10625 0.01875 0.0375