1 0.7546875 0.5361111111111111 0.0703125 0.3472222222222222
1 0.67578125 0.5527777777777778 0.078125 0.3638888888888889
0 0.3625 0.125 0.071875 0.08333333333333333
0 0.321484375 0.3076388888888889 0.20859375 0.1875
0 0.037109375 0.23819444444444443 0.07265625 0.12361111111111112
0 0.563671875 0.11666666666666667 0.06015625 0.06388888888888888
0 0.162109375 0.8090277777777778 0.32265625 0.3819444444444444
0 0.343359375 0.05138888888888889 0.04921875 0.041666666666666664
0 0.480078125 0.034722222222222224 0.03984375 0.025
0 0.356640625 0.02638888888888889 0.03828125 0.027777777777777776
0 0.2265625 0.03194444444444444 0.046875 0.04722222222222222
0 0.287890625 0.03194444444444444 0.04453125 0.06111111111111111
0 0.701171875 0.24166666666666667 0.12421875 0.12777777777777777
0 0.760546875 0.18263888888888888 0.05546875 0.08194444444444444
0 0.723828125 0.1375 0.04140625 0.05277777777777778
0 0.7625 0.11041666666666666 0.0234375 0.034722222222222224
0 0.784765625 0.09513888888888888 0.01796875 0.02638888888888889
1 0.742578125 0.4597222222222222 0.05703125 0.29444444444444445