0 0.11640625 0.43333333333333335 0.23125 0.275
0 0.1484375 0.23680555555555555 0.190625 0.1486111111111111
0 0.816015625 0.18125 0.08203125 0.07361111111111111
0 0.356640625 0.19236111111111112 0.14140625 0.1486111111111111
0 0.49296875 0.10972222222222222 0.065625 0.13055555555555556
0 0.03671875 0.2388888888888889 0.071875 0.125
0 0.161328125 0.8111111111111111 0.32109375 0.37777777777777777
0 0.370703125 0.034722222222222224 0.03515625 0.041666666666666664
0 0.479296875 0.035416666666666666 0.03984375 0.02638888888888889
0 0.401953125 0.02847222222222222 0.03671875 0.02638888888888889
0 0.265625 0.024305555555555556 0.0453125 0.034722222222222224
0 0.215625 0.03263888888888889 0.046875 0.04027777777777778
0 0.662109375 0.0875 0.08671875 0.07222222222222222
0 0.680859375 0.13402777777777777 0.09609375 0.06527777777777778
0 0.783203125 0.09513888888888888 0.02265625 0.04027777777777778