0 0.549609375 0.12152777777777778 0.06328125 0.06527777777777778
0 0.346875 0.04583333333333333 0.0578125 0.05555555555555555
0 0.61796875 0.24861111111111112 0.1671875 0.13333333333333333
0 0.400390625 0.15138888888888888 0.06484375 0.09166666666666666
0 0.6375 0.11180555555555556 0.0640625 0.04861111111111111
0 0.39140625 0.3145833333333333 0.23125 0.19027777777777777
0 0.6515625 0.19305555555555556 0.128125 0.11388888888888889
0 0.20546875 0.035416666666666666 0.0328125 0.034722222222222224
0 0.702734375 0.11736111111111111 0.06015625 0.0625
0 0.84609375 0.20416666666666666 0.0578125 0.07222222222222222
0 0.348046875 0.029861111111111113 0.09296875 0.05694444444444444
0 0.269140625 0.04236111111111111 0.05390625 0.04583333333333333