1 0.837109375 0.4409722222222222 0.04296875 0.20972222222222223
1 0.684765625 0.7854166666666667 0.13359375 0.42916666666666664
0 0.5015625 0.24166666666666667 0.18125 0.16666666666666666
0 0.37421875 0.16458333333333333 0.0859375 0.12916666666666668
0 0.570703125 0.08611111111111111 0.08515625 0.08333333333333333
0 0.374609375 0.03125 0.02734375 0.03194444444444444
0 0.239453125 0.09097222222222222 0.06640625 0.05138888888888889
0 0.334765625 0.04861111111111111 0.05703125 0.04722222222222222
0 0.668359375 0.12430555555555556 0.04609375 0.05138888888888889
0 0.226953125 0.035416666666666666 0.05078125 0.043055555555555555
0 0.801953125 0.09583333333333334 0.03671875 0.041666666666666664