1 0.624609375 0.9048611111111111 0.15703125 0.19027777777777777
0 0.10078125 0.45902777777777776 0.2 0.31805555555555554
0 0.369921875 0.04097222222222222 0.04296875 0.04027777777777778
0 0.598828125 0.2604166666666667 0.16640625 0.1375
0 0.587109375 0.18055555555555555 0.12578125 0.09722222222222222
0 0.733203125 0.18541666666666667 0.06171875 0.0875
0 0.306640625 0.04513888888888889 0.04609375 0.0375
0 0.2125 0.034027777777777775 0.0421875 0.03194444444444444
0 0.304296875 0.029861111111111113 0.04921875 0.029166666666666667
1 0.16015625 0.11319444444444444 0.0125 0.08194444444444444
0 0.25390625 0.03333333333333333 0.0359375 0.03333333333333333
0 0.333984375 0.025 0.02890625 0.03611111111111111
0 0.403125 0.041666666666666664 0.0265625 0.030555555555555555