0 0.2640625 0.21458333333333332 0.1734375 0.1625
0 0.037109375 0.23819444444444443 0.07265625 0.12638888888888888
0 0.6140625 0.12361111111111112 0.0625 0.05555555555555555
0 0.1609375 0.8111111111111111 0.3203125 0.37777777777777777
0 0.444921875 0.15555555555555556 0.09296875 0.09722222222222222
0 0.831640625 0.19027777777777777 0.08203125 0.08055555555555556
0 0.823828125 0.3173611111111111 0.08828125 0.14583333333333334
0 0.1890625 0.03125 0.0453125 0.0375
0 0.21484375 0.029166666666666667 0.0359375 0.03888888888888889
0 0.4125 0.034027777777777775 0.021875 0.02361111111111111
0 0.46328125 0.03888888888888889 0.009375 0.025
0 0.513671875 0.03611111111111111 0.02421875 0.016666666666666666
0 0.708984375 0.12361111111111112 0.03359375 0.04722222222222222