0 0.58984375 0.08958333333333333 0.075 0.08472222222222223
0 0.31484375 0.025 0.0390625 0.025
0 0.383203125 0.022916666666666665 0.04921875 0.043055555555555555
0 0.16484375 0.05763888888888889 0.01875 0.06527777777777778
0 0.20234375 0.02847222222222222 0.0421875 0.03194444444444444
0 0.257421875 0.02847222222222222 0.04296875 0.03194444444444444
0 0.49453125 0.03888888888888889 0.025 0.019444444444444445
0 0.46328125 0.03888888888888889 0.0109375 0.025
0 0.465234375 0.03263888888888889 0.01328125 0.020833333333333332
0 0.52734375 0.029861111111111113 0.0421875 0.018055555555555554
0 0.728125 0.11597222222222223 0.0328125 0.0375
0 0.756640625 0.10694444444444444 0.03046875 0.03888888888888889
0 0.821484375 0.10277777777777777 0.02890625 0.03611111111111111