1 0.22109375 0.12430555555555556 0.01875 0.08472222222222223
1 0.551171875 0.6180555555555556 0.07578125 0.3388888888888889
1 0.625390625 0.7236111111111111 0.11953125 0.45555555555555555
1 0.696484375 0.7993055555555556 0.10078125 0.3902777777777778
0 0.06484375 0.24791666666666667 0.128125 0.1597222222222222
0 0.37578125 0.04861111111111111 0.040625 0.03888888888888889
0 0.22421875 0.03611111111111111 0.05 0.03611111111111111
0 0.29609375 0.04236111111111111 0.0546875 0.043055555555555555
0 0.353515625 0.03263888888888889 0.02890625 0.03194444444444444
0 0.32421875 0.024305555555555556 0.0375 0.03194444444444444
0 0.48203125 0.034722222222222224 0.0265625 0.027777777777777776
0 0.508984375 0.03333333333333333 0.02578125 0.022222222222222223
0 0.741015625 0.20694444444444443 0.13984375 0.14722222222222223
0 0.39296875 0.03958333333333333 0.028125 0.043055555555555555
0 0.4046875 0.027777777777777776 0.0296875 0.03888888888888889