0 0.28203125 0.08263888888888889 0.08125 0.07916666666666666
0 0.47734375 0.06805555555555555 0.0421875 0.03888888888888889
0 0.168359375 0.029166666666666667 0.02578125 0.025
0 0.2046875 0.030555555555555555 0.0359375 0.027777777777777776
0 0.258203125 0.029166666666666667 0.04296875 0.030555555555555555
0 0.307421875 0.025694444444444443 0.02890625 0.03194444444444444
0 0.35078125 0.025 0.0640625 0.044444444444444446
0 0.393359375 0.021527777777777778 0.04609375 0.04027777777777778
0 0.470703125 0.03333333333333333 0.02421875 0.022222222222222223
0 0.5046875 0.034027777777777775 0.0234375 0.015277777777777777
0 0.6734375 0.1 0.04375 0.05
0 0.71796875 0.11597222222222223 0.0296875 0.043055555555555555
0 0.76953125 0.13680555555555557 0.0671875 0.07361111111111111
0 0.744140625 0.22430555555555556 0.18671875 0.20972222222222223