0 0.03671875 0.23819444444444443 0.071875 0.12638888888888888
0 0.35390625 0.0375 0.0359375 0.03611111111111111
0 0.4796875 0.06875 0.04375 0.05416666666666667
0 0.39140625 0.04375 0.05 0.043055555555555555
0 0.3359375 0.022916666666666665 0.040625 0.029166666666666667
0 0.163671875 0.8111111111111111 0.32578125 0.37777777777777777
0 0.284765625 0.03819444444444445 0.03671875 0.034722222222222224
0 0.488671875 0.03611111111111111 0.02734375 0.022222222222222223
0 0.172265625 0.03333333333333333 0.02265625 0.03333333333333333
0 0.2109375 0.03333333333333333 0.0421875 0.030555555555555555
0 0.221875 0.02638888888888889 0.0484375 0.04722222222222222
0 0.3 0.02361111111111111 0.0296875 0.030555555555555555
0 0.68984375 0.13125 0.0546875 0.06805555555555555
0 0.773046875 0.08958333333333333 0.02421875 0.0375
0 0.802734375 0.10555555555555556 0.01484375 0.027777777777777776