0 0.36796875 0.035416666666666666 0.028125 0.034722222222222224
0 0.517578125 0.11041666666666666 0.06484375 0.059722222222222225
0 0.552734375 0.08611111111111111 0.05546875 0.044444444444444446
0 0.32265625 0.025694444444444443 0.0375 0.029166666666666667
0 0.291015625 0.04027777777777778 0.05078125 0.041666666666666664
0 0.223828125 0.03611111111111111 0.04921875 0.03333333333333333
0 0.16484375 0.03194444444444444 0.0171875 0.030555555555555555
0 0.41015625 0.030555555555555555 0.0203125 0.03333333333333333
0 0.717578125 0.30625 0.18984375 0.14583333333333334
0 0.695703125 0.16597222222222222 0.06015625 0.08194444444444444
0 0.70625 0.11180555555555556 0.0328125 0.03194444444444444
0 0.68125 0.10069444444444445 0.0296875 0.03194444444444444