0 0.03671875 0.23819444444444443 0.071875 0.12638888888888888
0 0.479296875 0.13680555555555557 0.05703125 0.0763888888888889
0 0.163671875 0.8097222222222222 0.32578125 0.38055555555555554
0 0.500390625 0.034722222222222224 0.03515625 0.027777777777777776
0 0.387109375 0.041666666666666664 0.02421875 0.030555555555555555
0 0.465234375 0.035416666666666666 0.02421875 0.02361111111111111
0 0.17421875 0.10416666666666667 0.015625 0.075
0 0.183984375 0.03125 0.04296875 0.03194444444444444
0 0.22421875 0.02847222222222222 0.040625 0.043055555555555555
0 0.23984375 0.02361111111111111 0.025 0.027777777777777776
0 0.287109375 0.03263888888888889 0.03515625 0.04027777777777778
0 0.3453125 0.034722222222222224 0.06875 0.06111111111111111
0 0.740234375 0.20416666666666666 0.10234375 0.09722222222222222
0 0.716015625 0.1326388888888889 0.05234375 0.07361111111111111
0 0.77578125 0.10416666666666667 0.0203125 0.03333333333333333
0 0.410546875 0.03194444444444444 0.02734375 0.03333333333333333