0 0.528125 0.07430555555555556 0.06875 0.04861111111111111
0 0.39765625 0.043055555555555555 0.0453125 0.03888888888888889
0 0.319921875 0.044444444444444446 0.05078125 0.03611111111111111
0 0.347265625 0.03333333333333333 0.03203125 0.030555555555555555
0 0.771484375 0.3034722222222222 0.17734375 0.1486111111111111
0 0.009375 0.49444444444444446 0.0171875 0.11666666666666667
0 0.18203125 0.034027777777777775 0.0421875 0.029166666666666667
0 0.241796875 0.03125 0.04296875 0.04583333333333333
0 0.44375 0.05416666666666667 0.0546875 0.03333333333333333
0 0.672265625 0.12083333333333333 0.07734375 0.07777777777777778
0 0.8390625 0.19027777777777777 0.075 0.06666666666666667