1 0.78671875 0.44513888888888886 0.0578125 0.25416666666666665
1 0.41015625 0.27152777777777776 0.03125 0.16527777777777777
0 0.54296875 0.14375 0.0953125 0.07083333333333333
0 0.404296875 0.03263888888888889 0.03671875 0.029166666666666667
0 0.664453125 0.09791666666666667 0.03359375 0.034722222222222224
0 0.220703125 0.030555555555555555 0.05234375 0.03888888888888889
0 0.27578125 0.027083333333333334 0.0296875 0.043055555555555555
0 0.503515625 0.03819444444444445 0.02578125 0.02361111111111111
1 0.235546875 0.49722222222222223 0.07890625 0.3055555555555556
0 0.7 0.1597222222222222 0.0453125 0.07777777777777778
0 0.807421875 0.09791666666666667 0.02265625 0.043055555555555555