0 0.037109375 0.23958333333333334 0.07265625 0.12638888888888888
0 0.55 0.13333333333333333 0.0578125 0.075
0 0.650390625 0.10694444444444444 0.04140625 0.05
0 0.4453125 0.12430555555555556 0.1640625 0.18194444444444444
0 0.356640625 0.029166666666666667 0.04140625 0.030555555555555555
0 0.83046875 0.24583333333333332 0.071875 0.10277777777777777
0 0.159765625 0.8125 0.31796875 0.36666666666666664
0 0.3015625 0.043055555555555555 0.053125 0.041666666666666664
0 0.043359375 0.46111111111111114 0.08515625 0.2361111111111111
0 0.225 0.03888888888888889 0.046875 0.03888888888888889
0 0.32265625 0.030555555555555555 0.0390625 0.03333333333333333
0 0.716015625 0.15763888888888888 0.04453125 0.08194444444444444
0 0.694140625 0.11944444444444445 0.03359375 0.05
0 0.73359375 0.10208333333333333 0.0234375 0.03194444444444444