1 0.675390625 0.5868055555555556 0.08515625 0.38472222222222224
1 0.508984375 0.5777777777777777 0.06484375 0.3277777777777778
0 0.4890625 0.26666666666666666 0.1953125 0.14722222222222223
0 0.03671875 0.24027777777777778 0.071875 0.125
0 0.16171875 0.8131944444444444 0.321875 0.3736111111111111
0 0.30625 0.09236111111111112 0.0765625 0.06805555555555555
0 0.4734375 0.03680555555555556 0.0328125 0.02361111111111111
0 0.37265625 0.03263888888888889 0.0421875 0.03194444444444444
0 0.2890625 0.03819444444444445 0.05 0.043055555555555555
0 0.321875 0.025 0.0375 0.030555555555555555
0 0.4046875 0.03263888888888889 0.03125 0.0375
0 0.669921875 0.14583333333333334 0.04765625 0.09444444444444444
0 0.83671875 0.19166666666666668 0.0671875 0.06111111111111111
0 0.709375 0.10138888888888889 0.0140625 0.030555555555555555
0 0.733203125 0.1076388888888889 0.01484375 0.02638888888888889
0 0.755078125 0.11180555555555556 0.02265625 0.03194444444444444