1 0.051953125 0.16041666666666668 0.02578125 0.11527777777777778
0 0.58125 0.08472222222222223 0.059375 0.04722222222222222
0 0.625 0.10416666666666667 0.0703125 0.05277777777777778
0 0.8296875 0.2625 0.078125 0.15
0 0.39296875 0.03125 0.05 0.04861111111111111
1 0.025 0.19583333333333333 0.0203125 0.07222222222222222
0 0.329296875 0.025 0.05390625 0.04722222222222222
0 0.492578125 0.06458333333333334 0.06484375 0.0625
0 0.47890625 0.027083333333333334 0.028125 0.018055555555555554
0 0.738671875 0.10694444444444444 0.03515625 0.04722222222222222
0 0.7640625 0.17083333333333334 0.0859375 0.06944444444444445