0 0.111328125 0.2798611111111111 0.20390625 0.2013888888888889
0 0.522265625 0.07361111111111111 0.06328125 0.04722222222222222
0 0.24140625 0.09583333333333334 0.065625 0.058333333333333334
0 0.61171875 0.11597222222222223 0.0828125 0.059722222222222225
0 0.398828125 0.05763888888888889 0.04609375 0.0375
0 0.3421875 0.034722222222222224 0.0296875 0.03333333333333333
0 0.18828125 0.027083333333333334 0.0640625 0.05138888888888889
0 0.237890625 0.030555555555555555 0.03203125 0.044444444444444446
0 0.2765625 0.029166666666666667 0.0203125 0.030555555555555555
0 0.3046875 0.03680555555555556 0.053125 0.05138888888888889
0 0.387890625 0.043055555555555555 0.03984375 0.03611111111111111
0 0.49921875 0.03958333333333333 0.025 0.020833333333333332
0 0.624609375 0.10208333333333333 0.06484375 0.05138888888888889
0 0.79453125 0.10555555555555556 0.015625 0.027777777777777776