0 0.059765625 0.25833333333333336 0.11796875 0.16666666666666666
0 0.36953125 0.18125 0.115625 0.13472222222222222
0 0.290625 0.03611111111111111 0.046875 0.03333333333333333
0 0.391015625 0.059027777777777776 0.04765625 0.0375
0 0.016796875 0.4909722222222222 0.03203125 0.1875
0 0.3671875 0.03611111111111111 0.0375 0.03333333333333333
0 0.225 0.029861111111111113 0.040625 0.02638888888888889
0 0.709375 0.1638888888888889 0.0875 0.06666666666666667
0 0.73984375 0.13541666666666666 0.0890625 0.0625
0 0.330859375 0.03125 0.03671875 0.04583333333333333
0 0.86328125 0.21180555555555555 0.0171875 0.04861111111111111