1 0.666015625 0.3638888888888889 0.04609375 0.225
0 0.1515625 0.2569444444444444 0.2 0.17777777777777778
0 0.64453125 0.10277777777777777 0.040625 0.05
0 0.525 0.0763888888888889 0.05625 0.044444444444444446
0 0.480859375 0.03263888888888889 0.02421875 0.020833333333333332
0 0.4 0.03125 0.0296875 0.02361111111111111
1 0.764453125 0.4263888888888889 0.04140625 0.16944444444444445
0 0.23515625 0.025 0.0359375 0.03611111111111111
0 0.321484375 0.024305555555555556 0.03203125 0.04583333333333333
0 0.36015625 0.03125 0.025 0.04583333333333333
0 0.411328125 0.049305555555555554 0.03671875 0.03194444444444444
0 0.46796875 0.06388888888888888 0.0203125 0.05
0 0.71796875 0.1361111111111111 0.0328125 0.05277777777777778