1 0.807421875 0.4534722222222222 0.05078125 0.2513888888888889
0 0.245703125 0.3159722222222222 0.29296875 0.2847222222222222
0 0.807421875 0.27569444444444446 0.11640625 0.13472222222222222
0 0.494140625 0.07361111111111111 0.04609375 0.044444444444444446
0 0.062109375 0.23333333333333334 0.12265625 0.12777777777777777
0 0.378125 0.034027777777777775 0.0234375 0.034722222222222224
0 0.842578125 0.18263888888888888 0.06015625 0.07361111111111111
0 0.159765625 0.8118055555555556 0.31796875 0.3763888888888889
0 0.6125 0.1527777777777778 0.09375 0.07777777777777778
0 0.400390625 0.03125 0.03046875 0.034722222222222224
0 0.7859375 0.09097222222222222 0.034375 0.04027777777777778