0 0.61953125 0.09722222222222222 0.0625 0.041666666666666664
0 0.401953125 0.16805555555555557 0.12734375 0.10555555555555556
0 0.357421875 0.030555555555555555 0.03203125 0.027777777777777776
0 0.401953125 0.027777777777777776 0.03984375 0.03888888888888889
0 0.28984375 0.0375 0.0546875 0.041666666666666664
0 0.167578125 0.03263888888888889 0.02734375 0.034722222222222224
0 0.225 0.03333333333333333 0.046875 0.027777777777777776
0 0.2328125 0.01597222222222222 0.034375 0.02361111111111111
0 0.375390625 0.03958333333333333 0.02109375 0.029166666666666667
0 0.793359375 0.16805555555555557 0.08203125 0.07222222222222222
0 0.85859375 0.19652777777777777 0.025 0.04861111111111111