0 0.487890625 0.2423611111111111 0.19140625 0.1625
0 0.325 0.18472222222222223 0.125 0.12222222222222222
0 0.161328125 0.8013888888888889 0.32109375 0.3972222222222222
0 0.37421875 0.03680555555555556 0.025 0.034722222222222224
0 0.49921875 0.13333333333333333 0.0578125 0.07777777777777778
0 0.18515625 0.07916666666666666 0.0609375 0.05555555555555555
0 0.209765625 0.03611111111111111 0.04609375 0.03888888888888889
0 0.308984375 0.02847222222222222 0.04296875 0.043055555555555555
0 0.4640625 0.025 0.0125 0.03888888888888889
0 0.512890625 0.03194444444444444 0.02734375 0.019444444444444445
0 0.494921875 0.034722222222222224 0.01796875 0.027777777777777776
0 0.69140625 0.12986111111111112 0.0484375 0.0875
0 0.802734375 0.16875 0.13203125 0.19583333333333333
0 0.298046875 0.025 0.13671875 0.044444444444444446