1 0.746875 0.44513888888888886 0.05625 0.25972222222222224
0 0.222265625 0.33541666666666664 0.29140625 0.21805555555555556
0 0.29453125 0.19305555555555556 0.1625 0.11944444444444445
0 0.037109375 0.2375 0.07265625 0.12222222222222222
0 0.2828125 0.09375 0.0734375 0.0625
0 0.16171875 0.8111111111111111 0.321875 0.37777777777777777
0 0.386328125 0.034027777777777775 0.03984375 0.029166666666666667
0 0.344921875 0.052083333333333336 0.04921875 0.0375
0 0.2234375 0.027777777777777776 0.0515625 0.041666666666666664
0 0.2875 0.03125 0.04375 0.059722222222222225
0 0.347265625 0.021527777777777778 0.03359375 0.02638888888888889
0 0.41484375 0.03125 0.015625 0.02361111111111111
0 0.499609375 0.0375 0.04453125 0.03611111111111111
0 0.68828125 0.17847222222222223 0.0859375 0.12083333333333333
0 0.72890625 0.15208333333333332 0.0546875 0.0763888888888889
0 0.84375 0.1951388888888889 0.0578125 0.05416666666666667
0 0.837109375 0.4597222222222222 0.03984375 0.225