0 0.03671875 0.2375 0.071875 0.125
0 0.485546875 0.02847222222222222 0.03828125 0.03194444444444444
0 0.162109375 0.8125 0.32265625 0.375
0 0.176953125 0.034027777777777775 0.04140625 0.03194444444444444
0 0.21796875 0.024305555555555556 0.040625 0.034722222222222224
0 0.339453125 0.020833333333333332 0.03359375 0.027777777777777776
0 0.362109375 0.022222222222222223 0.03828125 0.025
0 0.6890625 0.14027777777777778 0.0875 0.06111111111111111
0 0.687890625 0.1 0.03046875 0.027777777777777776
0 0.7890625 0.10972222222222222 0.01875 0.027777777777777776
0 0.809375 0.10416666666666667 0.0171875 0.025