0 0.0375 0.23680555555555555 0.0734375 0.12638888888888888
0 0.16171875 0.8104166666666667 0.321875 0.37916666666666665
0 0.403125 0.027777777777777776 0.0453125 0.041666666666666664
0 0.169140625 0.03194444444444444 0.02578125 0.03333333333333333
0 0.2140625 0.03263888888888889 0.0453125 0.03194444444444444
0 0.239453125 0.022916666666666665 0.02578125 0.02361111111111111
0 0.263671875 0.03958333333333333 0.04765625 0.04027777777777778
0 0.32265625 0.022916666666666665 0.0421875 0.043055555555555555
0 0.364453125 0.022222222222222223 0.04921875 0.041666666666666664
0 0.366015625 0.02847222222222222 0.02265625 0.02638888888888889
0 0.383203125 0.044444444444444446 0.03515625 0.03611111111111111
0 0.474609375 0.06319444444444444 0.03359375 0.04861111111111111
0 0.478125 0.034722222222222224 0.0375 0.027777777777777776
0 0.703125 0.18958333333333333 0.16875 0.2152777777777778
0 0.80859375 0.17152777777777778 0.0859375 0.09027777777777778
0 0.771484375 0.10902777777777778 0.02265625 0.03194444444444444