1 0.776953125 0.5131944444444444 0.05078125 0.1986111111111111
0 0.630859375 0.2076388888888889 0.14921875 0.14027777777777778
0 0.333984375 0.04583333333333333 0.04765625 0.03888888888888889
0 0.831640625 0.30416666666666664 0.06640625 0.13333333333333333
0 0.3921875 0.02847222222222222 0.028125 0.029166666666666667
0 0.212890625 0.034722222222222224 0.04609375 0.03333333333333333
0 0.278515625 0.03194444444444444 0.02734375 0.027777777777777776
0 0.304296875 0.027777777777777776 0.04140625 0.025
0 0.409765625 0.03194444444444444 0.02734375 0.027777777777777776
0 0.4140625 0.058333333333333334 0.03125 0.03888888888888889
1 0.747265625 0.4388888888888889 0.04921875 0.2111111111111111
1 0.72421875 0.5305555555555556 0.040625 0.125