1 0.7609375 0.46458333333333335 0.059375 0.2791666666666667
0 0.54140625 0.0798611111111111 0.0671875 0.04861111111111111
0 0.50546875 0.16527777777777777 0.1046875 0.11388888888888889
0 0.39765625 0.04861111111111111 0.0453125 0.03611111111111111
0 0.623046875 0.1451388888888889 0.09453125 0.06805555555555555
0 0.34453125 0.04791666666666667 0.046875 0.034722222222222224
0 0.658984375 0.10555555555555556 0.04140625 0.041666666666666664
0 0.322265625 0.01875 0.03046875 0.02361111111111111
0 0.842578125 0.19583333333333333 0.05859375 0.05277777777777778
0 0.780859375 0.1597222222222222 0.06796875 0.06111111111111111
0 0.230078125 0.03194444444444444 0.04296875 0.03333333333333333
0 0.344140625 0.02361111111111111 0.02734375 0.013888888888888888
0 0.373046875 0.020833333333333332 0.03984375 0.025
0 0.509765625 0.034722222222222224 0.02578125 0.016666666666666666
0 0.486328125 0.03125 0.02578125 0.029166666666666667
0 0.70859375 0.11944444444444445 0.025 0.041666666666666664
0 0.734765625 0.11805555555555555 0.01953125 0.030555555555555555
0 0.760546875 0.10902777777777778 0.02578125 0.03194444444444444
0 0.78046875 0.09513888888888888 0.021875 0.020833333333333332
0 0.808984375 0.10416666666666667 0.01484375 0.027777777777777776