1 0.23515625 0.1840277777777778 0.0234375 0.12916666666666668
1 0.815234375 0.44930555555555557 0.05078125 0.24583333333333332
0 0.353125 0.18263888888888888 0.1203125 0.12083333333333333
0 0.633203125 0.10347222222222222 0.06171875 0.04583333333333333
0 0.314453125 0.027083333333333334 0.04609375 0.04027777777777778
0 0.367578125 0.02638888888888889 0.04140625 0.025
0 0.20234375 0.029166666666666667 0.025 0.025
0 0.17109375 0.03194444444444444 0.0296875 0.030555555555555555
0 0.276953125 0.027777777777777776 0.03046875 0.027777777777777776
0 0.2921875 0.011805555555555555 0.0484375 0.020833333333333332
0 0.36640625 0.035416666666666666 0.025 0.029166666666666667
0 0.41015625 0.034722222222222224 0.025 0.030555555555555555
0 0.501953125 0.034722222222222224 0.02890625 0.022222222222222223
1 0.791796875 0.4201388888888889 0.04765625 0.22916666666666666