1 0.333984375 0.7895833333333333 0.13515625 0.42083333333333334
0 0.1734375 0.3729166666666667 0.25625 0.2569444444444444
0 0.830859375 0.2951388888888889 0.07265625 0.15694444444444444
0 0.159765625 0.8111111111111111 0.31796875 0.37777777777777777
0 0.31015625 0.020833333333333332 0.040625 0.03611111111111111
0 0.209765625 0.03333333333333333 0.04609375 0.03611111111111111
0 0.2546875 0.025694444444444443 0.05 0.04027777777777778
0 0.365234375 0.030555555555555555 0.05390625 0.05555555555555555
0 0.473828125 0.035416666666666666 0.03359375 0.029166666666666667
0 0.495703125 0.035416666666666666 0.02890625 0.02361111111111111
0 0.5078125 0.021527777777777778 0.0609375 0.0375
0 0.656640625 0.25763888888888886 0.16328125 0.16527777777777777
0 0.845703125 0.19652777777777777 0.05234375 0.06805555555555555
0 0.72109375 0.14930555555555555 0.0859375 0.07916666666666666
0 0.701953125 0.09375 0.04296875 0.06805555555555555
0 0.753125 0.10833333333333334 0.021875 0.03333333333333333
0 0.793359375 0.10208333333333333 0.01953125 0.03194444444444444