0 0.118359375 0.26944444444444443 0.19453125 0.18888888888888888
0 0.33984375 0.1875 0.140625 0.12222222222222222
0 0.522265625 0.10625 0.06328125 0.12083333333333333
0 0.372265625 0.03680555555555556 0.03046875 0.034722222222222224
0 0.666015625 0.1 0.04140625 0.041666666666666664
0 0.47265625 0.03125 0.0296875 0.029166666666666667
0 0.23515625 0.030555555555555555 0.0515625 0.041666666666666664
0 0.1703125 0.03125 0.028125 0.03194444444444444
0 0.28515625 0.02361111111111111 0.0421875 0.03333333333333333
0 0.56015625 0.08333333333333333 0.028125 0.05277777777777778
0 0.7296875 0.17847222222222223 0.0671875 0.09305555555555556
0 0.794140625 0.17777777777777778 0.08671875 0.075
0 0.865625 0.21180555555555555 0.0125 0.04027777777777778
0 0.71875 0.10625 0.0421875 0.05694444444444444
0 0.7515625 0.10694444444444444 0.0171875 0.03888888888888889
0 0.76484375 0.1 0.015625 0.022222222222222223
0 0.793359375 0.09861111111111111 0.02109375 0.030555555555555555