0 0.1140625 0.43194444444444446 0.2265625 0.30833333333333335
0 0.399609375 0.28194444444444444 0.23359375 0.17222222222222222
0 0.544140625 0.08263888888888889 0.08203125 0.09027777777777778
0 0.84296875 0.2638888888888889 0.0515625 0.09166666666666666
0 0.583984375 0.18680555555555556 0.09921875 0.08472222222222223
0 0.64140625 0.25625 0.14375 0.13472222222222222
0 0.50234375 0.03611111111111111 0.028125 0.022222222222222223
0 0.675390625 0.1 0.03984375 0.041666666666666664
0 0.453125 0.11527777777777778 0.090625 0.11388888888888889
1 0.7828125 0.42569444444444443 0.065625 0.24027777777777778
0 0.72734375 0.13958333333333334 0.034375 0.07083333333333333
0 0.784375 0.18958333333333333 0.0734375 0.09861111111111111
0 0.463671875 0.03194444444444444 0.01640625 0.025