0 0.322265625 0.10069444444444445 0.08359375 0.06805555555555555
0 0.4765625 0.02638888888888889 0.04375 0.03611111111111111
0 0.3984375 0.0375 0.04375 0.044444444444444446
0 0.650390625 0.11180555555555556 0.03671875 0.05694444444444444
0 0.33203125 0.04791666666666667 0.0515625 0.0375
0 0.70546875 0.12430555555555556 0.03125 0.04861111111111111
0 0.823828125 0.2986111111111111 0.08671875 0.14444444444444443
0 0.361328125 0.04652777777777778 0.02890625 0.0375
0 0.36015625 0.03194444444444444 0.0234375 0.025
0 0.279296875 0.04027777777777778 0.02890625 0.03611111111111111
0 0.30078125 0.0375 0.0234375 0.027777777777777776
0 0.256640625 0.022222222222222223 0.06015625 0.03888888888888889
0 0.212109375 0.03611111111111111 0.04609375 0.03333333333333333
0 0.174609375 0.03194444444444444 0.03828125 0.030555555555555555