1 0.81875 0.4479166666666667 0.0515625 0.20972222222222223
0 0.490234375 0.24513888888888888 0.18828125 0.17083333333333334
0 0.403515625 0.04791666666666667 0.04765625 0.03194444444444444
0 0.655859375 0.11458333333333333 0.07578125 0.06527777777777778
0 0.5234375 0.15486111111111112 0.1078125 0.12638888888888888
0 0.180078125 0.07361111111111111 0.04765625 0.058333333333333334
0 0.326953125 0.09375 0.08359375 0.08472222222222223
0 0.186328125 0.02847222222222222 0.04609375 0.034722222222222224
0 0.28203125 0.03888888888888889 0.0359375 0.03888888888888889
0 0.2828125 0.025 0.0703125 0.044444444444444446
0 0.474609375 0.025 0.02578125 0.044444444444444446
0 0.711328125 0.12569444444444444 0.03359375 0.05138888888888889
0 0.708984375 0.09375 0.04140625 0.05416666666666667
0 0.796484375 0.17291666666666666 0.08515625 0.0763888888888889
0 0.796875 0.2902777777777778 0.15 0.15