1 0.76640625 0.42916666666666664 0.0640625 0.2611111111111111
0 0.065234375 0.39861111111111114 0.12890625 0.25
0 0.51953125 0.0798611111111111 0.0640625 0.04583333333333333
0 0.32734375 0.02638888888888889 0.0359375 0.03888888888888889
0 0.365234375 0.0375 0.04765625 0.03611111111111111
0 0.213671875 0.0375 0.04765625 0.03888888888888889
0 0.816796875 0.18194444444444444 0.07265625 0.058333333333333334
0 0.852734375 0.18055555555555555 0.04296875 0.06111111111111111
0 0.279296875 0.03888888888888889 0.03671875 0.03333333333333333
0 0.50703125 0.030555555555555555 0.034375 0.022222222222222223
0 0.7234375 0.11458333333333333 0.0296875 0.034722222222222224
0 0.752734375 0.11319444444444444 0.02578125 0.034722222222222224
0 0.786328125 0.10486111111111111 0.01796875 0.029166666666666667
0 0.804296875 0.09791666666666667 0.01484375 0.0125
0 0.388671875 0.03263888888888889 0.02109375 0.018055555555555554