0 0.372265625 0.29791666666666666 0.22734375 0.2013888888888889
0 0.037109375 0.23958333333333334 0.07265625 0.12638888888888888
0 0.812890625 0.29097222222222224 0.10390625 0.12361111111111112
0 0.569140625 0.14930555555555555 0.08984375 0.09027777777777778
0 0.159765625 0.8097222222222222 0.31796875 0.38055555555555554
0 0.291015625 0.029166666666666667 0.04453125 0.027777777777777776
0 0.36953125 0.035416666666666666 0.021875 0.03194444444444444
0 0.369140625 0.030555555555555555 0.04140625 0.030555555555555555
0 0.6078125 0.12222222222222222 0.046875 0.058333333333333334
0 0.205859375 0.035416666666666666 0.03515625 0.04027777777777778
0 0.502734375 0.03958333333333333 0.03046875 0.02361111111111111
0 0.695703125 0.11944444444444445 0.04296875 0.04722222222222222
0 0.728515625 0.11388888888888889 0.02421875 0.041666666666666664