1 0.1578125 0.13194444444444445 0.0171875 0.09166666666666666
0 0.191015625 0.34305555555555556 0.27578125 0.23333333333333334
0 0.3171875 0.02361111111111111 0.0453125 0.03333333333333333
0 0.63515625 0.10277777777777777 0.0453125 0.05
0 0.4796875 0.06805555555555555 0.0484375 0.03888888888888889
0 0.499609375 0.03333333333333333 0.03515625 0.022222222222222223
0 0.67578125 0.10555555555555556 0.0359375 0.03888888888888889
0 0.17890625 0.03125 0.0453125 0.034722222222222224
0 0.26328125 0.0375 0.0484375 0.03611111111111111
0 0.7015625 0.08263888888888889 0.040625 0.034722222222222224
0 0.708203125 0.11944444444444445 0.03984375 0.06111111111111111
0 0.744921875 0.11041666666666666 0.03359375 0.04861111111111111
0 0.76796875 0.10625 0.0234375 0.0375
0 0.8015625 0.10694444444444444 0.0171875 0.016666666666666666
0 0.858203125 0.20694444444444443 0.02734375 0.05277777777777778