0 0.176953125 0.23819444444444443 0.18984375 0.15694444444444444
0 0.036328125 0.24027777777777778 0.07109375 0.125
0 0.16171875 0.8125 0.321875 0.375
0 0.19375 0.02847222222222222 0.0484375 0.0375
0 0.233984375 0.02361111111111111 0.02890625 0.030555555555555555
0 0.245703125 0.03194444444444444 0.01015625 0.03611111111111111
0 0.2859375 0.03611111111111111 0.0359375 0.03611111111111111
0 0.303515625 0.02361111111111111 0.01953125 0.03333333333333333
0 0.3484375 0.034027777777777775 0.0671875 0.0625
0 0.384765625 0.03958333333333333 0.01640625 0.034722222222222224
0 0.40859375 0.030555555555555555 0.0234375 0.027777777777777776
0 0.468359375 0.034722222222222224 0.01796875 0.027777777777777776
0 0.506640625 0.0375 0.02421875 0.022222222222222223
0 0.70390625 0.10625 0.028125 0.043055555555555555
0 0.737890625 0.17222222222222222 0.06484375 0.08888888888888889
0 0.813671875 0.1673611111111111 0.11015625 0.11527777777777778
0 0.78828125 0.10694444444444444 0.0171875 0.027777777777777776