1 0.83125 0.44583333333333336 0.046875 0.2361111111111111
0 0.03671875 0.2388888888888889 0.071875 0.12777777777777777
0 0.388671875 0.043055555555555555 0.04921875 0.04722222222222222
0 0.621875 0.10902777777777778 0.0453125 0.05138888888888889
0 0.480078125 0.02847222222222222 0.04921875 0.04027777777777778
0 0.162890625 0.8104166666666667 0.32421875 0.37916666666666665
0 0.3515625 0.03680555555555556 0.034375 0.03194444444444444
0 0.6734375 0.14791666666666667 0.0453125 0.08472222222222223
0 0.313671875 0.03888888888888889 0.05390625 0.041666666666666664
0 0.164453125 0.03611111111111111 0.01484375 0.025
0 0.208203125 0.034027777777777775 0.04140625 0.034722222222222224
0 0.2375 0.024305555555555556 0.034375 0.029166666666666667
0 0.269140625 0.04027777777777778 0.05390625 0.03888888888888889
0 0.515234375 0.035416666666666666 0.02578125 0.018055555555555554
0 0.734765625 0.09722222222222222 0.03359375 0.05277777777777778
0 0.777734375 0.1111111111111111 0.02421875 0.03333333333333333