1 0.34296875 0.3458333333333333 0.0390625 0.2111111111111111
1 0.7328125 0.6798611111111111 0.0734375 0.40694444444444444
1 0.48828125 0.8895833333333333 0.165625 0.2152777777777778
1 0.53125 0.7375 0.0765625 0.2833333333333333
0 0.13125 0.2638888888888889 0.203125 0.18055555555555555
0 0.521484375 0.07152777777777777 0.06484375 0.04861111111111111
0 0.58046875 0.08958333333333333 0.0546875 0.04583333333333333
0 0.39296875 0.04236111111111111 0.04375 0.04027777777777778
0 0.342578125 0.03333333333333333 0.02890625 0.03333333333333333
0 0.30859375 0.03958333333333333 0.053125 0.04027777777777778
0 0.180078125 0.029861111111111113 0.04765625 0.02638888888888889
0 0.230078125 0.01875 0.05234375 0.03194444444444444
0 0.24140625 0.030555555555555555 0.0453125 0.04722222222222222
0 0.27109375 0.030555555555555555 0.021875 0.03333333333333333
0 0.393359375 0.02847222222222222 0.04140625 0.03194444444444444
0 0.6453125 0.11527777777777778 0.0875 0.058333333333333334
0 0.65 0.08958333333333333 0.09375 0.07083333333333333
0 0.7234375 0.12638888888888888 0.0328125 0.044444444444444446