0 0.134765625 0.36041666666666666 0.26171875 0.25972222222222224
0 0.35625 0.034027777777777775 0.034375 0.03194444444444444
0 0.49375 0.07013888888888889 0.0484375 0.043055555555555555
0 0.40546875 0.04583333333333333 0.0421875 0.03611111111111111
0 0.612109375 0.09861111111111111 0.06484375 0.09444444444444444
0 0.421875 0.1111111111111111 0.109375 0.10555555555555556
0 0.04765625 0.2951388888888889 0.09375 0.1986111111111111
0 0.494140625 0.035416666666666666 0.03046875 0.02361111111111111
0 0.201171875 0.034027777777777775 0.04453125 0.03194444444444444
0 0.2328125 0.025 0.03125 0.03888888888888889
0 0.677734375 0.09930555555555555 0.03671875 0.04027777777777778
0 0.72421875 0.10138888888888889 0.028125 0.03888888888888889
0 0.770703125 0.09930555555555555 0.02109375 0.03194444444444444
0 0.784765625 0.19375 0.08046875 0.08472222222222223
0 0.796484375 0.29930555555555555 0.14296875 0.15694444444444444
1 0.808203125 0.41388888888888886 0.06171875 0.19722222222222222
0 0.6125 0.14375 0.04375 0.09027777777777778