0 0.59296875 0.14791666666666667 0.0796875 0.0875
0 0.54140625 0.2638888888888889 0.184375 0.16944444444444445
0 0.0375 0.23819444444444443 0.0734375 0.12916666666666668
0 0.5390625 0.11666666666666667 0.0640625 0.06666666666666667
0 0.405078125 0.03194444444444444 0.03515625 0.03333333333333333
0 0.16328125 0.8097222222222222 0.325 0.38055555555555554
0 0.779296875 0.16458333333333333 0.08046875 0.0763888888888889
0 0.51796875 0.07777777777777778 0.0859375 0.07777777777777778
0 0.214453125 0.035416666666666666 0.04765625 0.03194444444444444
0 0.258203125 0.021527777777777778 0.05546875 0.0375
0 0.381640625 0.02847222222222222 0.02109375 0.03194444444444444
0 0.489453125 0.034027777777777775 0.03203125 0.02638888888888889
0 0.5703125 0.07916666666666666 0.03125 0.05
0 0.4515625 0.15625 0.096875 0.09027777777777778
0 0.865234375 0.19236111111111112 0.02578125 0.0625