0 0.5296875 0.14930555555555555 0.109375 0.08194444444444444
0 0.037109375 0.23819444444444443 0.07265625 0.12638888888888888
0 0.16171875 0.8104166666666667 0.321875 0.37916666666666665
0 0.23203125 0.025 0.0421875 0.03611111111111111
0 0.413671875 0.027083333333333334 0.01796875 0.029166666666666667
0 0.50703125 0.024305555555555556 0.0640625 0.043055555555555555
0 0.555078125 0.12152777777777778 0.07421875 0.06805555555555555
0 0.681640625 0.10416666666666667 0.04453125 0.04722222222222222
0 0.798046875 0.17847222222222223 0.09609375 0.07083333333333333
0 0.85625 0.18680555555555556 0.034375 0.06527777777777778
0 0.738671875 0.26805555555555555 0.17578125 0.1527777777777778