0 0.556640625 0.14166666666666666 0.06171875 0.10555555555555556
0 0.03671875 0.24027777777777778 0.071875 0.125
0 0.162890625 0.8125 0.32421875 0.375
0 0.669921875 0.10555555555555556 0.03984375 0.041666666666666664
0 0.345703125 0.049305555555555554 0.04921875 0.04027777777777778
0 0.5015625 0.03263888888888889 0.03125 0.020833333333333332
0 0.17734375 0.029166666666666667 0.0421875 0.03888888888888889
0 0.16328125 0.07083333333333333 0.0171875 0.05
0 0.227734375 0.029861111111111113 0.04453125 0.04583333333333333
0 0.285546875 0.029861111111111113 0.04765625 0.05694444444444444
0 0.334765625 0.02847222222222222 0.03828125 0.034722222222222224
0 0.469921875 0.03333333333333333 0.01953125 0.030555555555555555
0 0.742578125 0.26458333333333334 0.17578125 0.17916666666666667
0 0.733984375 0.16319444444444445 0.09765625 0.06527777777777778
0 0.7234375 0.11458333333333333 0.0328125 0.034722222222222224
0 0.865625 0.21388888888888888 0.015625 0.044444444444444446