0 0.503125 0.12152777777777778 0.0546875 0.07083333333333333
0 0.354296875 0.035416666666666666 0.04453125 0.0375
0 0.40859375 0.04652777777777778 0.034375 0.034722222222222224
0 0.48671875 0.06458333333333334 0.0453125 0.04027777777777778
0 0.279296875 0.03611111111111111 0.03515625 0.03333333333333333
0 0.228515625 0.03263888888888889 0.04140625 0.034722222222222224
0 0.669140625 0.10208333333333333 0.03515625 0.04583333333333333
0 0.696875 0.23194444444444445 0.1515625 0.14166666666666666
0 0.76875 0.20625 0.096875 0.12916666666666668
0 0.792578125 0.16180555555555556 0.06640625 0.059722222222222225
0 0.281640625 0.024305555555555556 0.04140625 0.04027777777777778
0 0.481640625 0.021527777777777778 0.04765625 0.04027777777777778
0 0.703125 0.11736111111111111 0.025 0.04027777777777778
0 0.733203125 0.11597222222222223 0.02265625 0.0375
0 0.75234375 0.11458333333333333 0.015625 0.029166666666666667
0 0.76640625 0.11319444444444444 0.0140625 0.02638888888888889
0 0.70078125 0.08611111111111111 0.021875 0.022222222222222223
0 0.782421875 0.08958333333333333 0.01171875 0.02361111111111111
0 0.798828125 0.1 0.01328125 0.016666666666666666