0 0.037109375 0.2388888888888889 0.07265625 0.12777777777777777
0 0.338671875 0.02847222222222222 0.03046875 0.034722222222222224
0 0.403125 0.052083333333333336 0.0640625 0.04861111111111111
0 0.163671875 0.8104166666666667 0.32578125 0.37916666666666665
0 0.358984375 0.03819444444444445 0.04140625 0.0375
0 0.180078125 0.0763888888888889 0.04609375 0.05555555555555555
0 0.232421875 0.029861111111111113 0.03828125 0.043055555555555555
0 0.28671875 0.03680555555555556 0.040625 0.04027777777777778
0 0.3828125 0.025 0.0359375 0.030555555555555555
0 0.49921875 0.03611111111111111 0.0375 0.019444444444444445
0 0.637109375 0.10833333333333334 0.06328125 0.05
0 0.672265625 0.10555555555555556 0.02578125 0.041666666666666664
0 0.71875 0.12291666666666666 0.034375 0.04861111111111111
0 0.832421875 0.1875 0.08046875 0.06944444444444445