0 0.545703125 0.17083333333333334 0.11953125 0.10555555555555556
0 0.515625 0.075 0.0625 0.04722222222222222
0 0.39453125 0.029861111111111113 0.040625 0.029166666666666667
0 0.3609375 0.029861111111111113 0.03125 0.02638888888888889
0 0.25234375 0.0375 0.04375 0.027777777777777776
0 0.1625 0.04027777777777778 0.0109375 0.025
0 0.337109375 0.016666666666666666 0.04609375 0.030555555555555555
0 0.675390625 0.11388888888888889 0.03515625 0.041666666666666664
0 0.72578125 0.11527777777777778 0.034375 0.03888888888888889
0 0.762890625 0.10972222222222222 0.02421875 0.03611111111111111
0 0.8078125 0.16597222222222222 0.0765625 0.0625
0 0.852734375 0.19305555555555556 0.03984375 0.07777777777777778