0 0.326953125 0.17777777777777778 0.13046875 0.125
0 0.03671875 0.23680555555555555 0.071875 0.12638888888888888
0 0.838671875 0.23402777777777778 0.06328125 0.09583333333333334
0 0.378515625 0.03194444444444444 0.03671875 0.030555555555555555
0 0.16171875 0.8104166666666667 0.321875 0.37916666666666665
0 0.408984375 0.029861111111111113 0.02421875 0.029166666666666667
0 0.625 0.10625 0.05 0.09861111111111111
0 0.5953125 0.09722222222222222 0.0234375 0.05
0 0.2046875 0.025 0.059375 0.04722222222222222
0 0.258203125 0.027777777777777776 0.03671875 0.030555555555555555
0 0.291796875 0.043055555555555555 0.04921875 0.03611111111111111
0 0.315625 0.021527777777777778 0.05625 0.04027777777777778
0 0.471875 0.035416666666666666 0.0296875 0.03194444444444444
0 0.512890625 0.034027777777777775 0.01640625 0.015277777777777777
0 0.721484375 0.12916666666666668 0.03984375 0.06111111111111111