1 0.776171875 0.4798611111111111 0.06796875 0.29583333333333334
1 0.201171875 0.13194444444444445 0.01328125 0.06111111111111111
0 0.54765625 0.08125 0.053125 0.04583333333333333
0 0.384765625 0.04097222222222222 0.04296875 0.0375
0 0.366015625 0.03333333333333333 0.03203125 0.03333333333333333
0 0.34609375 0.029861111111111113 0.0265625 0.029166666666666667
0 0.476953125 0.06041666666666667 0.03671875 0.04583333333333333
1 0.76015625 0.43680555555555556 0.04375 0.23194444444444445
0 0.21015625 0.03263888888888889 0.0453125 0.043055555555555555
0 0.280859375 0.034027777777777775 0.03203125 0.04027777777777778
0 0.3078125 0.034722222222222224 0.021875 0.03333333333333333
0 0.311328125 0.027777777777777776 0.02265625 0.041666666666666664
0 0.6296875 0.09375 0.1203125 0.10694444444444444
0 0.798828125 0.15555555555555556 0.07109375 0.06388888888888888
0 0.8484375 0.2013888888888889 0.046875 0.05555555555555555