0 0.037109375 0.2388888888888889 0.07265625 0.12777777777777777
0 0.54140625 0.13333333333333333 0.0515625 0.075
0 0.605078125 0.10555555555555556 0.05546875 0.058333333333333334
0 0.34765625 0.027777777777777776 0.0390625 0.027777777777777776
0 0.1609375 0.8152777777777778 0.3203125 0.36944444444444446
0 0.3953125 0.04236111111111111 0.0375 0.03194444444444444
0 0.4875 0.03611111111111111 0.025 0.022222222222222223
0 0.1765625 0.03263888888888889 0.0359375 0.03194444444444444
0 0.218359375 0.034027777777777775 0.04453125 0.0375
0 0.230078125 0.024305555555555556 0.04296875 0.0375
0 0.296484375 0.02847222222222222 0.03515625 0.0375
0 0.28515625 0.04097222222222222 0.0390625 0.034722222222222224
0 0.40703125 0.029861111111111113 0.028125 0.03194444444444444
0 0.384375 0.027777777777777776 0.021875 0.022222222222222223
0 0.467578125 0.03958333333333333 0.01640625 0.034722222222222224
0 0.509375 0.0375 0.028125 0.025
0 0.523046875 0.029861111111111113 0.03359375 0.02361111111111111
0 0.666796875 0.10277777777777777 0.03203125 0.044444444444444446
0 0.6890625 0.11736111111111111 0.0296875 0.04027777777777778
0 0.725 0.12083333333333333 0.0484375 0.1111111111111111
0 0.75390625 0.11388888888888889 0.0109375 0.03888888888888889
0 0.7984375 0.10347222222222222 0.0171875 0.020833333333333332