0 0.337109375 0.10416666666666667 0.08515625 0.08055555555555556
0 0.037109375 0.2375 0.07265625 0.125
0 0.5859375 0.09236111111111112 0.065625 0.04861111111111111
0 0.594921875 0.1361111111111111 0.07578125 0.06944444444444445
0 0.330859375 0.027083333333333334 0.03828125 0.02638888888888889
0 0.1578125 0.8118055555555556 0.3140625 0.3763888888888889
0 0.377734375 0.03888888888888889 0.03046875 0.03611111111111111
0 0.666796875 0.10277777777777777 0.03828125 0.03888888888888889
0 0.469140625 0.03611111111111111 0.02109375 0.025
0 0.169140625 0.035416666666666666 0.02734375 0.029166666666666667
0 0.21484375 0.029166666666666667 0.053125 0.05277777777777778
0 0.397265625 0.029166666666666667 0.04140625 0.03611111111111111
0 0.515234375 0.034722222222222224 0.02890625 0.022222222222222223
0 0.72265625 0.14444444444444443 0.08125 0.06388888888888888
0 0.72421875 0.09097222222222222 0.0375 0.05416666666666667
0 0.779296875 0.10902777777777778 0.02421875 0.0375
0 0.81953125 0.10625 0.0109375 0.020833333333333332