0 0.3484375 0.11666666666666667 0.0765625 0.07777777777777778
0 0.334765625 0.035416666666666666 0.03359375 0.03194444444444444
0 0.374609375 0.024305555555555556 0.04765625 0.043055555555555555
0 0.169140625 0.03263888888888889 0.02578125 0.03194444444444444
0 0.236328125 0.027083333333333334 0.03203125 0.034722222222222224
0 0.279296875 0.02847222222222222 0.03984375 0.04583333333333333
0 0.30859375 0.025 0.01875 0.030555555555555555
0 0.327734375 0.016666666666666666 0.01953125 0.013888888888888888
0 0.4703125 0.03888888888888889 0.021875 0.022222222222222223
0 0.48125 0.035416666666666666 0.0265625 0.02638888888888889
0 0.51328125 0.034722222222222224 0.0203125 0.008333333333333333
0 0.763671875 0.09305555555555556 0.02421875 0.03888888888888889
0 0.806640625 0.10555555555555556 0.01484375 0.016666666666666666