0 0.0375 0.23819444444444443 0.0734375 0.12638888888888888
0 0.298828125 0.04375 0.05234375 0.04027777777777778
0 0.16171875 0.8125 0.321875 0.375
0 0.3890625 0.03958333333333333 0.0421875 0.04027777777777778
0 0.660546875 0.11041666666666666 0.05859375 0.043055555555555555
0 0.20078125 0.027777777777777776 0.0328125 0.03611111111111111
0 0.2296875 0.03680555555555556 0.04375 0.043055555555555555
0 0.316015625 0.025 0.04453125 0.030555555555555555
0 0.34140625 0.018055555555555554 0.046875 0.03333333333333333
0 0.374609375 0.021527777777777778 0.02578125 0.02638888888888889
0 0.4125 0.03680555555555556 0.015625 0.02361111111111111
0 0.50078125 0.034027777777777775 0.0265625 0.02361111111111111
0 0.482421875 0.035416666666666666 0.01484375 0.020833333333333332
0 0.70546875 0.13333333333333333 0.0625 0.05277777777777778
0 0.73359375 0.09583333333333334 0.040625 0.06111111111111111
0 0.773828125 0.10694444444444444 0.01796875 0.03333333333333333
0 0.790625 0.10902777777777778 0.01875 0.02361111111111111
0 0.8515625 0.19027777777777777 0.04375 0.05555555555555555