0 0.34140625 0.1125 0.090625 0.08611111111111111
0 0.361328125 0.021527777777777778 0.03515625 0.029166666666666667
0 0.307421875 0.04027777777777778 0.04765625 0.025
0 0.663671875 0.1423611111111111 0.04453125 0.0625
0 0.47265625 0.034722222222222224 0.034375 0.022222222222222223
0 0.1609375 0.03333333333333333 0.0125 0.025
0 0.199609375 0.025 0.06015625 0.044444444444444446
0 0.300390625 0.02361111111111111 0.04140625 0.027777777777777776
0 0.767578125 0.08819444444444445 0.01953125 0.02638888888888889
0 0.792578125 0.09930555555555555 0.02109375 0.03194444444444444
0 0.253125 0.03194444444444444 0.0390625 0.030555555555555555
0 0.398828125 0.025694444444444443 0.03046875 0.02638888888888889