0 0.5765625 0.11180555555555556 0.05625 0.0763888888888889
0 0.344921875 0.043055555555555555 0.06328125 0.05
0 0.655078125 0.10416666666666667 0.04140625 0.041666666666666664
0 0.391015625 0.12777777777777777 0.08515625 0.08611111111111111
0 0.183984375 0.07083333333333333 0.05390625 0.058333333333333334
0 0.208203125 0.03333333333333333 0.04609375 0.03888888888888889
0 0.26953125 0.03958333333333333 0.05 0.04861111111111111
0 0.342578125 0.03263888888888889 0.08203125 0.0625
0 0.703515625 0.1736111111111111 0.04453125 0.08888888888888889
0 0.780859375 0.17708333333333334 0.07265625 0.07916666666666666
0 0.686328125 0.10486111111111111 0.02265625 0.04861111111111111
0 0.712109375 0.11319444444444444 0.03359375 0.05416666666666667
0 0.737109375 0.11527777777777778 0.02265625 0.044444444444444446
0 0.764453125 0.11597222222222223 0.02734375 0.0375