1 0.62734375 0.7361111111111112 0.1234375 0.3333333333333333
0 0.037109375 0.23819444444444443 0.07265625 0.12638888888888888
0 0.5171875 0.15555555555555556 0.1234375 0.1361111111111111
0 0.576171875 0.13055555555555556 0.06796875 0.06388888888888888
0 0.1578125 0.8104166666666667 0.3140625 0.37916666666666665
0 0.3796875 0.029861111111111113 0.034375 0.02638888888888889
0 0.6140625 0.1076388888888889 0.046875 0.05694444444444444
1 0.601953125 0.8868055555555555 0.14453125 0.22083333333333333
0 0.5015625 0.035416666666666666 0.03125 0.02361111111111111
0 0.342578125 0.027083333333333334 0.03984375 0.02361111111111111
0 0.34375 0.049305555555555554 0.0515625 0.04027777777777778
0 0.18359375 0.03263888888888889 0.0515625 0.03194444444444444
0 0.2265625 0.03333333333333333 0.0453125 0.044444444444444446
0 0.28671875 0.029166666666666667 0.0421875 0.05277777777777778
0 0.31875 0.02361111111111111 0.0203125 0.025
0 0.560546875 0.02638888888888889 0.05234375 0.025
0 0.7203125 0.13958333333333334 0.0328125 0.05416666666666667
0 0.719140625 0.10833333333333334 0.03046875 0.030555555555555555
1 0.364453125 0.9027777777777778 0.13046875 0.19444444444444445