1 0.74375 0.48680555555555555 0.071875 0.29305555555555557
0 0.03671875 0.2388888888888889 0.071875 0.12777777777777777
0 0.355078125 0.03888888888888889 0.03984375 0.03611111111111111
0 0.57890625 0.08888888888888889 0.0625 0.04722222222222222
0 0.163671875 0.8118055555555556 0.32578125 0.3763888888888889
0 0.830078125 0.3263888888888889 0.06796875 0.15555555555555556
0 0.390625 0.03263888888888889 0.0375 0.03194444444444444
0 0.480859375 0.06388888888888888 0.04765625 0.05
0 0.3875 0.11666666666666667 0.05 0.07777777777777778
0 0.299609375 0.021527777777777778 0.04140625 0.034722222222222224
0 0.17890625 0.034027777777777775 0.040625 0.034722222222222224
0 0.20859375 0.03819444444444445 0.04375 0.034722222222222224
0 0.24375 0.02638888888888889 0.0234375 0.027777777777777776
0 0.285546875 0.03819444444444445 0.03984375 0.029166666666666667
0 0.49375 0.034722222222222224 0.034375 0.022222222222222223
0 0.732421875 0.1451388888888889 0.08046875 0.06805555555555555
0 0.726953125 0.10902777777777778 0.03515625 0.03194444444444444
0 0.771875 0.1 0.0203125 0.027777777777777776