1 0.705078125 0.5236111111111111 0.06171875 0.2861111111111111
1 0.415625 0.28541666666666665 0.03125 0.19027777777777777
0 0.105078125 0.22569444444444445 0.18203125 0.1486111111111111
0 0.2640625 0.09583333333333334 0.071875 0.05277777777777778
0 0.478515625 0.16597222222222222 0.11796875 0.10972222222222222
0 0.03828125 0.5097222222222222 0.075 0.23333333333333334
0 0.64453125 0.10277777777777777 0.0609375 0.04722222222222222
0 0.3734375 0.0375 0.0328125 0.03333333333333333
0 0.33359375 0.029861111111111113 0.046875 0.04027777777777778
0 0.48046875 0.059027777777777776 0.0421875 0.04861111111111111
0 0.24453125 0.025694444444444443 0.046875 0.03194444444444444
0 0.482421875 0.02638888888888889 0.04921875 0.041666666666666664
0 0.8359375 0.18888888888888888 0.071875 0.06388888888888888
0 0.80859375 0.16041666666666668 0.078125 0.05694444444444444
0 0.7328125 0.16805555555555557 0.0984375 0.06944444444444445