0 0.092578125 0.26944444444444443 0.18359375 0.19166666666666668
0 0.16015625 0.8104166666666667 0.31875 0.37916666666666665
0 0.2921875 0.03888888888888889 0.0453125 0.030555555555555555
0 0.209765625 0.030555555555555555 0.03828125 0.058333333333333334
0 0.457421875 0.13541666666666666 0.07421875 0.09027777777777778
0 0.0359375 0.225 0.0703125 0.1
0 0.198046875 0.02361111111111111 0.05546875 0.041666666666666664
0 0.259375 0.03333333333333333 0.040625 0.03333333333333333
0 0.281640625 0.01875 0.06640625 0.034722222222222224
0 0.466796875 0.03263888888888889 0.01484375 0.0375
0 0.50859375 0.03680555555555556 0.0265625 0.015277777777777777
0 0.741015625 0.2 0.15546875 0.20277777777777778
0 0.83046875 0.20416666666666666 0.0703125 0.1111111111111111