0 0.070703125 0.3888888888888889 0.13984375 0.25
0 0.60859375 0.09305555555555556 0.0671875 0.04722222222222222
0 0.326953125 0.025694444444444443 0.03671875 0.04027777777777778
0 0.366796875 0.03819444444444445 0.05078125 0.04027777777777778
0 0.66953125 0.12013888888888889 0.0578125 0.05416666666666667
0 0.412109375 0.05277777777777778 0.03828125 0.03611111111111111
0 0.212109375 0.034027777777777775 0.04921875 0.034722222222222224
0 0.278515625 0.03819444444444445 0.03515625 0.0375
0 0.791015625 0.16458333333333333 0.07578125 0.05694444444444444
0 0.844140625 0.1736111111111111 0.04921875 0.04722222222222222
0 0.716796875 0.11319444444444444 0.02421875 0.034722222222222224
0 0.76171875 0.10694444444444444 0.0203125 0.03611111111111111