0 0.609375 0.10277777777777777 0.0671875 0.05
0 0.34453125 0.04375 0.0640625 0.05138888888888889
0 0.48515625 0.03263888888888889 0.0328125 0.02361111111111111
0 0.3953125 0.02847222222222222 0.03125 0.029166666666666667
0 0.16796875 0.02847222222222222 0.028125 0.0375
0 0.203515625 0.04027777777777778 0.03984375 0.03888888888888889
0 0.227734375 0.025 0.02265625 0.03333333333333333
0 0.26796875 0.03680555555555556 0.0453125 0.0375
0 0.329296875 0.02638888888888889 0.07890625 0.05
0 0.83203125 0.19166666666666668 0.078125 0.08333333333333333
0 0.71953125 0.125 0.0421875 0.05277777777777778
0 0.75625 0.10555555555555556 0.03125 0.05
0 0.79140625 0.10208333333333333 0.0265625 0.04861111111111111