1 0.7453125 0.6354166666666666 0.084375 0.39861111111111114
1 0.66015625 0.5902777777777778 0.0796875 0.3527777777777778
0 0.3796875 0.12708333333333333 0.078125 0.09305555555555556
0 0.367578125 0.03958333333333333 0.04609375 0.0375
0 0.545703125 0.07916666666666666 0.05703125 0.04722222222222222
0 0.28203125 0.08194444444444444 0.0875 0.075
0 0.830078125 0.1840277777777778 0.08671875 0.09027777777777778
0 0.008984375 0.5284722222222222 0.01640625 0.12083333333333333
0 0.2953125 0.027083333333333334 0.04375 0.04027777777777778
0 0.469921875 0.03263888888888889 0.03046875 0.029166666666666667
0 0.73046875 0.13541666666666666 0.0796875 0.07361111111111111