0 0.548828125 0.26319444444444445 0.21015625 0.17916666666666667
0 0.175390625 0.38680555555555557 0.30078125 0.24305555555555555
0 0.115625 0.2548611111111111 0.2234375 0.2847222222222222
0 0.2921875 0.09861111111111111 0.078125 0.058333333333333334
0 0.82265625 0.3076388888888889 0.0796875 0.12361111111111112
0 0.218359375 0.02361111111111111 0.03359375 0.03611111111111111
0 0.740234375 0.1638888888888889 0.06640625 0.075
0 0.859765625 0.24375 0.02109375 0.07083333333333333
0 0.705859375 0.12569444444444444 0.02890625 0.05138888888888889
0 0.719140625 0.10138888888888889 0.03046875 0.041666666666666664
0 0.808203125 0.10208333333333333 0.01640625 0.029166666666666667