0 0.5453125 0.15347222222222223 0.1140625 0.09305555555555556
0 0.39140625 0.04027777777777778 0.04375 0.03888888888888889
0 0.584765625 0.08472222222222223 0.08984375 0.06944444444444445
0 0.3 0.030555555555555555 0.04375 0.03333333333333333
0 0.369140625 0.03333333333333333 0.02578125 0.030555555555555555
0 0.257421875 0.022916666666666665 0.03359375 0.029166666666666667
0 0.3296875 0.02847222222222222 0.0171875 0.029166666666666667
0 0.394140625 0.024305555555555556 0.02421875 0.029166666666666667
0 0.5109375 0.03611111111111111 0.0234375 0.019444444444444445
0 0.6625 0.15416666666666667 0.0875 0.06666666666666667
0 0.779296875 0.16180555555555556 0.09140625 0.08194444444444444
0 0.73671875 0.10625 0.0375 0.06805555555555555
0 0.766015625 0.08958333333333333 0.02578125 0.043055555555555555