1 0.658984375 0.6548611111111111 0.08203125 0.3625
0 0.511328125 0.17708333333333334 0.11484375 0.10138888888888889
0 0.334765625 0.034027777777777775 0.03828125 0.034722222222222224
0 0.371484375 0.0375 0.03046875 0.03611111111111111
0 0.6390625 0.09236111111111112 0.059375 0.07916666666666666
0 0.27265625 0.027083333333333334 0.0453125 0.029166666666666667
1 0.498046875 0.30833333333333335 0.03828125 0.1527777777777778
0 0.687109375 0.16805555555555557 0.06171875 0.08611111111111111
0 0.17109375 0.03263888888888889 0.0328125 0.029166666666666667
0 0.41953125 0.05 0.025 0.03611111111111111
0 0.409765625 0.030555555555555555 0.01640625 0.030555555555555555