0 0.116015625 0.2222222222222222 0.17578125 0.1388888888888889
0 0.5484375 0.24444444444444444 0.190625 0.15555555555555556
0 0.342578125 0.08263888888888889 0.07578125 0.06527777777777778
0 0.162890625 0.8069444444444445 0.32421875 0.3861111111111111
0 0.37265625 0.034027777777777775 0.025 0.034722222222222224
0 0.43828125 0.022916666666666665 0.1125 0.04027777777777778
0 0.39296875 0.12361111111111112 0.0484375 0.06666666666666667
0 0.183984375 0.0798611111111111 0.05703125 0.06527777777777778
0 0.206640625 0.03194444444444444 0.03984375 0.030555555555555555
0 0.2359375 0.022916666666666665 0.0625 0.04027777777777778
0 0.48671875 0.04097222222222222 0.0328125 0.02361111111111111
0 0.751171875 0.17777777777777778 0.09296875 0.10833333333333334
0 0.836328125 0.1909722222222222 0.08046875 0.19305555555555556
0 0.751171875 0.09305555555555556 0.03203125 0.05555555555555555