0 0.33671875 0.11458333333333333 0.0921875 0.07916666666666666
0 0.356640625 0.29791666666666666 0.24140625 0.18472222222222223
0 0.078515625 0.4736111111111111 0.15546875 0.31666666666666665
0 0.49453125 0.11944444444444445 0.05 0.07222222222222222
0 0.6375 0.26666666666666666 0.153125 0.1527777777777778
0 0.658203125 0.14791666666666667 0.04296875 0.0625
0 0.469921875 0.03680555555555556 0.03046875 0.02361111111111111
0 0.67421875 0.0875 0.05625 0.06388888888888888
0 0.1953125 0.034027777777777775 0.0453125 0.043055555555555555
0 0.4078125 0.027083333333333334 0.0234375 0.03194444444444444
0 0.514453125 0.03958333333333333 0.02578125 0.020833333333333332
0 0.721875 0.1361111111111111 0.0390625 0.06111111111111111