0 0.4984375 0.2673611111111111 0.1796875 0.1625
0 0.62578125 0.13472222222222222 0.0859375 0.058333333333333334
0 0.16015625 0.8034722222222223 0.31875 0.39305555555555555
0 0.211328125 0.03611111111111111 0.04296875 0.03888888888888889
0 0.66796875 0.08819444444444445 0.05625 0.06805555555555555
0 0.29921875 0.02847222222222222 0.040625 0.029166666666666667
0 0.488671875 0.03194444444444444 0.02734375 0.03333333333333333
0 0.26015625 0.027083333333333334 0.0390625 0.03194444444444444
0 0.3625 0.029861111111111113 0.0515625 0.05694444444444444
0 0.46875 0.027083333333333334 0.0234375 0.0375
0 0.72265625 0.11875 0.034375 0.059722222222222225
0 0.78125 0.17083333333333334 0.0828125 0.07222222222222222
0 0.843359375 0.17569444444444443 0.05703125 0.06805555555555555
0 0.7703125 0.09444444444444444 0.0328125 0.06388888888888888
0 0.796484375 0.10555555555555556 0.01796875 0.025