0 0.279296875 0.30694444444444446 0.23515625 0.21944444444444444
0 0.497265625 0.07013888888888889 0.05859375 0.04861111111111111
0 0.37890625 0.02847222222222222 0.065625 0.05416666666666667
0 0.55703125 0.08125 0.053125 0.04861111111111111
0 0.813671875 0.2423611111111111 0.10859375 0.10972222222222222
0 0.30078125 0.03125 0.025 0.03194444444444444
0 0.494140625 0.034722222222222224 0.02421875 0.022222222222222223
0 0.16171875 0.07708333333333334 0.0171875 0.04861111111111111
0 0.6828125 0.13125 0.0703125 0.06527777777777778
0 0.71328125 0.11388888888888889 0.0203125 0.03888888888888889
0 0.781640625 0.09375 0.02265625 0.04027777777777778