0 0.533203125 0.12152777777777778 0.06015625 0.0625
0 0.790625 0.20277777777777778 0.1015625 0.13333333333333333
0 0.580078125 0.07916666666666666 0.08203125 0.07222222222222222
0 0.290625 0.027777777777777776 0.04375 0.027777777777777776
0 0.421875 0.16111111111111112 0.096875 0.09722222222222222
0 0.39453125 0.030555555555555555 0.0390625 0.027777777777777776
0 0.375 0.03611111111111111 0.0359375 0.03611111111111111
0 0.232421875 0.034722222222222224 0.04609375 0.03888888888888889
0 0.518359375 0.03680555555555556 0.02421875 0.018055555555555554
0 0.684765625 0.13125 0.04296875 0.0625
0 0.84765625 0.19305555555555556 0.0609375 0.06666666666666667
0 0.734765625 0.13402777777777777 0.05234375 0.05416666666666667
0 0.690625 0.08819444444444445 0.028125 0.0375
0 0.72578125 0.09583333333333334 0.0328125 0.03611111111111111
0 0.763671875 0.10416666666666667 0.02734375 0.03333333333333333
0 0.788671875 0.09791666666666667 0.01484375 0.03194444444444444