0 0.500390625 0.07222222222222222 0.05546875 0.044444444444444446
0 0.54765625 0.11875 0.065625 0.06805555555555555
0 0.375390625 0.03958333333333333 0.04140625 0.034722222222222224
0 0.602734375 0.15208333333333332 0.05546875 0.07361111111111111
0 0.606640625 0.09375 0.03984375 0.04027777777777778
0 0.45625 0.14097222222222222 0.109375 0.11805555555555555
0 0.48671875 0.03263888888888889 0.0265625 0.020833333333333332
0 0.779296875 0.19305555555555556 0.05703125 0.08055555555555556
0 0.67890625 0.09305555555555556 0.0453125 0.06944444444444445
0 0.25234375 0.035416666666666666 0.0453125 0.03194444444444444
0 0.198046875 0.03194444444444444 0.04296875 0.03888888888888889
0 0.72265625 0.14166666666666666 0.0328125 0.06666666666666667
0 0.77578125 0.09722222222222222 0.0171875 0.022222222222222223
0 0.7984375 0.10486111111111111 0.0125 0.020833333333333332
0 0.8109375 0.10138888888888889 0.0125 0.019444444444444445
0 0.4109375 0.024305555555555556 0.0171875 0.029166666666666667
0 0.35859375 0.024305555555555556 0.0265625 0.029166666666666667