1 0.60703125 0.8625 0.09375 0.23055555555555557
1 0.702734375 0.7819444444444444 0.07578125 0.2972222222222222
1 0.651171875 0.5791666666666667 0.08203125 0.18611111111111112
0 0.39296875 0.05625 0.0546875 0.04027777777777778
0 0.6296875 0.11180555555555556 0.071875 0.05138888888888889
0 0.298828125 0.04097222222222222 0.04609375 0.0375
0 0.2125 0.03680555555555556 0.0484375 0.03194444444444444
0 0.17578125 0.03194444444444444 0.040625 0.027777777777777776
0 0.25390625 0.030555555555555555 0.034375 0.030555555555555555
0 0.30859375 0.029166666666666667 0.0359375 0.027777777777777776
0 0.40625 0.030555555555555555 0.0375 0.03611111111111111
0 0.691015625 0.2361111111111111 0.16015625 0.14722222222222223
0 0.859375 0.3034722222222222 0.0140625 0.05416666666666667
0 0.784765625 0.1 0.01640625 0.027777777777777776
0 0.819140625 0.10069444444444445 0.01640625 0.03194444444444444