0 0.56484375 0.0875 0.0625 0.058333333333333334
0 0.342578125 0.04027777777777778 0.05859375 0.06388888888888888
0 0.2078125 0.029166666666666667 0.0375 0.030555555555555555
0 0.2546875 0.027083333333333334 0.0453125 0.034722222222222224
0 0.27890625 0.025694444444444443 0.0234375 0.02361111111111111
0 0.312890625 0.02361111111111111 0.02421875 0.027777777777777776
0 0.398046875 0.025 0.04453125 0.044444444444444446
0 0.482421875 0.03958333333333333 0.03671875 0.02361111111111111
0 0.4765625 0.027083333333333334 0.0265625 0.0125
0 0.524609375 0.02847222222222222 0.03359375 0.020833333333333332
0 0.66953125 0.09652777777777778 0.04375 0.04861111111111111
0 0.715234375 0.11944444444444445 0.02734375 0.041666666666666664
0 0.7765625 0.10555555555555556 0.01875 0.03611111111111111
0 0.798828125 0.10833333333333334 0.01640625 0.027777777777777776
0 0.777734375 0.1625 0.07265625 0.05555555555555555