0 0.532421875 0.07569444444444444 0.05703125 0.04583333333333333
0 0.484375 0.1423611111111111 0.0828125 0.09861111111111111
0 0.664453125 0.12708333333333333 0.06796875 0.05694444444444444
0 0.3796875 0.04236111111111111 0.0328125 0.029166666666666667
0 0.391015625 0.027777777777777776 0.03828125 0.027777777777777776
0 0.376953125 0.015277777777777777 0.05546875 0.027777777777777776
0 0.719140625 0.11736111111111111 0.03359375 0.05694444444444444
0 0.7734375 0.10972222222222222 0.021875 0.025
0 0.8171875 0.10486111111111111 0.015625 0.020833333333333332
0 0.770703125 0.08402777777777778 0.01953125 0.029166666666666667
0 0.680859375 0.09861111111111111 0.02421875 0.022222222222222223