0 0.31328125 0.025 0.0421875 0.027777777777777776
0 0.50078125 0.13194444444444445 0.1796875 0.16666666666666666
0 0.384765625 0.02361111111111111 0.05078125 0.041666666666666664
0 0.534375 0.0798611111111111 0.0515625 0.05694444444444444
0 0.682421875 0.09861111111111111 0.04609375 0.044444444444444446
0 0.161328125 0.03680555555555556 0.01015625 0.034722222222222224
0 0.169140625 0.027777777777777776 0.02109375 0.022222222222222223
0 0.205078125 0.029166666666666667 0.03203125 0.030555555555555555
0 0.2578125 0.02847222222222222 0.04375 0.03194444444444444
0 0.469140625 0.03263888888888889 0.01953125 0.03194444444444444
0 0.503515625 0.03680555555555556 0.02734375 0.015277777777777777
0 0.514453125 0.034027777777777775 0.01640625 0.009722222222222222
0 0.72109375 0.11666666666666667 0.03125 0.03611111111111111
0 0.75625 0.1486111111111111 0.0546875 0.05555555555555555