1 0.54453125 0.7569444444444444 0.1296875 0.4861111111111111
1 0.668359375 0.7430555555555556 0.11953125 0.5138888888888888
0 0.522265625 0.16944444444444445 0.12109375 0.11388888888888889
0 0.630859375 0.09652777777777778 0.07421875 0.059722222222222225
0 0.264453125 0.09166666666666666 0.07734375 0.04722222222222222
0 0.8203125 0.29930555555555555 0.0890625 0.14583333333333334
0 0.378125 0.06041666666666667 0.0546875 0.04027777777777778
0 0.49609375 0.034027777777777775 0.028125 0.020833333333333332
0 0.345703125 0.04861111111111111 0.04140625 0.030555555555555555
0 0.213671875 0.03333333333333333 0.04765625 0.030555555555555555
0 0.244921875 0.03125 0.01171875 0.034722222222222224
0 0.280859375 0.04097222222222222 0.02578125 0.034722222222222224
0 0.301171875 0.0375 0.02890625 0.03611111111111111
0 0.328125 0.034027777777777775 0.034375 0.029166666666666667
0 0.38125 0.025 0.0453125 0.03888888888888889
0 0.676953125 0.14583333333333334 0.09453125 0.08333333333333333
0 0.73203125 0.11875 0.0328125 0.07083333333333333