1 0.291796875 0.17430555555555555 0.02421875 0.10972222222222222
0 0.02421875 0.26944444444444443 0.046875 0.14166666666666666
0 0.60078125 0.22152777777777777 0.1421875 0.1375
0 0.310546875 0.0763888888888889 0.06640625 0.06111111111111111
0 0.3671875 0.02847222222222222 0.034375 0.02638888888888889
0 0.2203125 0.034722222222222224 0.053125 0.041666666666666664
0 0.29375 0.027083333333333334 0.0375 0.0375
0 0.31953125 0.02847222222222222 0.0234375 0.02638888888888889
0 0.7046875 0.11944444444444445 0.03125 0.05
0 0.846484375 0.1986111111111111 0.05546875 0.05555555555555555
0 0.858984375 0.27569444444444446 0.01328125 0.059722222222222225