1 0.829296875 0.45694444444444443 0.04921875 0.24444444444444444
0 0.118359375 0.42291666666666666 0.23515625 0.25972222222222224
0 0.58125 0.1909722222222222 0.13125 0.12638888888888888
0 0.38046875 0.11736111111111111 0.0921875 0.10694444444444444
0 0.62578125 0.09236111111111112 0.059375 0.08472222222222223
0 0.2734375 0.09166666666666666 0.0765625 0.06111111111111111
0 0.16171875 0.8138888888888889 0.321875 0.36944444444444446
0 0.194140625 0.05555555555555555 0.08046875 0.08888888888888889
0 0.47578125 0.030555555555555555 0.0328125 0.027777777777777776
0 0.60234375 0.14444444444444443 0.08125 0.08055555555555556
0 0.669921875 0.1 0.03984375 0.05555555555555555
0 0.84140625 0.25416666666666665 0.053125 0.08611111111111111