1 0.219140625 0.11666666666666667 0.01640625 0.09722222222222222
0 0.3375 0.15069444444444444 0.1796875 0.2847222222222222
0 0.03671875 0.2388888888888889 0.071875 0.125
0 0.53671875 0.10277777777777777 0.053125 0.06111111111111111
0 0.16015625 0.8138888888888889 0.31875 0.37222222222222223
0 0.62734375 0.12986111111111112 0.065625 0.06527777777777778
0 0.82890625 0.18958333333333333 0.08125 0.08194444444444444
0 0.48984375 0.034722222222222224 0.025 0.019444444444444445
0 0.16015625 0.07361111111111111 0.0125 0.041666666666666664
0 0.16875 0.03819444444444445 0.0265625 0.04027777777777778
0 0.21796875 0.034722222222222224 0.0484375 0.044444444444444446
0 0.27265625 0.03888888888888889 0.0234375 0.03888888888888889
0 0.284765625 0.0125 0.02578125 0.022222222222222223
0 0.474609375 0.13402777777777777 0.01171875 0.0763888888888889
0 0.722265625 0.11388888888888889 0.02890625 0.044444444444444446
0 0.76171875 0.1486111111111111 0.0546875 0.05277777777777778
0 0.748046875 0.10833333333333334 0.02890625 0.030555555555555555