0 0.599609375 0.16944444444444445 0.12578125 0.1111111111111111
0 0.379296875 0.0875 0.06640625 0.06944444444444445
0 0.367578125 0.029166666666666667 0.04140625 0.03333333333333333
0 0.309765625 0.025 0.04296875 0.027777777777777776
0 0.68515625 0.10138888888888889 0.034375 0.041666666666666664
0 0.7125 0.16458333333333333 0.0734375 0.07361111111111111
0 0.77890625 0.1625 0.06875 0.06666666666666667
0 0.78828125 0.10833333333333334 0.0203125 0.030555555555555555
0 0.51328125 0.034722222222222224 0.021875 0.019444444444444445
0 0.278125 0.02361111111111111 0.0265625 0.030555555555555555
0 0.204296875 0.027083333333333334 0.03359375 0.03194444444444444