1 0.75546875 0.46319444444444446 0.0703125 0.24305555555555555
0 0.498046875 0.11319444444444444 0.05546875 0.0763888888888889
0 0.569140625 0.09583333333333334 0.05859375 0.04722222222222222
0 0.8171875 0.1840277777777778 0.078125 0.07083333333333333
0 0.61796875 0.24583333333333332 0.1875 0.175
0 0.335546875 0.021527777777777778 0.03515625 0.02361111111111111
0 0.847265625 0.24583333333333332 0.04140625 0.08055555555555556
0 0.214453125 0.027083333333333334 0.07734375 0.05138888888888889
0 0.57421875 0.0763888888888889 0.0625 0.030555555555555555
0 0.6703125 0.2111111111111111 0.15625 0.15
0 0.7984375 0.10069444444444445 0.0171875 0.02638888888888889
0 0.778125 0.09861111111111111 0.0140625 0.022222222222222223
0 0.76171875 0.08472222222222223 0.015625 0.022222222222222223