1 0.719921875 0.5763888888888888 0.07734375 0.3611111111111111
0 0.587109375 0.2659722222222222 0.18046875 0.14027777777777778
0 0.653125 0.12291666666666666 0.0703125 0.06805555555555555
0 0.314453125 0.029166666666666667 0.04765625 0.03888888888888889
0 0.651171875 0.21736111111111112 0.11953125 0.12916666666666668
0 0.374609375 0.04027777777777778 0.03046875 0.030555555555555555
0 0.16640625 0.03333333333333333 0.025 0.030555555555555555
0 0.248828125 0.030555555555555555 0.04765625 0.03333333333333333
0 0.35390625 0.02013888888888889 0.0421875 0.034722222222222224
0 0.476953125 0.024305555555555556 0.03671875 0.04583333333333333
0 0.85703125 0.30486111111111114 0.0203125 0.07083333333333333
0 0.658984375 0.09236111111111112 0.02890625 0.018055555555555554
0 0.809765625 0.18055555555555555 0.08671875 0.07777777777777778