1 0.749609375 0.4618055555555556 0.06484375 0.26805555555555555
1 0.7140625 0.5152777777777777 0.06875 0.30833333333333335
0 0.607421875 0.09375 0.06796875 0.05416666666666667
0 0.487109375 0.07361111111111111 0.04921875 0.05
0 0.396484375 0.02847222222222222 0.03828125 0.03194444444444444
0 0.142578125 0.18541666666666667 0.28359375 0.36527777777777776
0 0.159765625 0.8159722222222222 0.31796875 0.3680555555555556
0 0.23359375 0.027777777777777776 0.040625 0.03333333333333333
0 0.325 0.022222222222222223 0.034375 0.030555555555555555
0 0.466015625 0.035416666666666666 0.01640625 0.02361111111111111
0 0.712109375 0.13819444444444445 0.06015625 0.0625
0 0.73046875 0.11180555555555556 0.0421875 0.04583333333333333
0 0.814453125 0.1597222222222222 0.05546875 0.041666666666666664
0 0.83359375 0.18958333333333333 0.0796875 0.08194444444444444
0 0.811328125 0.10069444444444445 0.02265625 0.0375