1 0.77734375 0.43680555555555556 0.05625 0.27361111111111114
0 0.227734375 0.21458333333333332 0.17265625 0.1763888888888889
0 0.52890625 0.0763888888888889 0.0609375 0.03888888888888889
0 0.566015625 0.2548611111111111 0.19296875 0.1375
0 0.037109375 0.2375 0.07265625 0.13055555555555556
0 0.396484375 0.030555555555555555 0.03671875 0.030555555555555555
0 0.547265625 0.12986111111111112 0.06796875 0.07083333333333333
0 0.82109375 0.1875 0.0828125 0.075
0 0.5015625 0.15347222222222223 0.0984375 0.08194444444444444
0 0.35234375 0.029166666666666667 0.059375 0.05555555555555555
0 0.1609375 0.8125 0.3203125 0.375
0 0.32109375 0.027083333333333334 0.0234375 0.029166666666666667
0 0.213671875 0.035416666666666666 0.04765625 0.034722222222222224
0 0.238671875 0.02847222222222222 0.02734375 0.029166666666666667
0 0.46640625 0.034722222222222224 0.0171875 0.03333333333333333
0 0.4953125 0.034722222222222224 0.03125 0.022222222222222223
0 0.69140625 0.09097222222222222 0.0515625 0.06805555555555555
0 0.78203125 0.10416666666666667 0.025 0.03611111111111111
1 0.75390625 0.4083333333333333 0.05 0.23055555555555557