0 0.037109375 0.23819444444444443 0.07265625 0.12638888888888888
0 0.1609375 0.8118055555555556 0.3203125 0.3763888888888889
0 0.384765625 0.02847222222222222 0.03828125 0.029166666666666667
0 0.34609375 0.050694444444444445 0.0515625 0.04027777777777778
0 0.1703125 0.03333333333333333 0.028125 0.027777777777777776
0 0.196875 0.02847222222222222 0.0328125 0.034722222222222224
0 0.22734375 0.030555555555555555 0.0453125 0.03611111111111111
0 0.286328125 0.029166666666666667 0.04453125 0.05277777777777778
0 0.31640625 0.025694444444444443 0.01875 0.029166666666666667
0 0.333984375 0.025694444444444443 0.02265625 0.02638888888888889
0 0.478125 0.025 0.040625 0.04722222222222222
0 0.72265625 0.20069444444444445 0.0734375 0.10138888888888889
0 0.771484375 0.1736111111111111 0.06640625 0.06944444444444445
0 0.86484375 0.21388888888888888 0.01875 0.03888888888888889
0 0.693359375 0.13472222222222222 0.03671875 0.058333333333333334
0 0.801953125 0.10486111111111111 0.01953125 0.029166666666666667
0 0.723828125 0.12152777777777778 0.02578125 0.04027777777777778