1 0.82265625 0.4284722222222222 0.05 0.2263888888888889
1 0.788671875 0.39861111111111114 0.06328125 0.225
0 0.351171875 0.18333333333333332 0.08671875 0.10277777777777777
0 0.037109375 0.23680555555555555 0.07265625 0.12916666666666668
0 0.28359375 0.09236111111111112 0.071875 0.0763888888888889
0 0.333203125 0.022222222222222223 0.04609375 0.03888888888888889
0 0.3015625 0.043055555555555555 0.05 0.03888888888888889
0 0.159765625 0.8145833333333333 0.31796875 0.37083333333333335
0 0.4 0.027083333333333334 0.0375 0.03194444444444444
0 0.625 0.1111111111111111 0.14375 0.13055555555555556
1 0.04609375 0.15486111111111112 0.0234375 0.043055555555555555
0 0.1890625 0.030555555555555555 0.046875 0.025
0 0.225390625 0.03958333333333333 0.04765625 0.0375
0 0.278125 0.027777777777777776 0.0265625 0.025
0 0.465234375 0.03888888888888889 0.01171875 0.027777777777777776
0 0.494921875 0.03333333333333333 0.03203125 0.025
0 0.709375 0.12083333333333333 0.0296875 0.05555555555555555
0 0.77734375 0.16458333333333333 0.0890625 0.0875