0 0.03671875 0.24027777777777778 0.071875 0.12777777777777777
0 0.575 0.10902777777777778 0.059375 0.05694444444444444
0 0.159765625 0.8125 0.31796875 0.375
0 0.332421875 0.03125 0.03984375 0.02638888888888889
0 0.375 0.04027777777777778 0.0296875 0.03333333333333333
0 0.502734375 0.034027777777777775 0.02734375 0.020833333333333332
0 0.67734375 0.12361111111111112 0.040625 0.04722222222222222
1 0.187890625 0.11458333333333333 0.01953125 0.08472222222222223
0 0.23671875 0.058333333333333334 0.1 0.10555555555555556
0 0.285546875 0.0375 0.02734375 0.03333333333333333
0 0.301171875 0.034027777777777775 0.02734375 0.034722222222222224
0 0.31875 0.013888888888888888 0.0375 0.022222222222222223
0 0.3921875 0.029861111111111113 0.034375 0.029166666666666667
0 0.465234375 0.03888888888888889 0.01796875 0.027777777777777776
0 0.679296875 0.09652777777777778 0.03359375 0.034722222222222224
0 0.755859375 0.10694444444444444 0.01953125 0.030555555555555555
0 0.78046875 0.10902777777777778 0.01875 0.03194444444444444
0 0.811328125 0.3013888888888889 0.10859375 0.1388888888888889