0 0.591796875 0.09791666666666667 0.06015625 0.04583333333333333
0 0.401953125 0.05416666666666667 0.04609375 0.05555555555555555
0 0.3375 0.029861111111111113 0.028125 0.04027777777777778
0 0.360546875 0.02847222222222222 0.02890625 0.03194444444444444
0 0.28828125 0.027083333333333334 0.0359375 0.02638888888888889
0 0.503515625 0.034027777777777775 0.02890625 0.020833333333333332
0 0.65078125 0.0875 0.05625 0.07222222222222222
0 0.381640625 0.03611111111111111 0.02734375 0.03333333333333333
0 0.190234375 0.02638888888888889 0.04453125 0.030555555555555555
0 0.463671875 0.0375 0.01171875 0.022222222222222223
0 0.730078125 0.12222222222222222 0.03828125 0.08333333333333333
0 0.8625 0.21041666666666667 0.01875 0.0375