0 0.037109375 0.23680555555555555 0.07265625 0.12361111111111112
0 0.160546875 0.8104166666666667 0.31953125 0.37916666666666665
0 0.79140625 0.2861111111111111 0.140625 0.15555555555555556
0 0.349609375 0.02361111111111111 0.03828125 0.022222222222222223
0 0.226171875 0.029861111111111113 0.04453125 0.04583333333333333
0 0.28828125 0.027777777777777776 0.040625 0.05
0 0.334765625 0.027777777777777776 0.02890625 0.022222222222222223
0 0.34453125 0.049305555555555554 0.0515625 0.043055555555555555
0 0.40859375 0.017361111111111112 0.0328125 0.03194444444444444
0 0.415625 0.035416666666666666 0.021875 0.02638888888888889
0 0.51015625 0.03333333333333333 0.03125 0.022222222222222223
0 0.844140625 0.19930555555555557 0.05859375 0.059722222222222225
0 0.728515625 0.16527777777777777 0.07890625 0.07222222222222222
0 0.701953125 0.12777777777777777 0.03203125 0.05
0 0.72734375 0.11666666666666667 0.0296875 0.041666666666666664
0 0.78046875 0.10138888888888889 0.015625 0.019444444444444445