1 0.380859375 0.5625 0.09296875 0.3527777777777778
1 0.706640625 0.6736111111111112 0.10234375 0.4305555555555556
0 0.169140625 0.24305555555555555 0.18359375 0.16666666666666666
0 0.372265625 0.30625 0.22421875 0.1763888888888889
0 0.540234375 0.1375 0.07421875 0.06944444444444445
0 0.64296875 0.1076388888888889 0.0390625 0.0625
0 0.03671875 0.2423611111111111 0.071875 0.12638888888888888
0 0.805859375 0.31805555555555554 0.11328125 0.1527777777777778
0 0.387109375 0.029861111111111113 0.05078125 0.03194444444444444
0 0.346875 0.05277777777777778 0.0515625 0.044444444444444446
0 0.0171875 0.46805555555555556 0.0328125 0.18611111111111112
0 0.16171875 0.8069444444444445 0.321875 0.3861111111111111
0 0.183203125 0.03333333333333333 0.04140625 0.027777777777777776
0 0.223828125 0.029861111111111113 0.04609375 0.04027777777777778
0 0.28671875 0.029861111111111113 0.04375 0.05416666666666667
0 0.471484375 0.034722222222222224 0.02421875 0.03611111111111111
0 0.51015625 0.03333333333333333 0.03125 0.016666666666666666
0 0.705859375 0.12569444444444444 0.03828125 0.05694444444444444