0 0.569140625 0.08541666666666667 0.08828125 0.0875
0 0.03671875 0.2388888888888889 0.071875 0.125
0 0.311328125 0.027083333333333334 0.03671875 0.029166666666666667
0 0.250390625 0.09444444444444444 0.06796875 0.044444444444444446
0 0.386328125 0.04097222222222222 0.05234375 0.043055555555555555
0 0.165234375 0.8104166666666667 0.32890625 0.37916666666666665
0 0.348828125 0.0375 0.03359375 0.030555555555555555
1 0.465234375 0.8902777777777777 0.14453125 0.21944444444444444
0 0.2046875 0.03263888888888889 0.0328125 0.04027777777777778
0 0.389453125 0.014583333333333334 0.03203125 0.020833333333333332
0 0.178515625 0.03263888888888889 0.01484375 0.020833333333333332
0 0.244140625 0.0375 0.05546875 0.03888888888888889
0 0.46796875 0.04027777777777778 0.015625 0.025
0 0.74296875 0.24444444444444444 0.1328125 0.11388888888888889
0 0.73515625 0.15625 0.0625 0.0763888888888889