0 0.33125 0.10694444444444444 0.09375 0.08611111111111111
0 0.504296875 0.10972222222222222 0.06640625 0.06666666666666667
0 0.375 0.029166666666666667 0.0421875 0.03611111111111111
0 0.64609375 0.10277777777777777 0.040625 0.04722222222222222
0 0.5046875 0.03333333333333333 0.0390625 0.025
0 0.332421875 0.02638888888888889 0.03515625 0.027777777777777776
0 0.41328125 0.03263888888888889 0.01875 0.02361111111111111
0 0.270703125 0.027083333333333334 0.04765625 0.04027777777777778
0 0.306640625 0.022916666666666665 0.02265625 0.02638888888888889
0 0.46796875 0.03263888888888889 0.01875 0.03194444444444444
0 0.673046875 0.2263888888888889 0.16328125 0.14166666666666666
0 0.72109375 0.13819444444444445 0.046875 0.059722222222222225
0 0.790234375 0.1076388888888889 0.02109375 0.029166666666666667