1 0.02890625 0.53125 0.05625 0.22916666666666666
0 0.814453125 0.1840277777777778 0.08828125 0.07361111111111111
0 0.56484375 0.16527777777777777 0.1296875 0.12222222222222222
0 0.6203125 0.25555555555555554 0.175 0.17222222222222222
0 0.161328125 0.7993055555555556 0.32109375 0.4013888888888889
0 0.1703125 0.03263888888888889 0.0296875 0.03194444444444444
0 0.209765625 0.034027777777777775 0.04296875 0.0375
0 0.27734375 0.025 0.025 0.03333333333333333
0 0.371484375 0.029861111111111113 0.05703125 0.05694444444444444
0 0.469921875 0.03333333333333333 0.02578125 0.030555555555555555
0 0.75625 0.09097222222222222 0.0296875 0.05138888888888889
0 0.794921875 0.10694444444444444 0.01484375 0.027777777777777776