1 0.65078125 0.525 0.096875 0.3055555555555556
1 0.75 0.5270833333333333 0.0765625 0.29305555555555557
0 0.384765625 0.1284722222222222 0.09140625 0.08194444444444444
0 0.403125 0.04236111111111111 0.0375 0.0375
0 0.351953125 0.03333333333333333 0.03359375 0.03333333333333333
0 0.60703125 0.10138888888888889 0.0609375 0.09722222222222222
0 0.6515625 0.10347222222222222 0.034375 0.05416666666666667
0 0.488671875 0.03333333333333333 0.02890625 0.022222222222222223
0 0.61796875 0.1486111111111111 0.0515625 0.08611111111111111
0 0.694140625 0.11041666666666666 0.03671875 0.04861111111111111
0 0.731640625 0.11180555555555556 0.02890625 0.05416666666666667