0 0.33203125 0.03611111111111111 0.0375 0.03611111111111111
0 0.561328125 0.08125 0.05546875 0.04861111111111111
0 0.501953125 0.07013888888888889 0.05078125 0.04583333333333333
0 0.7828125 0.20208333333333334 0.0765625 0.10972222222222222
0 0.472265625 0.0375 0.02734375 0.025
0 0.1875 0.07777777777777778 0.0625 0.05555555555555555
0 0.496875 0.0375 0.025 0.022222222222222223
0 0.168359375 0.03125 0.02421875 0.029166666666666667
0 0.227734375 0.027083333333333334 0.04453125 0.0375
0 0.380078125 0.03194444444444444 0.06171875 0.06111111111111111
0 0.71171875 0.11666666666666667 0.0328125 0.05
0 0.833984375 0.19166666666666668 0.07578125 0.08055555555555556