0 0.529296875 0.08888888888888889 0.05703125 0.05
0 0.402734375 0.04513888888888889 0.04296875 0.034722222222222224
0 0.3234375 0.027777777777777776 0.040625 0.030555555555555555
0 0.480859375 0.03611111111111111 0.04140625 0.025
0 0.679296875 0.10277777777777777 0.02578125 0.03611111111111111
0 0.736328125 0.16527777777777777 0.09609375 0.06111111111111111
0 0.230078125 0.03125 0.04296875 0.0375
0 0.191015625 0.03333333333333333 0.04609375 0.03333333333333333
0 0.5640625 0.08125 0.034375 0.0375
0 0.71171875 0.1125 0.0265625 0.03333333333333333
0 0.740625 0.11319444444444444 0.021875 0.03194444444444444
0 0.781640625 0.14444444444444443 0.04921875 0.044444444444444446
0 0.764453125 0.09375 0.01796875 0.03194444444444444
0 0.78515625 0.10625 0.0203125 0.02361111111111111