1 0.81875 0.41805555555555557 0.065625 0.24444444444444444
1 0.4890625 0.27708333333333335 0.0375 0.1736111111111111
0 0.516015625 0.09305555555555556 0.05859375 0.10277777777777777
0 0.03671875 0.2388888888888889 0.071875 0.12777777777777777
0 0.159765625 0.8131944444444444 0.31796875 0.3736111111111111
0 0.641015625 0.15625 0.06171875 0.09027777777777778
0 0.369140625 0.02847222222222222 0.03515625 0.02361111111111111
0 0.1625 0.06944444444444445 0.015625 0.04722222222222222
0 0.181640625 0.030555555555555555 0.03203125 0.027777777777777776
0 0.215234375 0.035416666666666666 0.04296875 0.04583333333333333
0 0.2421875 0.03194444444444444 0.0140625 0.025
0 0.2796875 0.04097222222222222 0.028125 0.034722222222222224
0 0.295703125 0.03333333333333333 0.03046875 0.03333333333333333
0 0.306640625 0.02638888888888889 0.03828125 0.03888888888888889
0 0.34609375 0.030555555555555555 0.0421875 0.05
0 0.411328125 0.030555555555555555 0.01953125 0.03333333333333333
0 0.494921875 0.029861111111111113 0.04296875 0.03194444444444444
0 0.663671875 0.12013888888888889 0.07421875 0.05416666666666667
0 0.71875 0.11736111111111111 0.03125 0.04583333333333333
0 0.8375 0.25625 0.0609375 0.09861111111111111