0 0.645703125 0.21597222222222223 0.13984375 0.15416666666666667
0 0.491796875 0.06666666666666667 0.05703125 0.04722222222222222
0 0.826953125 0.23541666666666666 0.08203125 0.09583333333333334
0 0.38046875 0.03194444444444444 0.021875 0.03611111111111111
0 0.826953125 0.19236111111111112 0.08828125 0.07083333333333333
0 0.299609375 0.035416666666666666 0.03359375 0.029166666666666667
0 0.803125 0.17847222222222223 0.04375 0.04027777777777778
0 0.165234375 0.0375 0.01796875 0.030555555555555555
0 0.193359375 0.03125 0.03828125 0.0375
0 0.260546875 0.03680555555555556 0.04296875 0.029166666666666667
0 0.41640625 0.03194444444444444 0.0140625 0.025