0 0.3453125 0.10902777777777778 0.0796875 0.07083333333333333
0 0.415234375 0.20694444444444443 0.13828125 0.12222222222222222
0 0.499609375 0.07291666666666667 0.05234375 0.04861111111111111
0 0.358203125 0.03611111111111111 0.03828125 0.03333333333333333
0 0.48828125 0.13958333333333334 0.0359375 0.08472222222222223
0 0.625 0.09930555555555555 0.075 0.09305555555555556
0 0.407421875 0.044444444444444446 0.03203125 0.03611111111111111
0 0.509375 0.034027777777777775 0.0234375 0.020833333333333332
0 0.604296875 0.12916666666666668 0.04453125 0.08611111111111111
0 0.768359375 0.18611111111111112 0.05859375 0.09166666666666666
0 0.2390625 0.035416666666666666 0.0390625 0.03194444444444444
0 0.17421875 0.03611111111111111 0.0421875 0.041666666666666664
0 0.21328125 0.03194444444444444 0.01875 0.03333333333333333
0 0.40078125 0.022222222222222223 0.028125 0.019444444444444445
0 0.469921875 0.03263888888888889 0.02421875 0.02638888888888889
0 0.7171875 0.13125 0.034375 0.04861111111111111
0 0.7421875 0.09583333333333334 0.0171875 0.03888888888888889
0 0.770703125 0.10486111111111111 0.01953125 0.029166666666666667
0 0.79765625 0.10069444444444445 0.01875 0.02361111111111111