1 0.235546875 0.11736111111111111 0.01640625 0.09305555555555556
0 0.373828125 0.11805555555555555 0.08515625 0.075
0 0.39765625 0.043055555555555555 0.0390625 0.03611111111111111
0 0.309765625 0.02847222222222222 0.04765625 0.0375
0 0.800390625 0.28541666666666665 0.12734375 0.15694444444444444
0 0.365234375 0.03194444444444444 0.03359375 0.030555555555555555
0 0.179296875 0.06527777777777778 0.05078125 0.04722222222222222
0 0.256640625 0.025694444444444443 0.03671875 0.03194444444444444
0 0.369140625 0.03263888888888889 0.01796875 0.034722222222222224
0 0.484765625 0.03333333333333333 0.03359375 0.027777777777777776
0 0.503125 0.03263888888888889 0.0234375 0.020833333333333332
0 0.741015625 0.16597222222222222 0.10078125 0.07361111111111111
0 0.793359375 0.14652777777777778 0.09921875 0.09583333333333334