1 0.737890625 0.5041666666666667 0.06796875 0.2916666666666667
0 0.11953125 0.44375 0.2375 0.2791666666666667
0 0.275 0.09861111111111111 0.0796875 0.05555555555555555
0 0.637890625 0.10694444444444444 0.06015625 0.05
0 0.80859375 0.2569444444444444 0.11875 0.16944444444444445
0 0.376171875 0.050694444444444445 0.04453125 0.0375
0 0.341015625 0.030555555555555555 0.03203125 0.03611111111111111
0 0.405078125 0.025 0.03046875 0.025
0 0.182421875 0.03611111111111111 0.04453125 0.03333333333333333
0 0.2109375 0.022916666666666665 0.025 0.02638888888888889
0 0.278125 0.03333333333333333 0.0421875 0.03611111111111111
0 0.47265625 0.06736111111111111 0.0421875 0.043055555555555555
0 0.739453125 0.1423611111111111 0.09140625 0.059722222222222225
0 0.669140625 0.10486111111111111 0.03203125 0.043055555555555555
0 0.412890625 0.059027777777777776 0.03046875 0.04027777777777778
0 0.372265625 0.024305555555555556 0.02109375 0.015277777777777777
0 0.32578125 0.024305555555555556 0.0203125 0.03194444444444444
0 0.358203125 0.0125 0.03515625 0.019444444444444445