1 0.635546875 0.35833333333333334 0.04140625 0.21388888888888888
1 0.52734375 0.7395833333333334 0.0859375 0.32916666666666666
0 0.37109375 0.16597222222222222 0.096875 0.09861111111111111
0 0.521875 0.07152777777777777 0.0640625 0.04861111111111111
0 0.3921875 0.04236111111111111 0.04375 0.04027777777777778
0 0.583984375 0.09027777777777778 0.05078125 0.041666666666666664
0 0.3109375 0.04583333333333333 0.0640625 0.05
0 0.65546875 0.09375 0.1 0.0763888888888889
0 0.345703125 0.03333333333333333 0.02109375 0.03333333333333333
0 0.233203125 0.03125 0.03359375 0.04027777777777778
0 0.273828125 0.03333333333333333 0.01640625 0.03611111111111111
0 0.30703125 0.0375 0.053125 0.05
0 0.43984375 0.052083333333333336 0.053125 0.034722222222222224
0 0.4984375 0.03611111111111111 0.0328125 0.022222222222222223
0 0.72578125 0.11875 0.0328125 0.04861111111111111
0 0.80390625 0.16944444444444445 0.0875 0.08333333333333333
1 0.4984375 0.9270833333333334 0.134375 0.14583333333333334