0 0.26875 0.32916666666666666 0.2671875 0.22777777777777777
0 0.5125 0.15138888888888888 0.1015625 0.09444444444444444
0 0.251953125 0.19027777777777777 0.16953125 0.10833333333333334
0 0.346875 0.04236111111111111 0.059375 0.05138888888888889
0 0.210546875 0.034027777777777775 0.04296875 0.034722222222222224
0 0.509375 0.07013888888888889 0.0390625 0.0625
0 0.4796875 0.07291666666666667 0.0390625 0.05694444444444444
0 0.408984375 0.03333333333333333 0.02265625 0.041666666666666664
0 0.337109375 0.034027777777777775 0.07890625 0.06527777777777778
0 0.26875 0.03958333333333333 0.0578125 0.04861111111111111
0 0.755859375 0.17152777777777778 0.10078125 0.09027777777777778
0 0.719140625 0.11805555555555555 0.04296875 0.05