0 0.03671875 0.2388888888888889 0.071875 0.125
0 0.601171875 0.24444444444444444 0.19140625 0.15833333333333333
0 0.499609375 0.07291666666666667 0.05390625 0.04583333333333333
0 0.33828125 0.03125 0.0296875 0.0375
0 0.659765625 0.1111111111111111 0.07578125 0.06111111111111111
0 0.16171875 0.8111111111111111 0.321875 0.37777777777777777
0 0.404296875 0.034722222222222224 0.03046875 0.030555555555555555
0 0.28828125 0.03611111111111111 0.0421875 0.044444444444444446
0 0.206640625 0.025 0.02109375 0.041666666666666664
0 0.233203125 0.03125 0.03828125 0.04027777777777778
0 0.30078125 0.02847222222222222 0.03125 0.04027777777777778
0 0.4953125 0.03611111111111111 0.0328125 0.022222222222222223
0 0.727734375 0.11597222222222223 0.02890625 0.04027777777777778
0 0.846875 0.18472222222222223 0.053125 0.058333333333333334