1 0.722265625 0.4625 0.05859375 0.25555555555555554
1 0.763671875 0.5208333333333334 0.06484375 0.3
1 0.83125 0.45625 0.0515625 0.23194444444444445
1 0.774609375 0.3729166666666667 0.03828125 0.10138888888888889
0 0.4890625 0.25277777777777777 0.1734375 0.18333333333333332
0 0.809375 0.24930555555555556 0.1140625 0.11527777777777778
0 0.2578125 0.08611111111111111 0.071875 0.06388888888888888
0 0.16171875 0.8069444444444445 0.321875 0.3861111111111111
0 0.308984375 0.021527777777777778 0.03046875 0.02361111111111111
0 0.210546875 0.03263888888888889 0.04453125 0.034722222222222224
0 0.2578125 0.02638888888888889 0.0421875 0.03333333333333333
0 0.497265625 0.03263888888888889 0.02890625 0.018055555555555554
0 0.526171875 0.034027777777777775 0.02421875 0.020833333333333332
0 0.5234375 0.16458333333333333 0.1015625 0.1125
0 0.665234375 0.1486111111111111 0.03515625 0.06666666666666667
0 0.66015625 0.08402777777777778 0.10625 0.0875
0 0.794140625 0.18888888888888888 0.06484375 0.06944444444444445