1 0.70234375 0.5534722222222223 0.075 0.31805555555555554
0 0.03671875 0.23958333333333334 0.071875 0.12638888888888888
0 0.3875 0.04375 0.053125 0.04583333333333333
0 0.587109375 0.12222222222222222 0.04765625 0.06111111111111111
0 0.351171875 0.034722222222222224 0.03671875 0.03611111111111111
0 0.160546875 0.8131944444444444 0.31953125 0.3736111111111111
0 0.308203125 0.025 0.03671875 0.030555555555555555
0 0.192578125 0.029861111111111113 0.04765625 0.02638888888888889
0 0.240234375 0.02361111111111111 0.02578125 0.022222222222222223
0 0.242578125 0.03333333333333333 0.01953125 0.027777777777777776
0 0.2671875 0.04097222222222222 0.0515625 0.034722222222222224
0 0.505859375 0.03819444444444445 0.03046875 0.015277777777777777
0 0.46640625 0.044444444444444446 0.0140625 0.019444444444444445
0 0.67890625 0.09166666666666666 0.0578125 0.06666666666666667
0 0.73515625 0.11597222222222223 0.021875 0.0375