0 0.558203125 0.175 0.13046875 0.12222222222222222
0 0.398046875 0.03680555555555556 0.04140625 0.043055555555555555
0 0.328515625 0.04791666666666667 0.05234375 0.04027777777777778
0 0.484765625 0.029166666666666667 0.05078125 0.03888888888888889
0 0.823046875 0.3034722222222222 0.07890625 0.1486111111111111
0 0.170703125 0.0375 0.02734375 0.03333333333333333
0 0.2234375 0.03125 0.0375 0.029166666666666667
0 0.262890625 0.03680555555555556 0.04765625 0.029166666666666667
0 0.291015625 0.03611111111111111 0.03046875 0.03333333333333333
0 0.36015625 0.04652777777777778 0.0265625 0.04583333333333333
0 0.66640625 0.15833333333333333 0.0625 0.08888888888888889
0 0.7328125 0.1736111111111111 0.0546875 0.07777777777777778
0 0.729296875 0.12708333333333333 0.07265625 0.043055555555555555