0 0.03671875 0.2375 0.071875 0.125
0 0.62578125 0.10555555555555556 0.046875 0.05
0 0.50390625 0.1638888888888889 0.096875 0.09444444444444444
0 0.554296875 0.13402777777777777 0.07109375 0.06805555555555555
0 0.375 0.04652777777777778 0.0484375 0.04583333333333333
0 0.29921875 0.02638888888888889 0.0421875 0.03888888888888889
0 0.16015625 0.8131944444444444 0.31875 0.3736111111111111
0 0.6828125 0.09236111111111112 0.046875 0.05694444444444444
0 0.48984375 0.07708333333333334 0.046875 0.04583333333333333
0 0.400390625 0.03263888888888889 0.03515625 0.02638888888888889
0 0.2171875 0.027083333333333334 0.053125 0.04861111111111111
0 0.166015625 0.03611111111111111 0.01953125 0.027777777777777776
0 0.28046875 0.06875 0.0671875 0.05416666666666667
0 0.365625 0.025 0.03125 0.025
0 0.49375 0.035416666666666666 0.0328125 0.029166666666666667
0 0.705859375 0.12222222222222222 0.03046875 0.044444444444444446
0 0.7515625 0.11319444444444444 0.03125 0.043055555555555555
0 0.796875 0.10694444444444444 0.01875 0.027777777777777776
0 0.713671875 0.09652777777777778 0.02265625 0.0375