0 0.116796875 0.27361111111111114 0.20234375 0.18888888888888888
0 0.50234375 0.14583333333333334 0.078125 0.09166666666666666
0 0.38515625 0.04236111111111111 0.0484375 0.0375
0 0.34296875 0.027777777777777776 0.034375 0.025
0 0.036328125 0.2388888888888889 0.07109375 0.125
0 0.16171875 0.8111111111111111 0.321875 0.37777777777777777
0 0.659375 0.10416666666666667 0.040625 0.03888888888888889
0 0.262109375 0.02847222222222222 0.04296875 0.029166666666666667
0 0.523828125 0.034027777777777775 0.02734375 0.020833333333333332
0 0.7296875 0.14583333333333334 0.0859375 0.05555555555555555
0 0.70859375 0.10277777777777777 0.0375 0.04722222222222222
0 0.77421875 0.10625 0.021875 0.029166666666666667
0 0.76640625 0.0875 0.028125 0.030555555555555555