0 0.28828125 0.19930555555555557 0.159375 0.14583333333333334
0 0.03671875 0.2388888888888889 0.071875 0.12777777777777777
0 0.1578125 0.8173611111111111 0.3140625 0.36527777777777776
0 0.376171875 0.03194444444444444 0.03515625 0.03333333333333333
0 0.2515625 0.02638888888888889 0.0609375 0.05
0 0.169140625 0.03125 0.02734375 0.02638888888888889
0 0.2 0.029166666666666667 0.0234375 0.030555555555555555
0 0.218359375 0.025694444444444443 0.01796875 0.04027777777777778
0 0.292578125 0.025694444444444443 0.02421875 0.03194444444444444
0 0.357421875 0.025694444444444443 0.02265625 0.029166666666666667
0 0.409375 0.021527777777777778 0.021875 0.03194444444444444
0 0.478125 0.0375 0.0375 0.027777777777777776
0 0.513671875 0.03333333333333333 0.02265625 0.019444444444444445
0 0.705859375 0.14166666666666666 0.07734375 0.058333333333333334
0 0.7734375 0.15 0.0625 0.058333333333333334
0 0.759375 0.09930555555555555 0.0171875 0.02638888888888889
0 0.804296875 0.10555555555555556 0.01328125 0.019444444444444445