1 0.725390625 0.6784722222222223 0.08828125 0.3819444444444444
1 0.173046875 0.12083333333333333 0.01640625 0.08333333333333333
0 0.284765625 0.09722222222222222 0.07578125 0.04722222222222222
0 0.39609375 0.027777777777777776 0.04375 0.03333333333333333
0 0.40234375 0.17777777777777778 0.1328125 0.1
0 0.50078125 0.07708333333333334 0.053125 0.04583333333333333
0 0.35390625 0.03263888888888889 0.0265625 0.03194444444444444
0 0.296875 0.04375 0.0546875 0.04583333333333333
0 0.330078125 0.022916666666666665 0.03359375 0.0375
0 0.21953125 0.05277777777777778 0.0671875 0.06111111111111111
0 0.48046875 0.05694444444444444 0.0453125 0.03611111111111111
0 0.485546875 0.034027777777777775 0.02734375 0.020833333333333332
0 0.673828125 0.1736111111111111 0.09609375 0.09722222222222222
0 0.720703125 0.125 0.03828125 0.04722222222222222
0 0.851171875 0.20208333333333334 0.04453125 0.04861111111111111