0 0.51171875 0.0798611111111111 0.065625 0.05138888888888889
0 0.367578125 0.034722222222222224 0.02578125 0.03611111111111111
0 0.649609375 0.1 0.03671875 0.041666666666666664
0 0.24140625 0.027777777777777776 0.0359375 0.03888888888888889
0 0.469921875 0.02847222222222222 0.02109375 0.03194444444444444
0 0.680859375 0.10069444444444445 0.02890625 0.04027777777777778
0 0.70078125 0.08611111111111111 0.0359375 0.041666666666666664
0 0.7203125 0.13819444444444445 0.0703125 0.07083333333333333
0 0.772265625 0.10138888888888889 0.02421875 0.03888888888888889
0 0.799609375 0.10486111111111111 0.01640625 0.02361111111111111
0 0.820703125 0.10277777777777777 0.01328125 0.022222222222222223