1 0.677734375 0.5743055555555555 0.07421875 0.3263888888888889
1 0.28125 0.12777777777777777 0.01875 0.10555555555555556
1 0.693359375 0.7006944444444444 0.05546875 0.22083333333333333
0 0.0375 0.2388888888888889 0.0734375 0.12777777777777777
0 0.54609375 0.23680555555555555 0.19375 0.17083333333333334
0 0.837890625 0.24513888888888888 0.06484375 0.10416666666666667
0 0.63515625 0.10416666666666667 0.0453125 0.04722222222222222
0 0.162109375 0.8097222222222222 0.32265625 0.38055555555555554
0 0.8140625 0.1840277777777778 0.0875 0.0625
0 0.1625 0.035416666666666666 0.0125 0.02361111111111111
0 0.22109375 0.030555555555555555 0.046875 0.041666666666666664
0 0.2875 0.035416666666666666 0.0390625 0.0375
0 0.34765625 0.034027777777777775 0.0734375 0.0625
0 0.39453125 0.04861111111111111 0.0234375 0.04722222222222222
0 0.407421875 0.013194444444444444 0.01640625 0.02361111111111111
0 0.46796875 0.034722222222222224 0.021875 0.027777777777777776
0 0.507421875 0.03680555555555556 0.02578125 0.015277777777777777
0 0.49375 0.13125 0.0390625 0.043055555555555555
0 0.723828125 0.11180555555555556 0.04921875 0.06527777777777778