0 0.34296875 0.1701388888888889 0.0953125 0.13194444444444445
0 0.03671875 0.23819444444444443 0.071875 0.12638888888888888
0 0.3765625 0.04652777777777778 0.04375 0.043055555555555555
0 0.587109375 0.25833333333333336 0.20078125 0.1388888888888889
0 0.475 0.03611111111111111 0.0421875 0.025
0 0.1625 0.8111111111111111 0.3234375 0.37777777777777777
0 0.404296875 0.034027777777777775 0.03046875 0.0375
0 0.3296875 0.05277777777777778 0.046875 0.044444444444444446
0 0.77890625 0.28680555555555554 0.159375 0.14305555555555555
0 0.21640625 0.02638888888888889 0.053125 0.04722222222222222
0 0.269140625 0.022222222222222223 0.05234375 0.03888888888888889
0 0.344921875 0.02638888888888889 0.04296875 0.030555555555555555
0 0.696484375 0.12361111111111112 0.05703125 0.05277777777777778