1 0.808203125 0.44166666666666665 0.04609375 0.23055555555555557
1 0.5921875 0.7763888888888889 0.0984375 0.4305555555555556
1 0.6609375 0.6270833333333333 0.0859375 0.3402777777777778
0 0.60234375 0.25555555555555554 0.18125 0.19166666666666668
0 0.231640625 0.08055555555555556 0.07578125 0.06944444444444445
0 0.157421875 0.8138888888888889 0.31328125 0.37222222222222223
1 0.04296875 0.625 0.08125 0.12777777777777777
0 0.2109375 0.030555555555555555 0.0453125 0.030555555555555555
0 0.235546875 0.022916666666666665 0.02578125 0.029166666666666667
0 0.4578125 0.04236111111111111 0.08125 0.06805555555555555
0 0.73984375 0.18958333333333333 0.1 0.09861111111111111
0 0.77890625 0.09027777777777778 0.01875 0.03611111111111111