0 0.326953125 0.34305555555555556 0.26328125 0.21666666666666667
0 0.5234375 0.2513888888888889 0.1625 0.1527777777777778
0 0.344140625 0.043055555555555555 0.06328125 0.05
0 0.023828125 0.2638888888888889 0.04609375 0.13333333333333333
0 0.82890625 0.30833333333333335 0.071875 0.14166666666666666
0 0.490234375 0.10208333333333333 0.03828125 0.059722222222222225
0 0.54609375 0.12986111111111112 0.046875 0.08194444444444444
0 0.20859375 0.035416666666666666 0.040625 0.043055555555555555
0 0.578515625 0.11597222222222223 0.03359375 0.0625
0 0.45546875 0.15069444444444444 0.10625 0.11805555555555555
0 0.799609375 0.1736111111111111 0.08359375 0.07222222222222222
0 0.72109375 0.12430555555555556 0.0375 0.05694444444444444
0 0.268359375 0.041666666666666664 0.04453125 0.04722222222222222
0 0.348828125 0.03333333333333333 0.09453125 0.06111111111111111