0 0.295703125 0.19791666666666666 0.15703125 0.1375
0 0.183203125 0.38263888888888886 0.25859375 0.25416666666666665
0 0.5703125 0.24375 0.175 0.15694444444444444
0 0.327734375 0.09513888888888888 0.08515625 0.08194444444444444
0 0.782421875 0.28888888888888886 0.15859375 0.14166666666666666
0 0.675 0.13958333333333334 0.0875 0.059722222222222225
0 0.69140625 0.10069444444444445 0.0359375 0.034722222222222224
0 0.8171875 0.1673611111111111 0.065625 0.0625
0 0.7828125 0.10972222222222222 0.021875 0.027777777777777776
0 0.807421875 0.10486111111111111 0.01796875 0.02638888888888889
0 0.758984375 0.09097222222222222 0.02265625 0.04583333333333333