0 0.207421875 0.24930555555555556 0.19296875 0.1763888888888889
0 0.342578125 0.029861111111111113 0.03515625 0.029166666666666667
0 0.3828125 0.022222222222222223 0.0484375 0.041666666666666664
0 0.31015625 0.02361111111111111 0.0359375 0.027777777777777776
0 0.487109375 0.034722222222222224 0.03203125 0.022222222222222223
0 0.222265625 0.02638888888888889 0.04140625 0.041666666666666664
0 0.19296875 0.029861111111111113 0.0359375 0.03194444444444444
0 0.2578125 0.027777777777777776 0.034375 0.027777777777777776
0 0.353515625 0.022222222222222223 0.01484375 0.016666666666666666
0 0.703515625 0.09722222222222222 0.03828125 0.058333333333333334
0 0.773046875 0.11041666666666666 0.01953125 0.034722222222222224
0 0.7984375 0.10138888888888889 0.021875 0.027777777777777776
0 0.7359375 0.08055555555555556 0.046875 0.044444444444444446