1 0.797265625 0.4486111111111111 0.06640625 0.22777777777777777
0 0.580078125 0.08888888888888889 0.07421875 0.09722222222222222
0 0.3453125 0.025694444444444443 0.0359375 0.029166666666666667
0 0.49296875 0.03680555555555556 0.025 0.020833333333333332
0 0.400390625 0.04375 0.03515625 0.0375
0 0.25703125 0.0375 0.0546875 0.04722222222222222
0 0.1765625 0.03333333333333333 0.0421875 0.027777777777777776
0 0.205859375 0.02638888888888889 0.03203125 0.025
0 0.406640625 0.024305555555555556 0.02265625 0.018055555555555554
0 0.472265625 0.03333333333333333 0.01484375 0.022222222222222223
0 0.526953125 0.034722222222222224 0.02421875 0.013888888888888888
0 0.73984375 0.14444444444444443 0.0625 0.11388888888888889
0 0.812109375 0.17847222222222223 0.07421875 0.06805555555555555