1 0.412109375 0.8833333333333333 0.14609375 0.23055555555555557
0 0.50390625 0.06944444444444445 0.0546875 0.041666666666666664
0 0.673046875 0.12430555555555556 0.07578125 0.0625
0 0.545703125 0.9277777777777778 0.12890625 0.14166666666666666
0 0.40390625 0.04791666666666667 0.04375 0.043055555555555555
0 0.319140625 0.025 0.02578125 0.027777777777777776
0 0.189453125 0.034027777777777775 0.04453125 0.034722222222222224
0 0.237890625 0.025694444444444443 0.03359375 0.0375
0 0.35546875 0.03125 0.059375 0.05694444444444444
0 0.490625 0.035416666666666666 0.034375 0.018055555555555554
0 0.82421875 0.18194444444444444 0.08125 0.06944444444444445
0 0.753515625 0.11597222222222223 0.02109375 0.034722222222222224
0 0.6890625 0.09652777777777778 0.028125 0.029166666666666667