1 0.36640625 0.2659722222222222 0.0328125 0.1486111111111111
1 0.308203125 0.2638888888888889 0.03046875 0.15555555555555556
0 0.353515625 0.04027777777777778 0.04609375 0.041666666666666664
0 0.2265625 0.029166666666666667 0.0375 0.025
0 0.32421875 0.029166666666666667 0.0390625 0.03333333333333333
1 0.328125 0.2388888888888889 0.025 0.12777777777777777
0 0.278515625 0.03333333333333333 0.02265625 0.041666666666666664
0 0.298828125 0.03194444444444444 0.02265625 0.030555555555555555
0 0.4109375 0.029166666666666667 0.025 0.030555555555555555
0 0.50234375 0.035416666666666666 0.0265625 0.02638888888888889
0 0.726953125 0.11458333333333333 0.04140625 0.05138888888888889