1 0.737109375 0.6048611111111111 0.08515625 0.39861111111111114
1 0.6328125 0.5888888888888889 0.09375 0.39444444444444443
0 0.232421875 0.22916666666666666 0.20234375 0.18055555555555555
0 0.03671875 0.2375 0.071875 0.12777777777777777
0 0.591796875 0.12430555555555556 0.08828125 0.07361111111111111
0 0.42578125 0.2722222222222222 0.1984375 0.15833333333333333
0 0.158984375 0.8076388888888889 0.31640625 0.38472222222222224
0 0.28515625 0.05277777777777778 0.0515625 0.044444444444444446
0 0.212890625 0.035416666666666666 0.04765625 0.0375
0 0.3234375 0.029166666666666667 0.0359375 0.027777777777777776
0 0.37578125 0.1597222222222222 0.1046875 0.11388888888888889
0 0.40546875 0.03125 0.0265625 0.029166666666666667
0 0.36875 0.034027777777777775 0.028125 0.04027777777777778
0 0.177734375 0.08125 0.04453125 0.059722222222222225
0 0.176171875 0.034027777777777775 0.03203125 0.029166666666666667
0 0.215234375 0.034722222222222224 0.04609375 0.03888888888888889
0 0.2546875 0.02361111111111111 0.0421875 0.03611111111111111
0 0.3609375 0.017361111111111112 0.0453125 0.03194444444444444
0 0.469140625 0.04861111111111111 0.03046875 0.06944444444444445
0 0.518359375 0.03611111111111111 0.02890625 0.030555555555555555
0 0.746875 0.14930555555555555 0.0703125 0.059722222222222225
0 0.74453125 0.09027777777777778 0.034375 0.05
0 0.811328125 0.10277777777777777 0.01796875 0.030555555555555555