1 0.097265625 0.15625 0.02109375 0.0875
0 0.380859375 0.2923611111111111 0.23203125 0.16527777777777777
0 0.660546875 0.09930555555555555 0.03828125 0.04583333333333333
0 0.384765625 0.15694444444444444 0.11015625 0.09722222222222222
0 0.3609375 0.044444444444444446 0.0484375 0.04722222222222222
0 0.22265625 0.027083333333333334 0.05 0.04583333333333333
0 0.2765625 0.03194444444444444 0.01875 0.044444444444444446
0 0.3390625 0.02847222222222222 0.0296875 0.034722222222222224
0 0.35078125 0.02013888888888889 0.0625 0.0375
0 0.72421875 0.1111111111111111 0.0421875 0.06111111111111111
0 0.81953125 0.16597222222222222 0.0796875 0.06805555555555555