0 0.340234375 0.027777777777777776 0.03359375 0.03611111111111111
0 0.650390625 0.10555555555555556 0.05703125 0.04722222222222222
0 0.37109375 0.03680555555555556 0.03125 0.0375
0 0.403515625 0.034027777777777775 0.03203125 0.029166666666666667
1 0.1890625 0.14027777777777778 0.0125 0.06111111111111111
1 0.84140625 0.45208333333333334 0.0359375 0.2125
0 0.187109375 0.027777777777777776 0.04140625 0.03888888888888889
0 0.23828125 0.029861111111111113 0.028125 0.034722222222222224
0 0.4921875 0.05763888888888889 0.071875 0.09861111111111111
0 0.5671875 0.07361111111111111 0.0875 0.07777777777777778
0 0.763671875 0.1701388888888889 0.08671875 0.0625
0 0.75703125 0.12430555555555556 0.05 0.029166666666666667
0 0.814453125 0.16111111111111112 0.08671875 0.08611111111111111
0 0.863671875 0.20833333333333334 0.02109375 0.044444444444444446