0 0.330859375 0.11666666666666667 0.08984375 0.075
0 0.037109375 0.2375 0.07265625 0.125
0 0.54453125 0.08194444444444444 0.0625 0.04722222222222222
0 0.362109375 0.025 0.04453125 0.03333333333333333
0 0.633984375 0.13055555555555556 0.07421875 0.06388888888888888
0 0.160546875 0.8111111111111111 0.31953125 0.37777777777777777
0 0.277734375 0.025 0.03203125 0.027777777777777776
0 0.162890625 0.03263888888888889 0.01484375 0.03194444444444444
0 0.18125 0.029861111111111113 0.025 0.02638888888888889
0 0.221484375 0.027083333333333334 0.05859375 0.04861111111111111
0 0.413671875 0.029166666666666667 0.01328125 0.030555555555555555
0 0.475390625 0.034027777777777775 0.03046875 0.02361111111111111
0 0.49375 0.034722222222222224 0.034375 0.025
0 0.711328125 0.10277777777777777 0.02890625 0.03333333333333333
0 0.780859375 0.1625 0.07265625 0.06666666666666667
0 0.760546875 0.09027777777777778 0.02890625 0.03611111111111111
0 0.784375 0.10972222222222222 0.015625 0.019444444444444445
0 0.803515625 0.1076388888888889 0.01640625 0.02638888888888889