0 0.203515625 0.23055555555555557 0.19296875 0.18055555555555555
0 0.533203125 0.16597222222222222 0.11640625 0.09861111111111111
0 0.03671875 0.23680555555555555 0.071875 0.12361111111111112
0 0.40078125 0.035416666666666666 0.0390625 0.03194444444444444
0 0.63125 0.10972222222222222 0.0484375 0.05277777777777778
0 0.68359375 0.10138888888888889 0.0328125 0.041666666666666664
0 0.16015625 0.8104166666666667 0.31875 0.37916666666666665
0 0.476171875 0.03680555555555556 0.03828125 0.02638888888888889
0 0.21015625 0.02638888888888889 0.0453125 0.03888888888888889
0 0.414453125 0.06041666666666667 0.03515625 0.0375
0 0.735546875 0.12013888888888889 0.03046875 0.05138888888888889
0 0.728515625 0.08819444444444445 0.03828125 0.04861111111111111