1 0.762890625 0.44375 0.06015625 0.2569444444444444
0 0.03671875 0.2388888888888889 0.071875 0.12777777777777777
0 0.519921875 0.07291666666666667 0.06484375 0.05416666666666667
0 0.641015625 0.10694444444444444 0.07265625 0.06666666666666667
0 0.3578125 0.025694444444444443 0.046875 0.03194444444444444
0 0.162890625 0.8125 0.32421875 0.375
0 0.4046875 0.03263888888888889 0.0296875 0.03194444444444444
0 0.28828125 0.02361111111111111 0.065625 0.044444444444444446
0 0.836328125 0.24375 0.06640625 0.10138888888888889
0 0.46328125 0.03611111111111111 0.0078125 0.030555555555555555
0 0.479296875 0.035416666666666666 0.02890625 0.02638888888888889
0 0.77890625 0.10833333333333334 0.021875 0.03611111111111111
0 0.79453125 0.10833333333333334 0.0171875 0.022222222222222223