1 0.631640625 0.7729166666666667 0.14140625 0.45416666666666666
0 0.52265625 0.07222222222222222 0.065625 0.05
0 0.58046875 0.09027777777777778 0.05625 0.044444444444444446
0 0.3890625 0.04097222222222222 0.040625 0.034722222222222224
0 0.34296875 0.030555555555555555 0.0296875 0.030555555555555555
0 0.652734375 0.09236111111111112 0.10703125 0.0763888888888889
1 0.018359375 0.5805555555555556 0.03515625 0.25
1 0.65078125 0.7006944444444444 0.096875 0.45694444444444443
1 0.65859375 0.5013888888888889 0.0609375 0.11388888888888889
0 0.187890625 0.025 0.06015625 0.044444444444444446
0 0.238671875 0.029166666666666667 0.04140625 0.03611111111111111
0 0.290234375 0.019444444444444445 0.04609375 0.03611111111111111
0 0.30703125 0.034027777777777775 0.0578125 0.04861111111111111
0 0.416796875 0.052083333333333336 0.03984375 0.043055555555555555
0 0.708984375 0.14305555555555555 0.03515625 0.06111111111111111