0 0.037109375 0.23819444444444443 0.07265625 0.12916666666666668
0 0.160546875 0.8138888888888889 0.31953125 0.37222222222222223
0 0.403125 0.04722222222222222 0.0375 0.03888888888888889
0 0.653125 0.09861111111111111 0.0390625 0.044444444444444446
0 0.391796875 0.022222222222222223 0.03828125 0.022222222222222223
0 0.31796875 0.02638888888888889 0.0390625 0.025
0 0.1625 0.0375 0.015625 0.030555555555555555
0 0.222265625 0.03611111111111111 0.04453125 0.03888888888888889
0 0.2859375 0.04097222222222222 0.040625 0.034722222222222224
0 0.30390625 0.034722222222222224 0.0296875 0.041666666666666664
0 0.38515625 0.034722222222222224 0.0203125 0.030555555555555555
0 0.4671875 0.034027777777777775 0.01875 0.02638888888888889
0 0.50390625 0.034722222222222224 0.028125 0.019444444444444445
0 0.4671875 0.06180555555555556 0.0234375 0.034722222222222224
0 0.687109375 0.10625 0.03203125 0.04583333333333333
0 0.728125 0.10902777777777778 0.0453125 0.09583333333333334
0 0.7796875 0.16458333333333333 0.0859375 0.07361111111111111
0 0.7609375 0.11041666666666666 0.01875 0.034722222222222224