0 0.3234375 0.18611111111111112 0.13125 0.12777777777777777
0 0.037109375 0.2375 0.07265625 0.12777777777777777
0 0.550390625 0.11875 0.06015625 0.0625
0 0.328515625 0.04861111111111111 0.05859375 0.03611111111111111
0 0.158984375 0.8152777777777778 0.31640625 0.36944444444444446
0 0.3796875 0.02361111111111111 0.03125 0.025
0 0.349609375 0.027777777777777776 0.04453125 0.030555555555555555
0 0.173046875 0.029861111111111113 0.01953125 0.029166666666666667
0 0.21484375 0.024305555555555556 0.0546875 0.04583333333333333
0 0.280859375 0.03125 0.03671875 0.0375
0 0.312890625 0.027777777777777776 0.03515625 0.03333333333333333
0 0.41171875 0.034722222222222224 0.0171875 0.027777777777777776
0 0.482421875 0.035416666666666666 0.03515625 0.029166666666666667
0 0.506640625 0.03333333333333333 0.03203125 0.016666666666666666
0 0.6484375 0.09305555555555556 0.05 0.075
0 0.681640625 0.10347222222222222 0.02421875 0.04583333333333333
0 0.765234375 0.11041666666666666 0.02109375 0.034722222222222224
0 0.71953125 0.11597222222222223 0.034375 0.05138888888888889
0 0.741796875 0.15902777777777777 0.03984375 0.0625
0 0.816015625 0.2513888888888889 0.09921875 0.11388888888888889