1 0.81953125 0.46041666666666664 0.071875 0.24027777777777778
0 0.525 0.12361111111111112 0.0765625 0.08055555555555556
0 0.399609375 0.04513888888888889 0.04609375 0.0375
0 0.052734375 0.48333333333333334 0.10390625 0.21666666666666667
0 0.6671875 0.09930555555555555 0.0375 0.04027777777777778
0 0.305078125 0.018055555555555554 0.03046875 0.027777777777777776
0 0.169140625 0.029861111111111113 0.02734375 0.034722222222222224
0 0.2203125 0.02638888888888889 0.05 0.04722222222222222
0 0.279296875 0.02638888888888889 0.02734375 0.03611111111111111
0 0.398828125 0.022222222222222223 0.02578125 0.025
0 0.748828125 0.2625 0.16796875 0.16666666666666666
0 0.731640625 0.16597222222222222 0.07265625 0.07916666666666666
0 0.701171875 0.12708333333333333 0.03359375 0.05138888888888889
0 0.72109375 0.10208333333333333 0.03125 0.04027777777777778