1 0.578515625 0.32569444444444445 0.04609375 0.2263888888888889
0 0.590625 0.11319444444444444 0.053125 0.06527777777777778
0 0.059375 0.3159722222222222 0.1171875 0.20694444444444443
0 0.76328125 0.20902777777777778 0.0953125 0.09861111111111111
0 0.16171875 0.8111111111111111 0.321875 0.37777777777777777
0 0.034375 0.22152777777777777 0.0671875 0.0875
0 0.23125 0.03125 0.0328125 0.043055555555555555
0 0.28671875 0.0375 0.0375 0.03888888888888889
0 0.321484375 0.0375 0.03984375 0.041666666666666664
0 0.355859375 0.03680555555555556 0.02734375 0.0375
0 0.378125 0.03611111111111111 0.021875 0.03611111111111111
0 0.412890625 0.030555555555555555 0.01640625 0.027777777777777776
0 0.487890625 0.03611111111111111 0.03828125 0.022222222222222223
0 0.799609375 0.10555555555555556 0.01640625 0.025