0 0.60703125 0.1736111111111111 0.078125 0.09444444444444444
0 0.369140625 0.29097222222222224 0.24765625 0.1875
0 0.343359375 0.02847222222222222 0.03203125 0.029166666666666667
0 0.385546875 0.044444444444444446 0.03828125 0.03611111111111111
0 0.785546875 0.1673611111111111 0.08203125 0.06805555555555555
0 0.158984375 0.8173611111111111 0.31640625 0.36527777777777776
0 0.16015625 0.8173611111111111 0.3171875 0.36527777777777776
0 0.177734375 0.03333333333333333 0.04140625 0.03888888888888889
0 0.37421875 0.027777777777777776 0.025 0.03333333333333333
0 0.488671875 0.06111111111111111 0.05859375 0.06111111111111111
0 0.7140625 0.13055555555555556 0.059375 0.044444444444444446