0 0.51484375 0.14097222222222222 0.053125 0.0763888888888889
0 0.37265625 0.029166666666666667 0.040625 0.027777777777777776
0 0.511328125 0.07361111111111111 0.05703125 0.041666666666666664
0 0.038671875 0.3159722222222222 0.07578125 0.1736111111111111
0 0.6515625 0.10138888888888889 0.040625 0.03611111111111111
0 0.160546875 0.8166666666666667 0.31953125 0.3611111111111111
0 0.325390625 0.029166666666666667 0.03828125 0.027777777777777776
0 0.409375 0.029166666666666667 0.0265625 0.027777777777777776
0 0.275390625 0.03611111111111111 0.04453125 0.03333333333333333
0 0.03671875 0.2125 0.071875 0.07222222222222222
0 0.16953125 0.030555555555555555 0.025 0.027777777777777776
0 0.216796875 0.034027777777777775 0.04453125 0.04027777777777778
0 0.29140625 0.010416666666666666 0.034375 0.015277777777777777
0 0.3 0.03194444444444444 0.0265625 0.03611111111111111
0 0.46953125 0.03611111111111111 0.025 0.025
0 0.4890625 0.03263888888888889 0.0328125 0.029166666666666667
0 0.524609375 0.03263888888888889 0.02109375 0.02361111111111111
0 0.6734375 0.1673611111111111 0.0875 0.10138888888888889
0 0.71953125 0.11875 0.034375 0.04861111111111111
0 0.762890625 0.10347222222222222 0.01796875 0.029166666666666667
0 0.7953125 0.10833333333333334 0.01875 0.022222222222222223