1 0.73671875 0.5152777777777777 0.0796875 0.31666666666666665
0 0.03671875 0.2375 0.071875 0.12777777777777777
0 0.3140625 0.04791666666666667 0.053125 0.043055555555555555
0 0.16015625 0.8145833333333333 0.31875 0.37083333333333335
0 0.341796875 0.03194444444444444 0.02578125 0.027777777777777776
0 0.627734375 0.10138888888888889 0.06953125 0.058333333333333334
0 0.487890625 0.034027777777777775 0.03359375 0.020833333333333332
0 0.23125 0.034722222222222224 0.04375 0.03611111111111111
0 0.2953125 0.025694444444444443 0.04375 0.034722222222222224
0 0.375390625 0.025 0.03359375 0.03333333333333333
0 0.40546875 0.03194444444444444 0.0328125 0.03333333333333333
0 0.733203125 0.10277777777777777 0.03984375 0.07777777777777778
0 0.79921875 0.10486111111111111 0.015625 0.03194444444444444