0 0.362890625 0.10972222222222222 0.09921875 0.08888888888888889
0 0.58515625 0.1361111111111111 0.0765625 0.06666666666666667
0 0.6140625 0.26805555555555555 0.1671875 0.1638888888888889
0 0.60859375 0.09722222222222222 0.0703125 0.05
0 0.66796875 0.0875 0.053125 0.06666666666666667
0 0.30390625 0.02638888888888889 0.0421875 0.027777777777777776
0 0.1609375 0.8159722222222222 0.3203125 0.3680555555555556
0 0.21015625 0.03333333333333333 0.04375 0.030555555555555555
0 0.35390625 0.024305555555555556 0.0390625 0.04583333333333333
0 0.380078125 0.034027777777777775 0.01640625 0.02361111111111111
0 0.410546875 0.029166666666666667 0.01796875 0.03333333333333333
0 0.691796875 0.15138888888888888 0.05546875 0.06666666666666667
0 0.721875 0.11180555555555556 0.0375 0.04583333333333333
0 0.745703125 0.09375 0.03515625 0.07361111111111111
0 0.773828125 0.10347222222222222 0.02734375 0.043055555555555555
0 0.83046875 0.18680555555555556 0.0875 0.0763888888888889