0 0.124609375 0.43125 0.24765625 0.2791666666666667
0 0.490625 0.26805555555555555 0.178125 0.16666666666666666
0 0.376171875 0.05347222222222222 0.05078125 0.04027777777777778
0 0.574609375 0.10416666666666667 0.06484375 0.05555555555555555
0 0.48359375 0.034027777777777775 0.028125 0.020833333333333332
0 0.37109375 0.030555555555555555 0.0328125 0.03888888888888889
0 0.685546875 0.12638888888888888 0.04765625 0.05555555555555555
0 0.7265625 0.11597222222222223 0.034375 0.04583333333333333
0 0.753515625 0.09444444444444444 0.02734375 0.041666666666666664
0 0.784765625 0.10555555555555556 0.02265625 0.03333333333333333
0 0.769921875 0.21041666666666667 0.12734375 0.1375
0 0.4109375 0.02847222222222222 0.015625 0.02361111111111111
0 0.507421875 0.035416666666666666 0.01953125 0.020833333333333332