1 0.4828125 0.60625 0.1140625 0.3375
1 0.321484375 0.3013888888888889 0.06015625 0.18333333333333332
1 0.65859375 0.6277777777777778 0.08125 0.35555555555555557
0 0.269140625 0.04236111111111111 0.05390625 0.04861111111111111
0 0.308203125 0.027777777777777776 0.03046875 0.030555555555555555
0 0.329296875 0.027083333333333334 0.01328125 0.02361111111111111
0 0.3703125 0.029166666666666667 0.0765625 0.05555555555555555
0 0.4703125 0.05763888888888889 0.0234375 0.0375
0 0.769140625 0.1423611111111111 0.07421875 0.06527777777777778
0 0.843359375 0.1951388888888889 0.06484375 0.06527777777777778
0 0.80859375 0.3194444444444444 0.1078125 0.1527777777777778