0 0.13125 0.48680555555555555 0.2609375 0.3013888888888889
0 0.408203125 0.2625 0.19921875 0.16944444444444445
0 0.258203125 0.09027777777777778 0.07265625 0.07222222222222222
0 0.476171875 0.1798611111111111 0.12265625 0.10694444444444444
0 0.343359375 0.04236111111111111 0.06640625 0.05138888888888889
0 0.5453125 0.12916666666666668 0.0515625 0.08055555555555556
0 0.584375 0.11805555555555555 0.040625 0.06111111111111111
0 0.21015625 0.029166666666666667 0.040625 0.05277777777777778
0 0.5390625 0.09305555555555556 0.0546875 0.05
0 0.268359375 0.034722222222222224 0.05234375 0.044444444444444446
0 0.340234375 0.02847222222222222 0.07890625 0.04861111111111111
0 0.73046875 0.16041666666666668 0.071875 0.09305555555555556
0 0.761328125 0.1111111111111111 0.03046875 0.044444444444444446