0 0.54375 0.12430555555555556 0.0453125 0.06805555555555555
0 0.38671875 0.029166666666666667 0.0421875 0.03611111111111111
0 0.40546875 0.16180555555555556 0.125 0.14305555555555555
0 0.325390625 0.02013888888888889 0.03515625 0.02361111111111111
0 0.243359375 0.02847222222222222 0.05390625 0.04027777777777778
0 0.16875 0.030555555555555555 0.028125 0.03611111111111111
0 0.27421875 0.021527777777777778 0.0484375 0.04027777777777778
0 0.759765625 0.14930555555555555 0.06015625 0.07361111111111111
0 0.792578125 0.09930555555555555 0.02421875 0.034722222222222224
0 0.808984375 0.10486111111111111 0.01953125 0.02638888888888889
0 0.754296875 0.10972222222222222 0.02421875 0.025