1 0.43671875 0.9236111111111112 0.153125 0.15
0 0.03671875 0.23819444444444443 0.071875 0.12638888888888888
0 0.369921875 0.09027777777777778 0.08515625 0.1361111111111111
0 0.159765625 0.8097222222222222 0.31796875 0.38055555555555554
0 0.2109375 0.030555555555555555 0.04375 0.03333333333333333
0 0.22890625 0.014583333333333334 0.05 0.02638888888888889
0 0.279296875 0.035416666666666666 0.02265625 0.029166666666666667
0 0.2984375 0.029861111111111113 0.025 0.029166666666666667
0 0.46484375 0.03888888888888889 0.0109375 0.027777777777777776
0 0.4859375 0.03888888888888889 0.021875 0.022222222222222223
0 0.509375 0.035416666666666666 0.025 0.020833333333333332
0 0.186328125 0.029166666666666667 0.02578125 0.025
0 0.241796875 0.034722222222222224 0.01484375 0.027777777777777776
0 0.7015625 0.11388888888888889 0.0328125 0.03611111111111111
0 0.70703125 0.1423611111111111 0.0359375 0.05138888888888889
0 0.807421875 0.27847222222222223 0.11484375 0.1486111111111111