1 0.798828125 0.44583333333333336 0.06171875 0.25277777777777777
0 0.03671875 0.23819444444444443 0.071875 0.12361111111111112
0 0.584765625 0.10555555555555556 0.05859375 0.07222222222222222
0 0.16171875 0.8111111111111111 0.321875 0.37777777777777777
0 0.34453125 0.05 0.05 0.041666666666666664
0 0.46953125 0.03263888888888889 0.0296875 0.02638888888888889
0 0.16875 0.07152777777777777 0.0234375 0.06527777777777778
0 0.228515625 0.030555555555555555 0.04453125 0.041666666666666664
0 0.2859375 0.029861111111111113 0.05 0.05138888888888889
0 0.334765625 0.025 0.03515625 0.03611111111111111
0 0.50625 0.035416666666666666 0.0234375 0.018055555555555554
0 0.72421875 0.12152777777777778 0.0328125 0.04861111111111111
0 0.75703125 0.175 0.0625 0.08611111111111111
0 0.73125 0.2152777777777778 0.090625 0.11666666666666667
0 0.8484375 0.19652777777777777 0.05 0.05138888888888889
0 0.778125 0.08888888888888889 0.0359375 0.03333333333333333