1 0.612890625 0.6597222222222222 0.08828125 0.4222222222222222
1 0.703515625 0.6881944444444444 0.09609375 0.46805555555555556
0 0.658203125 0.11041666666666666 0.06796875 0.04861111111111111
0 0.84296875 0.22430555555555556 0.0515625 0.10416666666666667
0 0.496484375 0.034722222222222224 0.03046875 0.019444444444444445
0 0.816015625 0.1763888888888889 0.07890625 0.058333333333333334
0 0.20546875 0.027777777777777776 0.04375 0.03333333333333333
0 0.376953125 0.03194444444444444 0.07265625 0.06111111111111111
0 0.469140625 0.06111111111111111 0.02734375 0.044444444444444446
0 0.725390625 0.11319444444444444 0.03984375 0.05416666666666667
0 0.758984375 0.11666666666666667 0.02265625 0.03611111111111111
0 0.759765625 0.2673611111111111 0.14921875 0.15138888888888888