0 0.510546875 0.06805555555555555 0.06015625 0.05
0 0.60625 0.09583333333333334 0.0609375 0.044444444444444446
0 0.403515625 0.058333333333333334 0.05703125 0.03888888888888889
0 0.47734375 0.035416666666666666 0.0375 0.029166666666666667
0 0.66796875 0.10208333333333333 0.0234375 0.043055555555555555
0 0.28046875 0.02847222222222222 0.0328125 0.034722222222222224
0 0.34921875 0.029166666666666667 0.0609375 0.05555555555555555
0 0.4 0.03819444444444445 0.0375 0.015277777777777777
0 0.531640625 0.024305555555555556 0.04765625 0.04027777777777778
0 0.72109375 0.16180555555555556 0.1046875 0.06805555555555555
0 0.709765625 0.11527777777777778 0.06953125 0.07222222222222222
0 0.727734375 0.1076388888888889 0.03046875 0.04027777777777778
0 0.7578125 0.11388888888888889 0.0203125 0.027777777777777776
0 0.83984375 0.19722222222222222 0.065625 0.06666666666666667