1 0.725390625 0.5152777777777777 0.06484375 0.275
0 0.499609375 0.07291666666666667 0.05234375 0.04583333333333333
0 0.592578125 0.10972222222222222 0.05859375 0.06666666666666667
0 0.33828125 0.03263888888888889 0.0296875 0.03194444444444444
0 0.319140625 0.022222222222222223 0.03046875 0.03333333333333333
0 0.64140625 0.12916666666666668 0.053125 0.06111111111111111
0 0.380859375 0.044444444444444446 0.04296875 0.03611111111111111
0 0.65234375 0.08680555555555555 0.0375 0.034722222222222224
0 0.203515625 0.03125 0.04453125 0.034722222222222224
0 0.264453125 0.034722222222222224 0.04296875 0.030555555555555555
0 0.7421875 0.2604166666666667 0.171875 0.18472222222222223
0 0.71953125 0.1326388888888889 0.040625 0.059722222222222225
0 0.73359375 0.09097222222222222 0.03125 0.0375
0 0.7578125 0.11041666666666666 0.0234375 0.02361111111111111
0 0.7890625 0.09583333333333334 0.015625 0.025
0 0.505078125 0.03333333333333333 0.02890625 0.022222222222222223
0 0.391796875 0.01597222222222222 0.03984375 0.029166666666666667
0 0.236328125 0.03125 0.01171875 0.029166666666666667