0 0.38515625 0.27569444444444446 0.221875 0.15416666666666667
0 0.224609375 0.20833333333333334 0.17734375 0.15555555555555556
0 0.56640625 0.08263888888888889 0.0671875 0.04861111111111111
0 0.349609375 0.02361111111111111 0.04453125 0.03333333333333333
0 0.158203125 0.8013888888888889 0.31484375 0.3972222222222222
0 0.783984375 0.21666666666666667 0.07578125 0.09722222222222222
0 0.813671875 0.18055555555555555 0.08984375 0.07777777777777778
0 0.167578125 0.06041666666666667 0.02109375 0.06527777777777778
0 0.2546875 0.03888888888888889 0.053125 0.044444444444444446
0 0.503125 0.03611111111111111 0.0296875 0.022222222222222223
0 0.721484375 0.12569444444444444 0.03046875 0.05416666666666667