0 0.03671875 0.2388888888888889 0.071875 0.125
0 0.5359375 0.11388888888888889 0.071875 0.13055555555555556
0 0.424609375 0.2611111111111111 0.23515625 0.175
0 0.79765625 0.2965277777777778 0.134375 0.14305555555555555
0 0.3859375 0.044444444444444446 0.0453125 0.044444444444444446
0 0.16171875 0.8125 0.321875 0.375
0 0.350390625 0.03611111111111111 0.03515625 0.030555555555555555
0 0.212109375 0.03680555555555556 0.04453125 0.04027777777777778
0 0.283984375 0.029166666666666667 0.03984375 0.03611111111111111
0 0.3703125 0.02361111111111111 0.025 0.016666666666666666
0 0.470703125 0.03263888888888889 0.02421875 0.03194444444444444
0 0.850390625 0.2388888888888889 0.04609375 0.08055555555555556
0 0.829296875 0.1673611111111111 0.08515625 0.08472222222222223