1 0.589453125 0.8381944444444445 0.11015625 0.31805555555555554
0 0.5703125 0.0875 0.0625 0.05277777777777778
0 0.570703125 0.15208333333333332 0.09921875 0.08194444444444444
0 0.36484375 0.03888888888888889 0.0359375 0.03611111111111111
0 0.284375 0.03888888888888889 0.0375 0.03888888888888889
0 0.230859375 0.030555555555555555 0.04140625 0.03888888888888889
0 0.6625 0.12361111111111112 0.0640625 0.04722222222222222
0 0.804296875 0.3 0.11328125 0.15833333333333333
0 0.840625 0.18819444444444444 0.0578125 0.059722222222222225
0 0.414453125 0.05 0.03671875 0.041666666666666664
0 0.408984375 0.025 0.01953125 0.025
0 0.73515625 0.1361111111111111 0.0484375 0.05277777777777778
0 0.78046875 0.11458333333333333 0.0171875 0.03194444444444444