0 0.573828125 0.08958333333333333 0.07578125 0.0625
0 0.06640625 0.27291666666666664 0.13125 0.2375
0 0.331640625 0.019444444444444445 0.03203125 0.025
0 0.416796875 0.06180555555555556 0.03828125 0.04861111111111111
0 0.698828125 0.22777777777777777 0.16171875 0.15555555555555556
0 0.690625 0.12083333333333333 0.065625 0.05277777777777778
0 0.6625 0.10416666666666667 0.0375 0.03333333333333333
0 0.7 0.08958333333333333 0.0234375 0.020833333333333332
0 0.73359375 0.10972222222222222 0.028125 0.04722222222222222
0 0.769921875 0.09722222222222222 0.01953125 0.030555555555555555
0 0.80390625 0.10902777777777778 0.021875 0.02361111111111111
1 0.09453125 0.14722222222222223 0.01875 0.027777777777777776