0 0.52734375 0.07569444444444444 0.0625 0.04027777777777778
0 0.536328125 0.12638888888888888 0.05234375 0.06388888888888888
0 0.32265625 0.1840277777777778 0.121875 0.12638888888888888
0 0.3765625 0.030555555555555555 0.04375 0.03611111111111111
0 0.150390625 0.21041666666666667 0.29921875 0.3958333333333333
0 0.472265625 0.034722222222222224 0.02578125 0.022222222222222223
0 0.162890625 0.8104166666666667 0.32421875 0.37916666666666665
0 0.30703125 0.03125 0.015625 0.04027777777777778
0 0.335546875 0.022222222222222223 0.04140625 0.03888888888888889
0 0.373046875 0.035416666666666666 0.02265625 0.029166666666666667
0 0.406640625 0.025694444444444443 0.03515625 0.04027777777777778
0 0.51328125 0.03611111111111111 0.028125 0.019444444444444445
0 0.448828125 0.1486111111111111 0.11328125 0.1
0 0.711328125 0.1909722222222222 0.09765625 0.10416666666666667
0 0.704296875 0.13402777777777777 0.06015625 0.04027777777777778
0 0.71171875 0.11388888888888889 0.01875 0.030555555555555555
0 0.763671875 0.09097222222222222 0.02421875 0.0375
0 0.846484375 0.1701388888888889 0.05546875 0.07361111111111111