0 0.10546875 0.3923611111111111 0.209375 0.25972222222222224
0 0.547265625 0.12986111111111112 0.05234375 0.09027777777777778
0 0.34453125 0.04375 0.0625 0.05138888888888889
0 0.629296875 0.20555555555555555 0.15234375 0.14166666666666666
0 0.2046875 0.035416666666666666 0.03125 0.03194444444444444
0 0.601171875 0.1076388888888889 0.05234375 0.05138888888888889
0 0.63125 0.09513888888888888 0.0390625 0.034722222222222224
0 0.23984375 0.02847222222222222 0.0328125 0.0375
0 0.265234375 0.04236111111111111 0.05546875 0.043055555555555555
0 0.338671875 0.029861111111111113 0.07890625 0.05694444444444444
0 0.66328125 0.15694444444444444 0.0703125 0.07222222222222222
0 0.697265625 0.12291666666666666 0.04453125 0.059722222222222225
0 0.763671875 0.11319444444444444 0.03046875 0.05416666666666667