0 0.571875 0.25 0.19375 0.16111111111111112
0 0.365625 0.02847222222222222 0.04375 0.03194444444444444
0 0.25 0.08680555555555555 0.0703125 0.06527777777777778
0 0.31875 0.030555555555555555 0.0359375 0.027777777777777776
0 0.49609375 0.10694444444444444 0.05 0.08888888888888889
0 0.83359375 0.3145833333333333 0.0640625 0.13472222222222222
0 0.21796875 0.02638888888888889 0.0546875 0.041666666666666664
0 0.2765625 0.034027777777777775 0.0234375 0.04583333333333333
0 0.4890625 0.035416666666666666 0.040625 0.02638888888888889
0 0.828515625 0.19236111111111112 0.08359375 0.07361111111111111
0 0.671875 0.10347222222222222 0.1390625 0.12083333333333333
0 0.816796875 0.10069444444444445 0.02578125 0.04027777777777778