1 0.310546875 0.1423611111111111 0.02421875 0.10138888888888889
0 0.037109375 0.2375 0.07265625 0.125
0 0.346875 0.04583333333333333 0.0484375 0.041666666666666664
0 0.159765625 0.8104166666666667 0.31796875 0.37916666666666665
0 0.66953125 0.08819444444444445 0.05625 0.06527777777777778
0 0.380859375 0.04027777777777778 0.02578125 0.03611111111111111
0 0.841015625 0.23472222222222222 0.05859375 0.11944444444444445
0 0.2125 0.029166666666666667 0.0421875 0.03888888888888889
0 0.285546875 0.02013888888888889 0.06171875 0.0375
0 0.298828125 0.03125 0.02890625 0.029166666666666667
0 0.280078125 0.03888888888888889 0.03359375 0.03888888888888889
0 0.3421875 0.021527777777777778 0.040625 0.03194444444444444
0 0.405859375 0.02638888888888889 0.03359375 0.041666666666666664
0 0.4828125 0.029166666666666667 0.0546875 0.04722222222222222
0 0.59609375 0.08402777777777778 0.0875 0.0763888888888889
0 0.721484375 0.11458333333333333 0.03515625 0.04027777777777778
0 0.723828125 0.1625 0.09140625 0.07777777777777778