0 0.03671875 0.24027777777777778 0.071875 0.125
0 0.38515625 0.044444444444444446 0.0453125 0.03888888888888889
0 0.6 0.25 0.19375 0.14444444444444443
0 0.2953125 0.027777777777777776 0.0421875 0.027777777777777776
0 0.1625 0.8076388888888889 0.3234375 0.38472222222222224
0 0.346484375 0.034722222222222224 0.02890625 0.03333333333333333
0 0.18359375 0.034722222222222224 0.04375 0.03611111111111111
0 0.2515625 0.02638888888888889 0.05 0.03888888888888889
0 0.378515625 0.019444444444444445 0.02890625 0.019444444444444445
0 0.46796875 0.035416666666666666 0.0203125 0.02361111111111111
0 0.577734375 0.08888888888888889 0.07578125 0.06944444444444445
0 0.79921875 0.2388888888888889 0.1421875 0.21944444444444444