1 0.506640625 0.8375 0.09921875 0.32222222222222224
0 0.490625 0.24375 0.1859375 0.1625
0 0.54296875 0.17916666666666667 0.134375 0.13333333333333333
0 0.623046875 0.10555555555555556 0.08203125 0.05555555555555555
0 0.359375 0.03263888888888889 0.0234375 0.03194444444444444
0 0.231640625 0.08194444444444444 0.07109375 0.07777777777777778
0 0.2953125 0.041666666666666664 0.05625 0.03888888888888889
0 0.420703125 0.05486111111111111 0.03359375 0.03194444444444444
0 0.40703125 0.02847222222222222 0.0265625 0.034722222222222224
0 0.64921875 0.08541666666666667 0.05625 0.0763888888888889
0 0.697265625 0.12361111111111112 0.04453125 0.05555555555555555
0 0.830859375 0.2881944444444444 0.07265625 0.15416666666666667