0 0.2859375 0.1875 0.1703125 0.175
0 0.565234375 0.10208333333333333 0.06015625 0.05416666666666667
0 0.808203125 0.29305555555555557 0.11484375 0.12777777777777777
0 0.403515625 0.035416666666666666 0.04296875 0.0375
0 0.3328125 0.03194444444444444 0.0265625 0.030555555555555555
0 0.25 0.08472222222222223 0.0765625 0.06666666666666667
0 0.471875 0.03680555555555556 0.03125 0.02361111111111111
0 0.751171875 0.16666666666666666 0.04765625 0.08611111111111111
0 0.703515625 0.12222222222222222 0.03203125 0.058333333333333334
0 0.682421875 0.09444444444444444 0.04296875 0.06666666666666667
0 0.755078125 0.10902777777777778 0.02578125 0.04583333333333333
0 0.372265625 0.034027777777777775 0.02109375 0.029166666666666667