0 0.50234375 0.16041666666666668 0.1 0.09583333333333334
0 0.641796875 0.10208333333333333 0.04453125 0.05416666666666667
0 0.359765625 0.05 0.05234375 0.041666666666666664
0 0.680078125 0.10347222222222222 0.03359375 0.043055555555555555
0 0.408203125 0.02847222222222222 0.02734375 0.03194444444444444
0 0.205078125 0.025 0.03359375 0.041666666666666664
0 0.23125 0.034027777777777775 0.0421875 0.03194444444444444
0 0.30078125 0.022916666666666665 0.0234375 0.03194444444444444
0 0.340234375 0.022916666666666665 0.05703125 0.043055555555555555
0 0.336328125 0.03333333333333333 0.03359375 0.03611111111111111
0 0.473828125 0.029861111111111113 0.03203125 0.034722222222222224
0 0.3734375 0.025 0.0234375 0.019444444444444445
0 0.719140625 0.12569444444444444 0.03828125 0.0763888888888889
0 0.74375 0.11041666666666666 0.025 0.04583333333333333
0 0.818359375 0.10833333333333334 0.02265625 0.027777777777777776
0 0.788671875 0.09583333333333334 0.02109375 0.022222222222222223