1 0.810546875 0.46041666666666664 0.05703125 0.23472222222222222
0 0.037109375 0.2375 0.07265625 0.125
0 0.54296875 0.07777777777777778 0.1015625 0.08055555555555556
0 0.16015625 0.8076388888888889 0.31875 0.38472222222222224
0 0.638671875 0.10208333333333333 0.06953125 0.05694444444444444
0 0.410546875 0.030555555555555555 0.02734375 0.027777777777777776
0 0.180859375 0.034027777777777775 0.04453125 0.034722222222222224
0 0.235546875 0.03125 0.03671875 0.043055555555555555
0 0.327734375 0.03194444444444444 0.07578125 0.058333333333333334
0 0.370703125 0.03680555555555556 0.02265625 0.04027777777777778
0 0.3796875 0.02638888888888889 0.0234375 0.025
0 0.46953125 0.035416666666666666 0.0203125 0.020833333333333332
0 0.509765625 0.0375 0.02421875 0.016666666666666666
0 0.684375 0.10208333333333333 0.03125 0.043055555555555555
0 0.74609375 0.11527777777777778 0.0296875 0.03888888888888889