1 0.1625 0.13472222222222222 0.01875 0.09166666666666666
0 0.561328125 0.08125 0.06171875 0.04861111111111111
0 0.4 0.03263888888888889 0.0359375 0.02638888888888889
0 0.62578125 0.09236111111111112 0.0765625 0.059722222222222225
0 0.371484375 0.025 0.01953125 0.022222222222222223
1 0.083984375 0.17291666666666666 0.01484375 0.07361111111111111
0 0.33671875 0.029861111111111113 0.053125 0.05416666666666667
0 0.3875 0.043055555555555555 0.034375 0.03888888888888889
0 0.474609375 0.04861111111111111 0.03359375 0.06111111111111111
0 0.50390625 0.03611111111111111 0.025 0.022222222222222223
0 0.71953125 0.16041666666666668 0.09375 0.09027777777777778
0 0.699609375 0.11597222222222223 0.07109375 0.0375
0 0.78203125 0.11319444444444444 0.021875 0.034722222222222224
0 0.81796875 0.16319444444444445 0.075 0.05694444444444444
0 0.84453125 0.19722222222222222 0.0609375 0.05277777777777778