0 0.340625 0.02847222222222222 0.0421875 0.03194444444444444
0 0.4859375 0.06875 0.04375 0.04027777777777778
0 0.17265625 0.034722222222222224 0.034375 0.030555555555555555
0 0.201953125 0.020833333333333332 0.04140625 0.03888888888888889
0 0.2234375 0.02638888888888889 0.034375 0.03333333333333333
0 0.2546875 0.03333333333333333 0.040625 0.03333333333333333
0 0.49921875 0.03611111111111111 0.0265625 0.019444444444444445
0 0.832421875 0.19305555555555556 0.07890625 0.05555555555555555
0 0.827734375 0.3284722222222222 0.07734375 0.12083333333333333
0 0.7234375 0.11736111111111111 0.034375 0.043055555555555555
0 0.765234375 0.08472222222222223 0.02421875 0.030555555555555555