0 0.541796875 0.14444444444444443 0.09609375 0.1
0 0.33125 0.05138888888888889 0.05 0.03611111111111111
0 0.384375 0.029166666666666667 0.0359375 0.030555555555555555
0 0.1734375 0.03333333333333333 0.0265625 0.025
0 0.212890625 0.03611111111111111 0.04765625 0.03888888888888889
0 0.242578125 0.02847222222222222 0.01484375 0.03194444444444444
0 0.280078125 0.03888888888888889 0.02421875 0.03333333333333333
0 0.297265625 0.035416666666666666 0.02578125 0.03194444444444444
0 0.325390625 0.02013888888888889 0.04296875 0.029166666666666667
0 0.3609375 0.03680555555555556 0.0234375 0.0375
0 0.420703125 0.04861111111111111 0.02265625 0.044444444444444446
0 0.469140625 0.034722222222222224 0.02109375 0.03333333333333333
0 0.7953125 0.2847222222222222 0.1359375 0.175
0 0.8375 0.25416666666666665 0.065625 0.08055555555555556
0 0.741796875 0.13541666666666666 0.05859375 0.11805555555555555