1 0.487890625 0.6055555555555555 0.10703125 0.3111111111111111
1 0.296484375 0.34305555555555556 0.04609375 0.20555555555555555
0 0.591796875 0.10625 0.05390625 0.1125
0 0.400390625 0.043055555555555555 0.04296875 0.03611111111111111
0 0.33671875 0.03611111111111111 0.040625 0.03333333333333333
0 0.36953125 0.035416666666666666 0.0328125 0.03194444444444444
0 0.19609375 0.07569444444444444 0.0484375 0.05416666666666667
0 0.191015625 0.02847222222222222 0.05078125 0.034722222222222224
0 0.29609375 0.021527777777777778 0.03125 0.0375
0 0.411328125 0.025694444444444443 0.01796875 0.015277777777777777
0 0.69453125 0.10972222222222222 0.0921875 0.08055555555555556