1 0.7140625 0.46319444444444446 0.0578125 0.2569444444444444
1 0.323046875 0.1597222222222222 0.02578125 0.11666666666666667
1 0.780859375 0.4888888888888889 0.04140625 0.1638888888888889
0 0.241015625 0.3138888888888889 0.26796875 0.2638888888888889
0 0.033984375 0.21388888888888888 0.06640625 0.075
0 0.67265625 0.10347222222222222 0.0375 0.04027777777777778
0 0.3296875 0.034722222222222224 0.0328125 0.03333333333333333
0 0.16328125 0.8104166666666667 0.325 0.37916666666666665
0 0.069921875 0.26944444444444443 0.13828125 0.18333333333333332
0 0.16875 0.0375 0.0265625 0.027777777777777776
0 0.223828125 0.029861111111111113 0.04921875 0.04027777777777778
0 0.28671875 0.035416666666666666 0.0359375 0.0375
0 0.3671875 0.024305555555555556 0.01875 0.029166666666666667
0 0.371875 0.041666666666666664 0.0171875 0.030555555555555555
0 0.405859375 0.041666666666666664 0.05078125 0.06388888888888888
0 0.469921875 0.034722222222222224 0.01953125 0.03333333333333333
0 0.50546875 0.034722222222222224 0.0265625 0.019444444444444445
0 0.7078125 0.14166666666666666 0.0453125 0.06111111111111111
0 0.73828125 0.1375 0.0296875 0.044444444444444446
0 0.75078125 0.10416666666666667 0.03125 0.04722222222222222
0 0.7328125 0.25277777777777777 0.178125 0.17777777777777778