1 0.6828125 0.6034722222222222 0.0875 0.34305555555555556
1 0.27734375 0.12013888888888889 0.01875 0.09583333333333334
0 0.192578125 0.2298611111111111 0.18203125 0.1625
0 0.501171875 0.07916666666666666 0.05703125 0.04722222222222222
0 0.037109375 0.23680555555555555 0.07265625 0.12638888888888888
0 0.4015625 0.044444444444444446 0.0390625 0.03888888888888889
0 0.160546875 0.8152777777777778 0.31953125 0.36944444444444446
0 0.361328125 0.022916666666666665 0.04453125 0.04027777777777778
0 0.384375 0.03125 0.025 0.02638888888888889
0 0.2140625 0.034722222222222224 0.0453125 0.03611111111111111
0 0.282421875 0.03888888888888889 0.03046875 0.030555555555555555
0 0.296484375 0.034722222222222224 0.03203125 0.041666666666666664
0 0.3078125 0.025694444444444443 0.040625 0.03194444444444444
0 0.496875 0.03888888888888889 0.028125 0.025
0 0.7125 0.08888888888888889 0.0328125 0.04722222222222222
0 0.7171875 0.13958333333333334 0.046875 0.059722222222222225
0 0.768359375 0.1388888888888889 0.06484375 0.07777777777777778
0 0.847265625 0.19930555555555557 0.05234375 0.059722222222222225
0 0.739453125 0.2388888888888889 0.12578125 0.13333333333333333