1 0.123828125 0.1451388888888889 0.01796875 0.0763888888888889
1 0.10078125 0.15416666666666667 0.0171875 0.08611111111111111
0 0.09453125 0.2923611111111111 0.1828125 0.1736111111111111
0 0.322265625 0.1125 0.08984375 0.075
0 0.0359375 0.23680555555555555 0.0703125 0.12083333333333333
0 0.33828125 0.022222222222222223 0.05 0.03611111111111111
0 0.62734375 0.11527777777777778 0.1515625 0.1361111111111111
0 0.302734375 0.04652777777777778 0.05390625 0.043055555555555555
0 0.160546875 0.8152777777777778 0.31953125 0.35833333333333334
0 0.4015625 0.029166666666666667 0.0359375 0.027777777777777776
0 0.18828125 0.030555555555555555 0.0421875 0.030555555555555555
0 0.228125 0.035416666666666666 0.0484375 0.0375
0 0.27421875 0.03263888888888889 0.0203125 0.02638888888888889
0 0.46796875 0.03333333333333333 0.0203125 0.03333333333333333
0 0.516015625 0.03611111111111111 0.02421875 0.013888888888888888
0 0.73671875 0.1638888888888889 0.08125 0.08888888888888889
0 0.707421875 0.11805555555555555 0.02890625 0.05
0 0.8421875 0.19652777777777777 0.059375 0.059722222222222225
0 0.857421875 0.30625 0.01796875 0.09583333333333334