1 0.661328125 0.5729166666666666 0.11328125 0.3819444444444444
0 0.096875 0.45 0.1921875 0.3111111111111111
0 0.3640625 0.03819444444444445 0.0421875 0.034722222222222224
0 0.212890625 0.034027777777777775 0.04453125 0.03194444444444444
0 0.7109375 0.2763888888888889 0.1609375 0.1361111111111111
0 0.280859375 0.0375 0.03203125 0.030555555555555555
0 0.303125 0.029166666666666667 0.0359375 0.03888888888888889
0 0.33046875 0.02847222222222222 0.025 0.04027777777777778
0 0.398046875 0.04375 0.02890625 0.034722222222222224
0 0.758203125 0.15208333333333332 0.06484375 0.059722222222222225
0 0.16484375 0.03611111111111111 0.0171875 0.025
0 0.75625 0.1076388888888889 0.021875 0.02638888888888889
0 0.793359375 0.10625 0.01796875 0.02638888888888889
0 0.77109375 0.09791666666666667 0.0140625 0.015277777777777777
0 0.8171875 0.10416666666666667 0.0125 0.019444444444444445