0 0.540625 0.08472222222222223 0.078125 0.09444444444444444
0 0.29921875 0.3145833333333333 0.253125 0.2013888888888889
0 0.22890625 0.08888888888888889 0.0609375 0.058333333333333334
0 0.498046875 0.0763888888888889 0.03359375 0.041666666666666664
0 0.63359375 0.14652777777777778 0.109375 0.09305555555555556
0 0.411328125 0.06180555555555556 0.03984375 0.04027777777777778
1 0.25703125 0.1361111111111111 0.028125 0.09722222222222222
0 0.209765625 0.034722222222222224 0.04609375 0.04722222222222222
0 0.28046875 0.03263888888888889 0.05 0.043055555555555555
0 0.28359375 0.03125 0.0828125 0.05138888888888889
0 0.515234375 0.029166666666666667 0.03359375 0.030555555555555555
0 0.649609375 0.09375 0.03515625 0.04027777777777778
0 0.704296875 0.12708333333333333 0.04296875 0.06527777777777778