0 0.03671875 0.2388888888888889 0.071875 0.12777777777777777
0 0.378515625 0.10277777777777777 0.07265625 0.08333333333333333
0 0.568359375 0.1986111111111111 0.13203125 0.11666666666666667
0 0.6609375 0.10486111111111111 0.0390625 0.043055555555555555
0 0.159765625 0.8104166666666667 0.31796875 0.37916666666666665
0 0.346875 0.05 0.0484375 0.044444444444444446
0 0.496875 0.03333333333333333 0.0328125 0.022222222222222223
0 0.674609375 0.15833333333333333 0.06171875 0.06944444444444445
0 0.228125 0.029166666666666667 0.0453125 0.041666666666666664
0 0.285546875 0.03263888888888889 0.04765625 0.059722222222222225
0 0.33203125 0.025 0.021875 0.03888888888888889
0 0.4765625 0.03125 0.034375 0.03194444444444444
0 0.708203125 0.13541666666666666 0.03515625 0.0625