1 0.684765625 0.7208333333333333 0.10234375 0.4305555555555556
1 0.597265625 0.7243055555555555 0.10703125 0.4986111111111111
0 0.256640625 0.20347222222222222 0.16796875 0.15694444444444444
0 0.491796875 0.17222222222222222 0.08046875 0.08888888888888889
0 0.037109375 0.23958333333333334 0.07265625 0.12638888888888888
0 0.243359375 0.08888888888888889 0.06953125 0.05277777777777778
0 0.53828125 0.11458333333333333 0.059375 0.06527777777777778
0 0.586328125 0.10486111111111111 0.04453125 0.05416666666666667
0 0.355078125 0.02638888888888889 0.03046875 0.027777777777777776
0 0.159765625 0.8090277777777778 0.31796875 0.3819444444444444
0 0.398046875 0.034722222222222224 0.01640625 0.030555555555555555
0 0.649609375 0.12083333333333333 0.06484375 0.06944444444444445
0 0.489453125 0.03333333333333333 0.02109375 0.022222222222222223
0 0.17265625 0.03263888888888889 0.0328125 0.02638888888888889
0 0.218359375 0.034027777777777775 0.04453125 0.034722222222222224
0 0.2328125 0.022916666666666665 0.040625 0.04027777777777778
0 0.28359375 0.03680555555555556 0.0359375 0.04027777777777778
0 0.300390625 0.03333333333333333 0.03203125 0.03333333333333333
0 0.378515625 0.035416666666666666 0.02578125 0.0375
0 0.409765625 0.029166666666666667 0.02421875 0.030555555555555555
0 0.4671875 0.034722222222222224 0.01875 0.03611111111111111
0 0.701953125 0.1284722222222222 0.03203125 0.05694444444444444
0 0.691796875 0.09861111111111111 0.02734375 0.022222222222222223
0 0.772265625 0.10625 0.02265625 0.03194444444444444
0 0.849609375 0.18888888888888888 0.04609375 0.05555555555555555