1 0.529296875 0.8006944444444445 0.10546875 0.36527777777777776
0 0.549609375 0.13819444444444445 0.11328125 0.09583333333333334
0 0.37734375 0.04027777777777778 0.0375 0.03333333333333333
0 0.284375 0.02361111111111111 0.0609375 0.044444444444444446
0 0.216015625 0.03680555555555556 0.04765625 0.04027777777777778
0 0.15859375 0.8166666666666667 0.315625 0.36666666666666664
0 0.008203125 0.3125 0.01484375 0.1361111111111111
0 0.39453125 0.029166666666666667 0.04375 0.03611111111111111
0 0.516015625 0.03263888888888889 0.03046875 0.03194444444444444
0 0.678515625 0.14097222222222222 0.08671875 0.07083333333333333
0 0.716796875 0.2826388888888889 0.18203125 0.14027777777777778
1 0.496875 0.9354166666666667 0.125 0.12916666666666668