1 0.748046875 0.5256944444444445 0.08203125 0.31527777777777777
0 0.03671875 0.2388888888888889 0.071875 0.125
0 0.3265625 0.09652777777777778 0.0828125 0.07083333333333333
0 0.161328125 0.8118055555555556 0.32109375 0.3763888888888889
0 0.381640625 0.041666666666666664 0.04296875 0.03333333333333333
0 0.496875 0.07569444444444444 0.05 0.05416666666666667
0 0.180078125 0.06319444444444444 0.05078125 0.06527777777777778
0 0.183203125 0.024305555555555556 0.06015625 0.04583333333333333
0 0.248046875 0.03819444444444445 0.05078125 0.04583333333333333
0 0.29765625 0.021527777777777778 0.0515625 0.04027777777777778
0 0.34296875 0.02847222222222222 0.0328125 0.029166666666666667
0 0.3578125 0.02361111111111111 0.028125 0.025
0 0.409765625 0.027777777777777776 0.02421875 0.044444444444444446
0 0.497265625 0.03611111111111111 0.03515625 0.022222222222222223
0 0.853125 0.32569444444444445 0.021875 0.08194444444444444