0 0.49609375 0.1597222222222222 0.0859375 0.09166666666666666
0 0.400390625 0.04236111111111111 0.04296875 0.04027777777777778
0 0.6375 0.0875 0.0625 0.08055555555555556
0 0.831640625 0.28958333333333336 0.07421875 0.13194444444444445
0 0.1625 0.8159722222222222 0.3234375 0.3680555555555556
0 0.209765625 0.035416666666666666 0.04296875 0.03194444444444444
0 0.230859375 0.02361111111111111 0.04296875 0.03888888888888889
0 0.403125 0.018055555555555554 0.0328125 0.030555555555555555
0 0.464453125 0.04027777777777778 0.01640625 0.025
0 0.7109375 0.28402777777777777 0.1640625 0.1486111111111111
0 0.76484375 0.20347222222222222 0.1078125 0.10138888888888889
0 0.745703125 0.1597222222222222 0.09609375 0.08888888888888889
0 0.682421875 0.1 0.02578125 0.041666666666666664
0 0.703125 0.12430555555555556 0.03125 0.05416666666666667
0 0.73671875 0.09027777777777778 0.0328125 0.075
0 0.762890625 0.10486111111111111 0.02578125 0.0375