1 0.190625 0.19236111111111112 0.028125 0.12361111111111112
0 0.575390625 0.1486111111111111 0.06953125 0.08055555555555556
0 0.063671875 0.29583333333333334 0.12578125 0.2777777777777778
0 0.349609375 0.04097222222222222 0.04453125 0.04027777777777778
0 0.503125 0.10208333333333333 0.0578125 0.12361111111111112
0 0.591796875 0.10277777777777777 0.05078125 0.041666666666666664
0 0.643359375 0.13055555555555556 0.05703125 0.06111111111111111
0 0.287109375 0.0375 0.04609375 0.05555555555555555
0 0.692578125 0.12777777777777777 0.04453125 0.058333333333333334
0 0.719140625 0.11736111111111111 0.03671875 0.059722222222222225
0 0.857421875 0.3055555555555556 0.01796875 0.08055555555555556
0 0.8 0.10208333333333333 0.021875 0.02638888888888889