1 0.1875 0.11458333333333333 0.01875 0.09583333333333334
0 0.54375 0.08680555555555555 0.0640625 0.05416666666666667
0 0.388671875 0.030555555555555555 0.04453125 0.03611111111111111
0 0.3109375 0.04027777777777778 0.0609375 0.05277777777777778
0 0.208203125 0.02847222222222222 0.04765625 0.04583333333333333
0 0.241796875 0.03333333333333333 0.04296875 0.041666666666666664
0 0.319921875 0.03125 0.09140625 0.059722222222222225
0 0.739453125 0.17222222222222222 0.06484375 0.09444444444444444
0 0.858984375 0.19722222222222222 0.03203125 0.06944444444444445
0 0.721484375 0.11666666666666667 0.03828125 0.05
0 0.74609375 0.1 0.0390625 0.06388888888888888