1 0.664453125 0.7763888888888889 0.13046875 0.44722222222222224
0 0.363671875 0.03958333333333333 0.03984375 0.0375
0 0.037109375 0.23958333333333334 0.07265625 0.12638888888888888
0 0.805078125 0.2569444444444444 0.12265625 0.1361111111111111
0 0.163671875 0.8138888888888889 0.32578125 0.37222222222222223
0 0.20703125 0.08333333333333333 0.0609375 0.058333333333333334
0 0.294921875 0.041666666666666664 0.05390625 0.03333333333333333
0 0.178125 0.03194444444444444 0.0390625 0.030555555555555555
0 0.213671875 0.03611111111111111 0.04765625 0.03333333333333333
0 0.2421875 0.02361111111111111 0.03125 0.027777777777777776
0 0.29375 0.018055555555555554 0.05 0.027777777777777776
0 0.468359375 0.05763888888888889 0.02890625 0.04583333333333333
0 0.4921875 0.0375 0.0375 0.027777777777777776
0 0.54453125 0.022916666666666665 0.0625 0.029166666666666667
0 0.729296875 0.14305555555555555 0.08359375 0.06944444444444445
0 0.752734375 0.10972222222222222 0.03203125 0.03333333333333333