1 0.825390625 0.44583333333333336 0.06015625 0.20277777777777778
1 0.048828125 0.20833333333333334 0.02421875 0.15
0 0.5140625 0.1625 0.0921875 0.09722222222222222
0 0.266796875 0.22291666666666668 0.16171875 0.15416666666666667
0 0.35625 0.020833333333333332 0.0484375 0.03888888888888889
0 0.518359375 0.07222222222222222 0.06171875 0.041666666666666664
0 0.215234375 0.03333333333333333 0.04765625 0.03888888888888889
0 0.259765625 0.030555555555555555 0.04296875 0.041666666666666664
0 0.48828125 0.035416666666666666 0.0265625 0.02638888888888889
0 0.465625 0.03680555555555556 0.0171875 0.03194444444444444
0 0.709375 0.17291666666666666 0.0578125 0.08472222222222223