1 0.7203125 0.40902777777777777 0.05 0.19027777777777777
1 0.7984375 0.4131944444444444 0.059375 0.20416666666666666
0 0.28671875 0.09930555555555555 0.0734375 0.059722222222222225
0 0.48046875 0.06180555555555556 0.0421875 0.04583333333333333
0 0.294921875 0.0375 0.04453125 0.025
0 0.350390625 0.04236111111111111 0.04453125 0.0375
0 0.66640625 0.16944444444444445 0.09375 0.1111111111111111
1 0.721875 0.30486111111111114 0.028125 0.03194444444444444
0 0.799609375 0.10555555555555556 0.01796875 0.022222222222222223
0 0.77109375 0.08958333333333333 0.025 0.02638888888888889
0 0.484765625 0.030555555555555555 0.02578125 0.025
0 0.412890625 0.058333333333333334 0.03046875 0.041666666666666664
0 0.4015625 0.022222222222222223 0.0296875 0.030555555555555555
0 0.38125 0.035416666666666666 0.021875 0.029166666666666667
0 0.2671875 0.027777777777777776 0.059375 0.05
0 0.21796875 0.03194444444444444 0.0390625 0.03333333333333333
0 0.183984375 0.029861111111111113 0.03984375 0.03194444444444444