1 0.38203125 0.1951388888888889 0.0296875 0.14305555555555555
0 0.037109375 0.23819444444444443 0.07265625 0.12638888888888888
0 0.339453125 0.11666666666666667 0.08359375 0.07777777777777778
0 0.58828125 0.08333333333333333 0.0859375 0.07777777777777778
0 0.4078125 0.04097222222222222 0.0421875 0.04861111111111111
0 0.16171875 0.8138888888888889 0.321875 0.37222222222222223
0 0.3359375 0.027083333333333334 0.0375 0.029166666666666667
0 0.38828125 0.019444444444444445 0.0234375 0.016666666666666666
0 0.1703125 0.030555555555555555 0.0359375 0.03611111111111111
0 0.215234375 0.029861111111111113 0.04921875 0.04027777777777778
0 0.269921875 0.041666666666666664 0.05078125 0.03888888888888889
0 0.298046875 0.03263888888888889 0.02578125 0.03194444444444444
0 0.376953125 0.03611111111111111 0.02265625 0.03333333333333333
0 0.520703125 0.025694444444444443 0.04609375 0.0375
0 0.490625 0.029861111111111113 0.015625 0.03194444444444444
0 0.684765625 0.16180555555555556 0.04609375 0.0763888888888889
0 0.749609375 0.15763888888888888 0.08359375 0.0763888888888889
0 0.721875 0.11388888888888889 0.0328125 0.041666666666666664
0 0.846875 0.1909722222222222 0.0609375 0.059722222222222225