0 0.533984375 0.07708333333333334 0.06171875 0.043055555555555555
0 0.63046875 0.10347222222222222 0.0515625 0.04583333333333333
0 0.371484375 0.05347222222222222 0.03984375 0.029166666666666667
0 0.350390625 0.02638888888888889 0.03203125 0.03333333333333333
0 0.6984375 0.24166666666666667 0.1421875 0.14722222222222223
0 0.72109375 0.15416666666666667 0.0875 0.08055555555555556
0 0.2296875 0.029861111111111113 0.0390625 0.034722222222222224
0 0.28125 0.03680555555555556 0.03125 0.03194444444444444
0 0.465625 0.05277777777777778 0.01875 0.019444444444444445
0 0.38203125 0.03333333333333333 0.0359375 0.019444444444444445
0 0.358984375 0.030555555555555555 0.01484375 0.025
0 0.514453125 0.034722222222222224 0.02421875 0.022222222222222223
0 0.681640625 0.09930555555555555 0.02734375 0.0375