1 0.667578125 0.5583333333333333 0.07265625 0.33055555555555555
1 0.744140625 0.5881944444444445 0.07890625 0.31805555555555554
0 0.3578125 0.049305555555555554 0.0484375 0.0375
0 0.640234375 0.09861111111111111 0.04765625 0.05
0 0.841796875 0.18263888888888888 0.05703125 0.0625
0 0.21328125 0.03611111111111111 0.0484375 0.041666666666666664
0 0.243359375 0.03194444444444444 0.01796875 0.030555555555555555
0 0.28046875 0.03680555555555556 0.0328125 0.034722222222222224
0 0.3046875 0.03958333333333333 0.0359375 0.034722222222222224
0 0.49765625 0.030555555555555555 0.0453125 0.030555555555555555
0 0.8140625 0.1 0.0171875 0.03611111111111111
0 0.775 0.26875 0.1703125 0.1625
1 0.66796875 0.5173611111111112 0.0578125 0.15416666666666667