1 0.775 0.4701388888888889 0.065625 0.27361111111111114
1 0.434375 0.9152777777777777 0.1234375 0.16666666666666666
0 0.2859375 0.16319444444444445 0.278125 0.2847222222222222
0 0.503515625 0.034722222222222224 0.02578125 0.019444444444444445
0 0.667578125 0.10555555555555556 0.03828125 0.041666666666666664
0 0.28125 0.017361111111111112 0.0328125 0.020833333333333332
0 0.696484375 0.1076388888888889 0.02265625 0.05138888888888889
0 0.713671875 0.11180555555555556 0.02578125 0.034722222222222224
0 0.712890625 0.17847222222222223 0.05546875 0.0763888888888889
0 0.821875 0.1840277777777778 0.0828125 0.06805555555555555
0 0.805078125 0.15763888888888888 0.06171875 0.04861111111111111
0 0.760546875 0.08611111111111111 0.01953125 0.022222222222222223
0 0.81875 0.10555555555555556 0.021875 0.027777777777777776