1 0.214453125 0.1111111111111111 0.01796875 0.09444444444444444
1 0.191015625 0.11736111111111111 0.01953125 0.09305555555555556
0 0.24609375 0.32569444444444445 0.28125 0.22361111111111112
0 0.03671875 0.24027777777777778 0.071875 0.125
0 0.610546875 0.12708333333333333 0.08984375 0.07361111111111111
0 0.1609375 0.8159722222222222 0.3203125 0.3680555555555556
0 0.608984375 0.25069444444444444 0.17421875 0.13472222222222222
0 0.333203125 0.04722222222222222 0.05234375 0.03888888888888889
0 0.370703125 0.022222222222222223 0.03046875 0.027777777777777776
0 0.227734375 0.034722222222222224 0.04453125 0.027777777777777776
0 0.48828125 0.034027777777777775 0.0296875 0.020833333333333332
0 0.284765625 0.029166666666666667 0.03828125 0.030555555555555555
0 0.33828125 0.02013888888888889 0.046875 0.029166666666666667
0 0.4140625 0.029861111111111113 0.0125 0.015277777777777777
0 0.809375 0.10625 0.015625 0.02361111111111111