0 0.037109375 0.23819444444444443 0.07265625 0.12638888888888888
0 0.575 0.12986111111111112 0.0625 0.07361111111111111
0 0.161328125 0.8097222222222222 0.32109375 0.38055555555555554
0 0.385546875 0.025694444444444443 0.03828125 0.03194444444444444
0 0.16953125 0.03333333333333333 0.0265625 0.030555555555555555
0 0.197265625 0.03333333333333333 0.02265625 0.027777777777777776
0 0.233984375 0.02638888888888889 0.04921875 0.04722222222222222
0 0.279296875 0.027777777777777776 0.06640625 0.05
0 0.324609375 0.025694444444444443 0.02109375 0.03194444444444444
0 0.366015625 0.0375 0.04140625 0.041666666666666664
0 0.468359375 0.03611111111111111 0.01953125 0.022222222222222223
0 0.721484375 0.2388888888888889 0.15703125 0.15
0 0.805078125 0.20416666666666666 0.08046875 0.09722222222222222
0 0.8234375 0.17708333333333334 0.05 0.059722222222222225
0 0.855859375 0.26666666666666666 0.02734375 0.09722222222222222