0 0.037109375 0.2388888888888889 0.07265625 0.12777777777777777
0 0.83984375 0.24583333333333332 0.0609375 0.08611111111111111
0 0.2609375 0.08055555555555556 0.084375 0.07777777777777778
0 0.16171875 0.8125 0.321875 0.375
0 0.79375 0.1763888888888889 0.0828125 0.06111111111111111
0 0.398828125 0.03333333333333333 0.03828125 0.027777777777777776
0 0.355859375 0.024305555555555556 0.03515625 0.02638888888888889
0 0.17734375 0.03263888888888889 0.0375 0.02361111111111111
0 0.226171875 0.027083333333333334 0.03984375 0.04027777777777778
0 0.287109375 0.027083333333333334 0.04296875 0.05138888888888889
0 0.33125 0.027777777777777776 0.025 0.025
0 0.346875 0.04861111111111111 0.053125 0.044444444444444446
0 0.501953125 0.025694444444444443 0.06796875 0.043055555555555555
0 0.6796875 0.10555555555555556 0.034375 0.041666666666666664
0 0.71875 0.12152777777777778 0.028125 0.043055555555555555
0 0.773828125 0.11041666666666666 0.02578125 0.043055555555555555
0 0.708984375 0.1673611111111111 0.06171875 0.08194444444444444