1 0.761328125 0.46944444444444444 0.06640625 0.24722222222222223
1 0.328515625 0.3125 0.03671875 0.18333333333333332
1 0.3421875 0.18055555555555555 0.0234375 0.11388888888888889
1 0.3609375 0.17708333333333334 0.025 0.11805555555555555
1 0.491796875 0.90625 0.14140625 0.1875
0 0.598828125 0.17569444444444443 0.13671875 0.15416666666666667
0 0.344140625 0.027083333333333334 0.03828125 0.029166666666666667
0 0.29609375 0.027777777777777776 0.046875 0.030555555555555555
0 0.812109375 0.18333333333333332 0.08828125 0.06111111111111111
0 0.1671875 0.035416666666666666 0.021875 0.029166666666666667
0 0.237890625 0.025694444444444443 0.02890625 0.0375