0 0.03671875 0.2388888888888889 0.071875 0.125
0 0.159765625 0.8027777777777778 0.31796875 0.39444444444444443
0 0.673828125 0.11944444444444445 0.07890625 0.06666666666666667
0 0.4046875 0.029861111111111113 0.0265625 0.02638888888888889
0 0.843359375 0.17916666666666667 0.06171875 0.07222222222222222
0 0.37265625 0.04027777777777778 0.0390625 0.041666666666666664
0 0.776953125 0.26319444444444445 0.15546875 0.13194444444444445
0 0.769921875 0.10138888888888889 0.01953125 0.03333333333333333
0 0.80625 0.10625 0.015625 0.02361111111111111
0 0.31953125 0.03819444444444445 0.053125 0.05416666666666667
0 0.3515625 0.025 0.0203125 0.027777777777777776
0 0.465625 0.03194444444444444 0.0171875 0.025
0 0.494921875 0.034722222222222224 0.03984375 0.027777777777777776