1 0.685546875 0.5479166666666667 0.08671875 0.3763888888888889
0 0.03671875 0.2388888888888889 0.071875 0.12777777777777777
0 0.318359375 0.09722222222222222 0.07890625 0.07222222222222222
0 0.4734375 0.14652777777777778 0.0984375 0.0875
0 0.16171875 0.8097222222222222 0.321875 0.38055555555555554
0 0.50625 0.03333333333333333 0.025 0.019444444444444445
0 0.474609375 0.035416666666666666 0.03046875 0.020833333333333332
0 0.169140625 0.03611111111111111 0.02734375 0.030555555555555555
0 0.21484375 0.030555555555555555 0.0453125 0.03888888888888889
0 0.28125 0.04027777777777778 0.028125 0.03611111111111111
0 0.29921875 0.03125 0.0234375 0.029166666666666667
0 0.312890625 0.027083333333333334 0.01796875 0.029166666666666667
0 0.340625 0.027083333333333334 0.0390625 0.05138888888888889
0 0.37109375 0.024305555555555556 0.0328125 0.0375
0 0.77890625 0.19930555555555557 0.1703125 0.18194444444444444
1 0.69921875 0.3215277777777778 0.04375 0.1375