1 0.725390625 0.44722222222222224 0.05390625 0.2611111111111111
1 0.8203125 0.4222222222222222 0.053125 0.23055555555555557
0 0.543359375 0.2611111111111111 0.17421875 0.15555555555555556
0 0.16328125 0.25833333333333336 0.2015625 0.18055555555555555
0 0.5046875 0.12361111111111112 0.06875 0.07222222222222222
0 0.368359375 0.12430555555555556 0.09296875 0.08194444444444444
0 0.046875 0.4861111111111111 0.0921875 0.19722222222222222
0 0.03671875 0.2361111111111111 0.071875 0.12777777777777777
0 0.345703125 0.049305555555555554 0.05390625 0.043055555555555555
0 0.161328125 0.8131944444444444 0.32109375 0.3736111111111111
0 0.47578125 0.03611111111111111 0.0359375 0.025
0 0.225 0.030555555555555555 0.040625 0.041666666666666664
0 0.287890625 0.029861111111111113 0.04609375 0.04861111111111111
0 0.387890625 0.027083333333333334 0.06484375 0.04583333333333333
0 0.698046875 0.11944444444444445 0.04140625 0.044444444444444446
0 0.76015625 0.09583333333333334 0.025 0.03611111111111111
0 0.794140625 0.10138888888888889 0.01953125 0.030555555555555555
0 0.763671875 0.175 0.06796875 0.09722222222222222
0 0.79375 0.3034722222222222 0.1375 0.1486111111111111