0 0.5390625 0.08472222222222223 0.0625 0.05277777777777778
0 0.319921875 0.11388888888888889 0.08203125 0.07777777777777778
0 0.305859375 0.043055555555555555 0.04765625 0.03611111111111111
0 0.487890625 0.06458333333333334 0.04453125 0.043055555555555555
0 0.362109375 0.02638888888888889 0.03984375 0.030555555555555555
0 0.488671875 0.034722222222222224 0.03671875 0.022222222222222223
0 0.2421875 0.03194444444444444 0.0359375 0.03611111111111111
0 0.28046875 0.025694444444444443 0.0328125 0.03194444444444444
0 0.333203125 0.022916666666666665 0.02578125 0.02638888888888889
0 0.690625 0.13402777777777777 0.0671875 0.06527777777777778
0 0.790625 0.09513888888888888 0.0328125 0.04027777777777778