0 0.473828125 0.24513888888888888 0.18828125 0.1736111111111111
0 0.53828125 0.07777777777777778 0.05625 0.044444444444444446
0 0.38203125 0.12569444444444444 0.0859375 0.09305555555555556
0 0.476953125 0.06111111111111111 0.04140625 0.05
0 0.399609375 0.0375 0.03828125 0.03333333333333333
0 0.410546875 0.059027777777777776 0.03984375 0.0375
0 0.234765625 0.07847222222222222 0.08203125 0.07916666666666666
0 0.37734375 0.02847222222222222 0.040625 0.04861111111111111
0 0.408984375 0.027777777777777776 0.02265625 0.03888888888888889
0 0.7078125 0.11527777777777778 0.0328125 0.05
0 0.758984375 0.09583333333333334 0.03046875 0.05555555555555555
0 0.796875 0.17222222222222222 0.08125 0.06944444444444445