1 0.809375 0.44930555555555557 0.059375 0.25972222222222224
1 0.77109375 0.43819444444444444 0.0578125 0.24027777777777778
0 0.612109375 0.1 0.07421875 0.06111111111111111
0 0.214453125 0.3659722222222222 0.28671875 0.22916666666666666
0 0.345703125 0.034722222222222224 0.03828125 0.03333333333333333
0 0.3984375 0.043055555555555555 0.04375 0.03888888888888889
0 0.480859375 0.0625 0.04296875 0.04722222222222222
0 0.215234375 0.21597222222222223 0.18203125 0.14027777777777778
0 0.214453125 0.029166666666666667 0.04140625 0.027777777777777776
0 0.825390625 0.1909722222222222 0.08046875 0.0763888888888889
0 0.86171875 0.17777777777777778 0.025 0.044444444444444446