0 0.373046875 0.17847222222222223 0.11640625 0.10972222222222222
0 0.03671875 0.2375 0.071875 0.12777777777777777
0 0.606640625 0.09513888888888888 0.06484375 0.043055555555555555
0 0.64765625 0.1326388888888889 0.09375 0.059722222222222225
0 0.162109375 0.8076388888888889 0.32265625 0.38472222222222224
0 0.47890625 0.034027777777777775 0.0359375 0.02361111111111111
0 0.17734375 0.034722222222222224 0.040625 0.027777777777777776
0 0.542578125 0.025 0.05234375 0.03611111111111111
0 0.675390625 0.09722222222222222 0.03359375 0.027777777777777776
0 0.801953125 0.10277777777777777 0.01640625 0.025
0 0.75390625 0.10416666666666667 0.0203125 0.027777777777777776