0 0.34140625 0.03680555555555556 0.0328125 0.03194444444444444
0 0.3171875 0.025 0.03125 0.027777777777777776
0 0.544140625 0.07847222222222222 0.07890625 0.07361111111111111
0 0.428125 0.14166666666666666 0.1015625 0.08888888888888889
0 0.195703125 0.029166666666666667 0.01484375 0.030555555555555555
0 0.216796875 0.03194444444444444 0.04296875 0.030555555555555555
0 0.237109375 0.025694444444444443 0.02109375 0.029166666666666667
0 0.276953125 0.02847222222222222 0.01796875 0.029166666666666667
0 0.3921875 0.022222222222222223 0.0515625 0.041666666666666664
0 0.471484375 0.03333333333333333 0.02421875 0.027777777777777776
0 0.50859375 0.035416666666666666 0.025 0.0125
0 0.67265625 0.10277777777777777 0.04375 0.05277777777777778
0 0.716796875 0.12569444444444444 0.03515625 0.05694444444444444
0 0.7828125 0.16527777777777777 0.071875 0.06111111111111111
0 0.828125 0.28541666666666665 0.071875 0.14305555555555555
0 0.80234375 0.10277777777777777 0.015625 0.022222222222222223