0 0.503125 0.13958333333333334 0.0703125 0.08472222222222223
0 0.03671875 0.23819444444444443 0.071875 0.12638888888888888
0 0.16484375 0.8104166666666667 0.328125 0.37916666666666665
0 0.4109375 0.05 0.04375 0.04722222222222222
1 0.422265625 0.21805555555555556 0.01171875 0.07777777777777778
0 0.22734375 0.03263888888888889 0.0484375 0.04861111111111111
0 0.285546875 0.03611111111111111 0.03828125 0.03888888888888889
0 0.322265625 0.0375 0.03984375 0.041666666666666664
0 0.352734375 0.0375 0.03515625 0.03333333333333333
0 0.37578125 0.034722222222222224 0.021875 0.03611111111111111
0 0.43046875 0.02361111111111111 0.1484375 0.041666666666666664
0 0.510546875 0.03680555555555556 0.02109375 0.020833333333333332
0 0.7546875 0.11180555555555556 0.0265625 0.03194444444444444
0 0.7734375 0.1 0.01875 0.022222222222222223
0 0.806640625 0.10069444444444445 0.01484375 0.029166666666666667