0 0.03671875 0.2388888888888889 0.071875 0.125
0 0.281640625 0.1 0.07578125 0.06111111111111111
0 0.57578125 0.11944444444444445 0.059375 0.06111111111111111
0 0.16171875 0.8090277777777778 0.321875 0.3819444444444444
0 0.345703125 0.04652777777777778 0.05234375 0.04861111111111111
0 0.480078125 0.03333333333333333 0.03984375 0.027777777777777776
0 0.226953125 0.02847222222222222 0.04296875 0.0375
0 0.28828125 0.029861111111111113 0.0453125 0.05416666666666667
0 0.3390625 0.020833333333333332 0.0640625 0.03611111111111111
0 0.71875 0.11597222222222223 0.0359375 0.0375
0 0.734375 0.16597222222222222 0.1 0.06805555555555555
0 0.86328125 0.20902777777777778 0.0171875 0.043055555555555555