1 0.584375 0.8444444444444444 0.15625 0.3111111111111111
1 0.422265625 0.8569444444444444 0.15859375 0.2861111111111111
0 0.63671875 0.12986111111111112 0.0828125 0.12916666666666668
0 0.341796875 0.027777777777777776 0.02265625 0.030555555555555555
0 0.3859375 0.034722222222222224 0.0234375 0.03333333333333333
0 0.7484375 0.23125 0.14375 0.16527777777777777
0 0.803125 0.16180555555555556 0.0671875 0.06527777777777778
0 0.688671875 0.10416666666666667 0.03359375 0.04722222222222222
0 0.72421875 0.1111111111111111 0.0375 0.05
0 0.8046875 0.10555555555555556 0.01875 0.022222222222222223
0 0.5890625 0.10902777777777778 0.0140625 0.04027777777777778