1 0.21328125 0.11736111111111111 0.01875 0.09305555555555556
1 0.492578125 0.9083333333333333 0.14921875 0.18333333333333332
0 0.03671875 0.23958333333333334 0.071875 0.12916666666666668
0 0.569140625 0.11736111111111111 0.06015625 0.059722222222222225
0 0.8171875 0.29305555555555557 0.096875 0.17222222222222222
0 0.160546875 0.8020833333333334 0.31953125 0.3958333333333333
0 0.391015625 0.04513888888888889 0.02734375 0.0375
0 0.46484375 0.035416666666666666 0.025 0.02361111111111111
0 0.50859375 0.034027777777777775 0.028125 0.020833333333333332
0 0.1765625 0.035416666666666666 0.040625 0.03194444444444444
0 0.22265625 0.03194444444444444 0.0453125 0.041666666666666664
0 0.286328125 0.03888888888888889 0.04296875 0.04722222222222222
0 0.346875 0.03333333333333333 0.0734375 0.058333333333333334
0 0.403125 0.027777777777777776 0.028125 0.041666666666666664
0 0.77578125 0.11180555555555556 0.021875 0.03194444444444444
0 0.6984375 0.1125 0.040625 0.06111111111111111
0 0.723046875 0.16944444444444445 0.09765625 0.07777777777777778