0 0.537109375 0.1361111111111111 0.12890625 0.11388888888888889
0 0.037109375 0.2388888888888889 0.07265625 0.125
0 0.35234375 0.04861111111111111 0.0546875 0.04722222222222222
0 0.16171875 0.8118055555555556 0.321875 0.3763888888888889
0 0.475390625 0.03611111111111111 0.03828125 0.025
0 0.40390625 0.03125 0.034375 0.0375
0 0.21484375 0.03680555555555556 0.046875 0.034722222222222224
0 0.3234375 0.027777777777777776 0.040625 0.027777777777777776
0 0.181640625 0.03263888888888889 0.04609375 0.03194444444444444
0 0.325390625 0.015277777777777777 0.05234375 0.027777777777777776
0 0.722265625 0.23541666666666666 0.15703125 0.1486111111111111
0 0.830859375 0.19305555555555556 0.07421875 0.06388888888888888