1 0.7546875 0.4486111111111111 0.059375 0.28055555555555556
1 0.813671875 0.475 0.06015625 0.25277777777777777
1 0.646484375 0.6965277777777777 0.09296875 0.38472222222222224
0 0.579296875 0.24375 0.17578125 0.1625
0 0.82421875 0.25416666666666665 0.0890625 0.20277777777777778
0 0.180859375 0.030555555555555555 0.05234375 0.030555555555555555
0 0.228125 0.03958333333333333 0.05 0.04861111111111111
0 0.28671875 0.04027777777777778 0.0515625 0.03611111111111111
0 0.316015625 0.027083333333333334 0.04296875 0.0375
0 0.478125 0.035416666666666666 0.04375 0.034722222222222224
0 0.68359375 0.19722222222222222 0.078125 0.1