1 0.242578125 0.12708333333333333 0.01953125 0.07916666666666666
0 0.03671875 0.24097222222222223 0.071875 0.12638888888888888
0 0.57890625 0.2520833333333333 0.20625 0.15138888888888888
0 0.67265625 0.18472222222222223 0.1203125 0.10833333333333334
0 0.304296875 0.04722222222222222 0.05234375 0.03611111111111111
0 0.162109375 0.8173611111111111 0.32265625 0.36527777777777776
1 0.243359375 0.12361111111111112 0.01484375 0.09166666666666666
0 0.17265625 0.035416666666666666 0.034375 0.02361111111111111
0 0.228125 0.0375 0.0484375 0.030555555555555555
0 0.28125 0.020833333333333332 0.0296875 0.03333333333333333
0 0.319921875 0.02847222222222222 0.04140625 0.03194444444444444
0 0.496484375 0.03611111111111111 0.03515625 0.019444444444444445
0 0.7796875 0.1076388888888889 0.021875 0.029166666666666667