1 0.59921875 0.7659722222222223 0.1015625 0.41805555555555557
0 0.345703125 0.03611111111111111 0.03671875 0.03611111111111111
0 0.396875 0.04375 0.0390625 0.0375
0 0.5765625 0.09305555555555556 0.065625 0.05
0 0.3125 0.025694444444444443 0.0359375 0.029166666666666667
0 0.200390625 0.06597222222222222 0.06328125 0.0625
0 0.656640625 0.10069444444444445 0.03359375 0.043055555555555555
0 0.766796875 0.09027777777777778 0.02265625 0.03611111111111111
0 0.469140625 0.02847222222222222 0.02421875 0.02361111111111111
0 0.2171875 0.027777777777777776 0.0421875 0.03333333333333333
0 0.701171875 0.12152777777777778 0.03515625 0.04583333333333333
0 0.7328125 0.12083333333333333 0.015625 0.044444444444444446
0 0.490234375 0.035416666666666666 0.01953125 0.020833333333333332
0 0.472265625 0.06319444444444444 0.03203125 0.02638888888888889
0 0.278515625 0.03611111111111111 0.02421875 0.03333333333333333
0 0.245703125 0.03194444444444444 0.01640625 0.022222222222222223