0 0.26640625 0.2111111111111111 0.165625 0.17222222222222222
0 0.324609375 0.03263888888888889 0.03828125 0.03194444444444444
0 0.488671875 0.03194444444444444 0.03359375 0.025
0 0.204296875 0.07291666666666667 0.05859375 0.06805555555555555
0 0.168359375 0.029861111111111113 0.02421875 0.029166666666666667
0 0.219921875 0.024305555555555556 0.05234375 0.043055555555555555
0 0.2671875 0.03194444444444444 0.0421875 0.03611111111111111
0 0.408984375 0.027083333333333334 0.13359375 0.05138888888888889
0 0.796484375 0.17708333333333334 0.08984375 0.07083333333333333
0 0.8625 0.24930555555555556 0.01875 0.05416666666666667
0 0.8546875 0.3388888888888889 0.0171875 0.075
0 0.81796875 0.10694444444444444 0.0140625 0.022222222222222223