0 0.5375 0.26458333333333334 0.1796875 0.15138888888888888
0 0.628515625 0.1076388888888889 0.06171875 0.05138888888888889
0 0.32578125 0.025694444444444443 0.034375 0.04027777777777778
0 0.36484375 0.04652777777777778 0.05625 0.04583333333333333
0 0.6859375 0.15416666666666667 0.075 0.08333333333333333
0 0.82265625 0.17430555555555555 0.075 0.06805555555555555
0 0.47734375 0.06875 0.040625 0.043055555555555555
0 0.4078125 0.05486111111111111 0.0390625 0.04027777777777778
0 0.2625 0.03958333333333333 0.0453125 0.034722222222222224
0 0.179296875 0.035416666666666666 0.04609375 0.03194444444444444
0 0.671484375 0.09930555555555555 0.02734375 0.043055555555555555
0 0.733984375 0.1125 0.01953125 0.044444444444444446
0 0.756640625 0.11041666666666666 0.01796875 0.04027777777777778