0 0.0890625 0.2986111111111111 0.1765625 0.20555555555555555
0 0.49375 0.07361111111111111 0.04375 0.044444444444444446
0 0.333203125 0.030555555555555555 0.03203125 0.03333333333333333
0 0.209765625 0.034027777777777775 0.04140625 0.0375
0 0.470703125 0.03194444444444444 0.02734375 0.025
0 0.65234375 0.11041666666666666 0.053125 0.04861111111111111
0 0.22265625 0.019444444444444445 0.05 0.03333333333333333
0 0.254296875 0.03333333333333333 0.03984375 0.027777777777777776
0 0.290234375 0.03888888888888889 0.04453125 0.03611111111111111
0 0.72578125 0.1375 0.1265625 0.1361111111111111
0 0.85703125 0.20555555555555555 0.0328125 0.058333333333333334