0 0.555859375 0.175 0.13359375 0.125
0 0.6109375 0.10138888888888889 0.0640625 0.05
0 0.075 0.23333333333333334 0.1484375 0.3861111111111111
0 0.385546875 0.03958333333333333 0.03984375 0.0375
0 0.19609375 0.02847222222222222 0.040625 0.03194444444444444
0 0.22578125 0.0375 0.046875 0.03333333333333333
0 0.291796875 0.03680555555555556 0.05390625 0.043055555555555555
0 0.512890625 0.03611111111111111 0.02421875 0.016666666666666666
0 0.692578125 0.10347222222222222 0.03359375 0.0375
0 0.718359375 0.12013888888888889 0.03671875 0.04861111111111111
0 0.77578125 0.1701388888888889 0.0703125 0.07361111111111111
0 0.834375 0.1798611111111111 0.0546875 0.06527777777777778
0 0.712890625 0.30277777777777776 0.18984375 0.15