1 0.383203125 0.27361111111111114 0.03671875 0.17777777777777778
0 0.583203125 0.14305555555555555 0.08671875 0.07777777777777778
0 0.4921875 0.07361111111111111 0.046875 0.05
0 0.36171875 0.034027777777777775 0.0390625 0.04583333333333333
0 0.670703125 0.09930555555555555 0.03671875 0.034722222222222224
0 0.509765625 0.02638888888888889 0.03984375 0.025
0 0.390625 0.03680555555555556 0.021875 0.034722222222222224
1 0.395703125 0.32430555555555557 0.04765625 0.13194444444444445
0 0.2296875 0.022916666666666665 0.0453125 0.03194444444444444
0 0.318359375 0.024305555555555556 0.02890625 0.04583333333333333
0 0.4046875 0.030555555555555555 0.0234375 0.03333333333333333
0 0.46640625 0.03611111111111111 0.015625 0.027777777777777776
0 0.48125 0.034027777777777775 0.01875 0.020833333333333332
0 0.699609375 0.12638888888888888 0.05859375 0.05555555555555555
0 0.855859375 0.3215277777777778 0.02734375 0.09027777777777778