1 0.35078125 0.17708333333333334 0.0234375 0.12361111111111112
1 0.328515625 0.19166666666666668 0.02421875 0.125
0 0.03671875 0.2388888888888889 0.071875 0.12777777777777777
0 0.36484375 0.02638888888888889 0.0421875 0.030555555555555555
0 0.3 0.04236111111111111 0.05625 0.04027777777777778
0 0.161328125 0.8097222222222222 0.32109375 0.38055555555555554
0 0.227734375 0.03819444444444445 0.04453125 0.04027777777777778
0 0.241796875 0.01875 0.03984375 0.029166666666666667
0 0.49453125 0.03888888888888889 0.03125 0.019444444444444445
0 0.721484375 0.11597222222222223 0.03203125 0.04583333333333333
0 0.77890625 0.14583333333333334 0.1375 0.12777777777777777