0 0.255859375 0.33125 0.28046875 0.2263888888888889
0 0.566796875 0.09444444444444444 0.06953125 0.05
0 0.650390625 0.10486111111111111 0.06953125 0.04583333333333333
0 0.515234375 0.07847222222222222 0.05078125 0.04027777777777778
0 0.81953125 0.18055555555555555 0.0953125 0.08611111111111111
0 0.377734375 0.09166666666666666 0.13203125 0.12777777777777777
0 0.473828125 0.02638888888888889 0.03984375 0.044444444444444446
0 0.3265625 0.02013888888888889 0.0390625 0.03194444444444444
0 0.213671875 0.03263888888888889 0.04453125 0.03194444444444444
0 0.278125 0.0375 0.0375 0.03333333333333333
0 0.169921875 0.03333333333333333 0.02890625 0.03333333333333333
0 0.715625 0.11805555555555555 0.0234375 0.041666666666666664
0 0.737890625 0.11388888888888889 0.02421875 0.03611111111111111
0 0.76015625 0.10555555555555556 0.021875 0.03333333333333333
0 0.793359375 0.09305555555555556 0.01796875 0.03333333333333333