0 0.069921875 0.30486111111111114 0.13828125 0.2569444444444444
0 0.369921875 0.2986111111111111 0.22109375 0.18333333333333332
0 0.513671875 0.07291666666666667 0.07578125 0.059722222222222225
0 0.316796875 0.07777777777777778 0.06953125 0.06111111111111111
0 0.823046875 0.28125 0.08828125 0.12083333333333333
0 0.36953125 0.03958333333333333 0.0421875 0.04027777777777778
0 0.772265625 0.16111111111111112 0.07109375 0.06111111111111111
0 0.330859375 0.027083333333333334 0.03984375 0.04027777777777778
0 0.219921875 0.034722222222222224 0.03984375 0.030555555555555555
0 0.2765625 0.03263888888888889 0.0265625 0.03194444444444444
0 0.303515625 0.027777777777777776 0.02265625 0.027777777777777776
0 0.398046875 0.043055555555555555 0.01953125 0.05