0 0.555859375 0.17222222222222222 0.11640625 0.1
0 0.037109375 0.2388888888888889 0.07265625 0.12777777777777777
0 0.48515625 0.03194444444444444 0.0359375 0.025
0 0.3421875 0.04513888888888889 0.053125 0.04027777777777778
0 0.623828125 0.09305555555555556 0.09609375 0.08333333333333333
0 0.16171875 0.8076388888888889 0.321875 0.38472222222222224
0 0.36171875 0.03194444444444444 0.05 0.030555555555555555
0 0.227734375 0.029166666666666667 0.04453125 0.044444444444444446
0 0.275390625 0.027083333333333334 0.02734375 0.0375
0 0.675390625 0.1451388888888889 0.08828125 0.0625
0 0.7296875 0.11597222222222223 0.0296875 0.04583333333333333
0 0.75 0.1125 0.01875 0.03333333333333333
0 0.77890625 0.09652777777777778 0.021875 0.029166666666666667
0 0.791796875 0.2791666666666667 0.13828125 0.17222222222222222
0 0.8515625 0.19791666666666666 0.04375 0.05416666666666667