0 0.559375 0.09236111111111112 0.0671875 0.05138888888888889
0 0.337890625 0.03263888888888889 0.03515625 0.034722222222222224
0 0.6203125 0.2611111111111111 0.20625 0.1388888888888889
0 0.65859375 0.10347222222222222 0.0421875 0.05416666666666667
0 0.36953125 0.03680555555555556 0.028125 0.034722222222222224
0 0.84609375 0.25277777777777777 0.0375 0.1
0 0.40703125 0.02847222222222222 0.0265625 0.03194444444444444
0 0.20859375 0.02638888888888889 0.0359375 0.030555555555555555
0 0.231640625 0.03611111111111111 0.04296875 0.03888888888888889
0 0.472265625 0.03194444444444444 0.02265625 0.03333333333333333
0 0.523046875 0.03263888888888889 0.02265625 0.02361111111111111
0 0.687109375 0.10555555555555556 0.01796875 0.05
0 0.72109375 0.10902777777777778 0.03125 0.04861111111111111
0 0.74453125 0.14722222222222223 0.075 0.058333333333333334
0 0.749609375 0.10694444444444444 0.02578125 0.030555555555555555
0 0.7984375 0.09652777777777778 0.0171875 0.02361111111111111