1 0.288671875 0.21805555555555556 0.03515625 0.13055555555555556
0 0.0859375 0.2875 0.1703125 0.24722222222222223
0 0.591015625 0.09097222222222222 0.06484375 0.05138888888888889
0 0.393359375 0.31527777777777777 0.19921875 0.20555555555555555
0 0.492578125 0.06527777777777778 0.04609375 0.041666666666666664
0 0.405078125 0.04236111111111111 0.03359375 0.04027777777777778
0 0.332421875 0.030555555555555555 0.03671875 0.03888888888888889
0 0.372265625 0.0375 0.03515625 0.03333333333333333
0 0.402734375 0.15138888888888888 0.06484375 0.12222222222222222
0 0.229296875 0.027777777777777776 0.04921875 0.030555555555555555
0 0.685546875 0.17083333333333334 0.04609375 0.08333333333333333
0 0.75078125 0.15347222222222223 0.0375 0.06527777777777778
0 0.83203125 0.19375 0.084375 0.08194444444444444
1 0.487109375 0.8416666666666667 0.10859375 0.31666666666666665