0 0.301953125 0.3020833333333333 0.25234375 0.25416666666666665
0 0.366796875 0.029861111111111113 0.04296875 0.03194444444444444
0 0.594140625 0.14583333333333334 0.04765625 0.075
0 0.033984375 0.23819444444444443 0.06640625 0.12361111111111112
0 0.16015625 0.8111111111111111 0.31875 0.37777777777777777
0 0.66640625 0.10694444444444444 0.0390625 0.041666666666666664
0 0.187890625 0.18263888888888888 0.28828125 0.30972222222222223
0 0.329296875 0.025 0.03828125 0.027777777777777776
0 0.480078125 0.035416666666666666 0.03671875 0.029166666666666667
0 0.72109375 0.1673611111111111 0.0640625 0.09861111111111111
0 0.791015625 0.28125 0.13984375 0.14305555555555555
0 0.859375 0.2652777777777778 0.0140625 0.07777777777777778