1 0.716015625 0.6041666666666666 0.09453125 0.35
0 0.377734375 0.05 0.04921875 0.03888888888888889
0 0.55078125 0.12013888888888889 0.071875 0.07361111111111111
0 0.30859375 0.027083333333333334 0.0421875 0.029166666666666667
0 0.383984375 0.1125 0.07578125 0.08888888888888889
0 0.47265625 0.029166666666666667 0.03125 0.027777777777777776
0 0.194140625 0.08680555555555555 0.05859375 0.043055555555555555
0 0.689453125 0.13402777777777777 0.03984375 0.04861111111111111
0 0.68359375 0.09375 0.028125 0.02638888888888889
0 0.165625 0.03263888888888889 0.01875 0.02638888888888889
0 0.221484375 0.027777777777777776 0.05546875 0.04722222222222222
0 0.684765625 0.11319444444444444 0.07421875 0.05138888888888889
0 0.793359375 0.09513888888888888 0.02890625 0.0375