0 0.578125 0.2 0.1265625 0.1111111111111111
0 0.33984375 0.027083333333333334 0.040625 0.02638888888888889
0 0.58828125 0.11666666666666667 0.1453125 0.14166666666666666
0 0.478515625 0.03194444444444444 0.04296875 0.030555555555555555
0 0.3 0.04375 0.053125 0.04027777777777778
0 0.1625 0.8152777777777778 0.3234375 0.36944444444444446
0 0.80703125 0.21944444444444444 0.1171875 0.13055555555555556
0 0.035546875 0.2361111111111111 0.06953125 0.125
0 0.168359375 0.03333333333333333 0.02734375 0.027777777777777776
0 0.227734375 0.03819444444444445 0.04765625 0.03194444444444444
0 0.72734375 0.16875 0.0734375 0.0763888888888889
0 0.708203125 0.13055555555555556 0.04140625 0.04722222222222222
0 0.705078125 0.10486111111111111 0.02734375 0.034722222222222224
0 0.7328125 0.10833333333333334 0.021875 0.044444444444444446