1 0.7609375 0.5055555555555555 0.071875 0.29444444444444445
0 0.126171875 0.25833333333333336 0.21171875 0.2111111111111111
0 0.593359375 0.09236111111111112 0.06328125 0.10416666666666667
0 0.3546875 0.05416666666666667 0.046875 0.03611111111111111
0 0.211328125 0.035416666666666666 0.04609375 0.034722222222222224
0 0.035546875 0.2375 0.06953125 0.13055555555555556
0 0.162890625 0.8083333333333333 0.32421875 0.38333333333333336
0 0.388671875 0.044444444444444446 0.03671875 0.03333333333333333
0 0.6671875 0.10833333333333334 0.059375 0.05555555555555555
0 0.470703125 0.035416666666666666 0.03359375 0.02361111111111111
0 0.28203125 0.02013888888888889 0.05 0.034722222222222224
0 0.177734375 0.029166666666666667 0.03671875 0.027777777777777776
0 0.332421875 0.025694444444444443 0.03984375 0.04583333333333333
0 0.71953125 0.11458333333333333 0.0390625 0.0625