0 0.3359375 0.03263888888888889 0.03125 0.03194444444444444
0 0.36328125 0.041666666666666664 0.0453125 0.03611111111111111
0 0.267578125 0.08888888888888889 0.07578125 0.06111111111111111
0 0.111328125 0.8166666666666667 0.22109375 0.36666666666666664
0 0.659375 0.11736111111111111 0.065625 0.07361111111111111
0 0.40546875 0.041666666666666664 0.034375 0.03611111111111111
0 0.165625 0.035416666666666666 0.0171875 0.04861111111111111
0 0.207421875 0.02361111111111111 0.05546875 0.044444444444444446
0 0.253125 0.04027777777777778 0.0421875 0.044444444444444446
0 0.376953125 0.03333333333333333 0.02265625 0.03333333333333333
0 0.47109375 0.0625 0.028125 0.03888888888888889
0 0.525 0.06805555555555555 0.0640625 0.06111111111111111
0 0.711328125 0.1125 0.03203125 0.05277777777777778
0 0.75546875 0.11944444444444445 0.0234375 0.03888888888888889
0 0.848828125 0.2423611111111111 0.04609375 0.11805555555555555