0 0.359765625 0.28680555555555554 0.23828125 0.20694444444444443
0 0.528515625 0.10902777777777778 0.07890625 0.07083333333333333
0 0.341015625 0.020833333333333332 0.03984375 0.027777777777777776
0 0.408984375 0.03125 0.02265625 0.029166666666666667
0 0.1953125 0.06527777777777778 0.0609375 0.06111111111111111
0 0.170703125 0.030555555555555555 0.02890625 0.027777777777777776
0 0.234375 0.024305555555555556 0.075 0.04583333333333333
0 0.8046875 0.30625 0.128125 0.14305555555555555
0 0.761328125 0.19791666666666666 0.12421875 0.10972222222222222
0 0.76484375 0.15555555555555556 0.0703125 0.058333333333333334
0 0.801171875 0.15694444444444444 0.04296875 0.04722222222222222