0 0.5125 0.2611111111111111 0.20625 0.15
0 0.826953125 0.22291666666666668 0.08359375 0.10416666666666667
0 0.59375 0.09930555555555555 0.065625 0.05138888888888889
0 0.05859375 0.2951388888888889 0.115625 0.15694444444444444
0 0.206640625 0.08402777777777778 0.05546875 0.05694444444444444
0 0.34453125 0.04861111111111111 0.05 0.041666666666666664
0 0.394921875 0.029166666666666667 0.03984375 0.03333333333333333
0 0.1625 0.8145833333333333 0.3234375 0.37083333333333335
0 0.475 0.03611111111111111 0.0359375 0.022222222222222223
0 0.673046875 0.23333333333333334 0.14140625 0.125
0 0.683203125 0.11458333333333333 0.05546875 0.043055555555555555
0 0.0375 0.20625 0.0703125 0.0625
0 0.176171875 0.0375 0.03984375 0.03611111111111111
0 0.226953125 0.030555555555555555 0.04296875 0.03611111111111111
0 0.28515625 0.029166666666666667 0.0421875 0.05
0 0.326171875 0.027777777777777776 0.03984375 0.03611111111111111