0 0.381640625 0.04375 0.04609375 0.0375
0 0.54921875 0.08055555555555556 0.0546875 0.044444444444444446
0 0.84375 0.3215277777777778 0.0359375 0.12361111111111112
0 0.3265625 0.02638888888888889 0.03125 0.05
0 0.237109375 0.035416666666666666 0.03046875 0.034722222222222224
0 0.412109375 0.04236111111111111 0.03046875 0.034722222222222224
0 0.471875 0.05694444444444444 0.03125 0.05
0 0.5125 0.03680555555555556 0.0234375 0.015277777777777777
0 0.643359375 0.10277777777777777 0.06953125 0.075
0 0.6765625 0.10208333333333333 0.0296875 0.0375
0 0.72265625 0.1125 0.0421875 0.05277777777777778
0 0.75625 0.11388888888888889 0.0234375 0.030555555555555555
0 0.6796875 0.17916666666666667 0.053125 0.08333333333333333
0 0.7796875 0.175 0.09375 0.06666666666666667