1 0.6078125 0.7791666666666667 0.1109375 0.44166666666666665
0 0.224609375 0.2388888888888889 0.19296875 0.1638888888888889
0 0.03671875 0.23819444444444443 0.071875 0.12638888888888888
0 0.336328125 0.029861111111111113 0.03984375 0.04027777777777778
0 0.640625 0.09652777777777778 0.0453125 0.05416666666666667
0 0.474609375 0.03611111111111111 0.03828125 0.025
0 0.163671875 0.8104166666666667 0.32578125 0.37916666666666665
0 0.407421875 0.06041666666666667 0.04453125 0.043055555555555555
0 0.226171875 0.027777777777777776 0.04453125 0.041666666666666664
0 0.28671875 0.029166666666666667 0.0484375 0.05555555555555555
0 0.41328125 0.027083333333333334 0.028125 0.043055555555555555
0 0.725390625 0.1638888888888889 0.08515625 0.07222222222222222
0 0.71640625 0.11875 0.03125 0.043055555555555555
0 0.780078125 0.10069444444444445 0.01796875 0.02361111111111111