1 0.76015625 0.4083333333333333 0.0484375 0.23333333333333334
1 0.626953125 0.35 0.04296875 0.19166666666666668
1 0.54453125 0.3145833333333333 0.0421875 0.20972222222222223
1 0.566796875 0.31805555555555554 0.03203125 0.19166666666666668
0 0.093359375 0.20833333333333334 0.16328125 0.14444444444444443
0 0.18828125 0.5958333333333333 0.3734375 0.5166666666666667
0 0.602734375 0.10486111111111111 0.06953125 0.05138888888888889
0 0.375390625 0.0375 0.03984375 0.027777777777777776
0 0.758984375 0.2298611111111111 0.14765625 0.12361111111111112
0 0.512109375 0.07569444444444444 0.05546875 0.04861111111111111
0 0.768359375 0.15486111111111112 0.08203125 0.0625
1 0.1515625 0.31180555555555556 0.0421875 0.07361111111111111
0 0.15703125 0.83125 0.3125 0.33194444444444443
0 0.29140625 0.034027777777777775 0.0484375 0.034722222222222224