1 0.7171875 0.3854166666666667 0.053125 0.21805555555555556
1 0.256640625 0.14097222222222222 0.02421875 0.09583333333333334
1 0.27578125 0.13541666666666666 0.015625 0.09583333333333334
1 0.29609375 0.13958333333333334 0.0171875 0.0625
0 0.188671875 0.5875 0.37421875 0.5444444444444444
0 0.592578125 0.1451388888888889 0.04921875 0.07083333333333333
0 0.354296875 0.17916666666666667 0.14765625 0.14444444444444443
0 0.760546875 0.16666666666666666 0.04296875 0.06388888888888888
0 0.022265625 0.30416666666666664 0.04296875 0.075
0 0.15859375 0.8340277777777778 0.315625 0.33194444444444443
0 0.31171875 0.03611111111111111 0.0375 0.030555555555555555