1 0.286328125 0.14930555555555555 0.01953125 0.09583333333333334
1 0.243359375 0.13958333333333334 0.01640625 0.09583333333333334
0 0.188671875 0.5944444444444444 0.37421875 0.5222222222222223
0 0.59140625 0.11041666666666666 0.05625 0.07361111111111111
0 0.500390625 0.15069444444444444 0.07578125 0.0875
0 0.375 0.03333333333333333 0.0375 0.030555555555555555
0 0.642578125 0.10625 0.03828125 0.043055555555555555
0 0.756640625 0.1701388888888889 0.04921875 0.07083333333333333
0 0.157421875 0.8326388888888889 0.31328125 0.3347222222222222
1 0.253515625 0.14027777777777778 0.00859375 0.08333333333333333
0 0.7234375 0.12222222222222222 0.0328125 0.04722222222222222