0 0.4609375 0.13819444444444445 0.134375 0.1375
0 0.34609375 0.05694444444444444 0.0546875 0.03888888888888889
0 0.639453125 0.14027777777777778 0.09140625 0.06666666666666667
0 0.405859375 0.05416666666666667 0.03515625 0.03333333333333333
0 0.225 0.04027777777777778 0.046875 0.03611111111111111
0 0.308203125 0.03680555555555556 0.05234375 0.0625
0 0.359375 0.034027777777777775 0.0375 0.03194444444444444
0 0.473046875 0.03680555555555556 0.02421875 0.02361111111111111
0 0.69765625 0.12986111111111112 0.034375 0.05694444444444444
0 0.1875 0.03888888888888889 0.0390625 0.03888888888888889
0 0.27578125 0.021527777777777778 0.0265625 0.04027777777777778