0 0.567578125 0.11041666666666666 0.05546875 0.05416666666666667
0 0.81484375 0.31319444444444444 0.0953125 0.14305555555555555
0 0.369921875 0.04097222222222222 0.02734375 0.03194444444444444
0 0.480078125 0.03680555555555556 0.04296875 0.02638888888888889
0 0.400390625 0.03194444444444444 0.03359375 0.027777777777777776
0 0.611328125 0.09861111111111111 0.04453125 0.04722222222222222
0 0.328125 0.027777777777777776 0.0359375 0.027777777777777776
0 0.858984375 0.1986111111111111 0.02734375 0.04722222222222222
1 0.56484375 0.7631944444444444 0.1328125 0.4736111111111111
0 0.693359375 0.10486111111111111 0.02890625 0.04027777777777778
0 0.701953125 0.13194444444444445 0.03671875 0.05
0 0.300390625 0.04513888888888889 0.05234375 0.04027777777777778
0 0.23203125 0.043055555555555555 0.0375 0.03611111111111111
0 0.190234375 0.034027777777777775 0.04140625 0.03194444444444444