0 0.193359375 0.23402777777777778 0.17890625 0.16527777777777777
0 0.530078125 0.15902777777777777 0.11796875 0.12083333333333333
0 0.099609375 0.46111111111111114 0.19765625 0.37222222222222223
0 0.64765625 0.10486111111111111 0.04375 0.04583333333333333
0 0.340625 0.027777777777777776 0.0453125 0.030555555555555555
0 0.4 0.035416666666666666 0.0296875 0.03194444444444444
0 0.832421875 0.15763888888888888 0.08046875 0.1625
0 0.285546875 0.04375 0.05390625 0.0375
0 0.501953125 0.035416666666666666 0.03671875 0.020833333333333332
0 0.2265625 0.04236111111111111 0.04375 0.0375
0 0.476171875 0.06527777777777778 0.03984375 0.025
0 0.497265625 0.09027777777777778 0.04921875 0.025
0 0.714453125 0.10902777777777778 0.03828125 0.0625
0 0.778125 0.1111111111111111 0.0203125 0.030555555555555555
0 0.177734375 0.03680555555555556 0.04140625 0.02638888888888889