0 0.4625 0.25555555555555554 0.1953125 0.14166666666666666
0 0.61875 0.11388888888888889 0.046875 0.05277777777777778
0 0.3703125 0.05486111111111111 0.0484375 0.0375
0 0.666796875 0.09027777777777778 0.05078125 0.075
0 0.306640625 0.03194444444444444 0.06171875 0.06111111111111111
0 0.4984375 0.03680555555555556 0.028125 0.020833333333333332
0 0.351953125 0.027083333333333334 0.03203125 0.02638888888888889
0 0.45546875 0.16944444444444445 0.128125 0.08333333333333333
0 0.22578125 0.044444444444444446 0.04375 0.03333333333333333
0 0.708984375 0.15763888888888888 0.05078125 0.0625
0 0.702734375 0.11805555555555555 0.03359375 0.044444444444444446