0 0.428125 0.2673611111111111 0.2078125 0.2263888888888889
0 0.54140625 0.12291666666666666 0.0640625 0.06527777777777778
0 0.290234375 0.18125 0.14609375 0.15416666666666667
0 0.63359375 0.11041666666666666 0.0453125 0.05416666666666667
0 0.38203125 0.041666666666666664 0.025 0.027777777777777776
0 0.491796875 0.03611111111111111 0.03046875 0.022222222222222223
0 0.726953125 0.1597222222222222 0.06171875 0.06388888888888888
0 0.8296875 0.1763888888888889 0.0734375 0.06666666666666667
0 0.226953125 0.043055555555555555 0.04453125 0.041666666666666664
0 0.185546875 0.04097222222222222 0.03828125 0.0375
0 0.28203125 0.04236111111111111 0.028125 0.0375
0 0.294921875 0.027777777777777776 0.04140625 0.03611111111111111
0 0.34296875 0.030555555555555555 0.0421875 0.030555555555555555