0 0.626171875 0.12638888888888888 0.07890625 0.06388888888888888
0 0.3703125 0.0375 0.0203125 0.03611111111111111
0 0.602734375 0.10416666666666667 0.04453125 0.03888888888888889
0 0.28671875 0.04583333333333333 0.0375 0.041666666666666664
0 0.796484375 0.17916666666666667 0.08984375 0.08611111111111111
1 0.709375 0.34305555555555556 0.0375 0.1361111111111111
1 0.712109375 0.49930555555555556 0.05703125 0.25972222222222224
1 0.77109375 0.5201388888888889 0.0546875 0.2902777777777778
1 0.820703125 0.4583333333333333 0.04296875 0.23055555555555557
1 0.791015625 0.37083333333333335 0.04453125 0.10277777777777777
0 0.71875 0.12083333333333333 0.0421875 0.06111111111111111