0 0.33515625 0.2875 0.18125 0.21944444444444444
0 0.130078125 0.26666666666666666 0.21171875 0.18611111111111112
0 0.365625 0.05555555555555555 0.046875 0.03611111111111111
0 0.59921875 0.1423611111111111 0.04375 0.06805555555555555
0 0.634765625 0.09305555555555556 0.06015625 0.09722222222222222
0 0.45390625 0.29583333333333334 0.0515625 0.10277777777777777
0 0.833203125 0.25763888888888886 0.06796875 0.10972222222222222
0 0.476171875 0.03958333333333333 0.03671875 0.02638888888888889
0 0.703125 0.14722222222222223 0.053125 0.08055555555555556
0 0.226171875 0.03819444444444445 0.04453125 0.04027777777777778
0 0.278515625 0.02638888888888889 0.02890625 0.041666666666666664
0 0.3109375 0.03888888888888889 0.059375 0.06944444444444445