0 0.30234375 0.1076388888888889 0.084375 0.06805555555555555
0 0.57265625 0.13472222222222222 0.0875 0.058333333333333334
0 0.662109375 0.10694444444444444 0.03984375 0.041666666666666664
0 0.584765625 0.09375 0.06015625 0.04027777777777778
0 0.369921875 0.04027777777777778 0.02734375 0.03333333333333333
0 0.8046875 0.17708333333333334 0.0703125 0.07083333333333333
0 0.717578125 0.12013888888888889 0.03984375 0.04861111111111111
0 0.289453125 0.04236111111111111 0.04609375 0.034722222222222224
0 0.169140625 0.04027777777777778 0.02421875 0.030555555555555555
0 0.347265625 0.025 0.03359375 0.019444444444444445
0 0.477734375 0.03958333333333333 0.02890625 0.029166666666666667
0 0.7625 0.09861111111111111 0.01875 0.027777777777777776