0 0.3890625 0.044444444444444446 0.0421875 0.03888888888888889
0 0.367578125 0.025694444444444443 0.02578125 0.02638888888888889
0 0.843359375 0.1125 0.02109375 0.05555555555555555
0 0.749609375 0.2902777777777778 0.17421875 0.16944444444444445
0 0.228125 0.04375 0.040625 0.03194444444444444
0 0.6921875 0.12777777777777777 0.0375 0.05555555555555555
0 0.275390625 0.034027777777777775 0.01484375 0.02361111111111111
0 0.279296875 0.025694444444444443 0.06953125 0.04861111111111111
0 0.474609375 0.07361111111111111 0.02734375 0.04722222222222222
0 0.4671875 0.04097222222222222 0.021875 0.02638888888888889
0 0.505859375 0.0375 0.02109375 0.019444444444444445