0 0.12734375 0.4013888888888889 0.253125 0.25
0 0.8265625 0.23541666666666666 0.078125 0.12361111111111112
0 0.62421875 0.12638888888888888 0.075 0.1388888888888889
0 0.364453125 0.05277777777777778 0.05078125 0.044444444444444446
0 0.5859375 0.2569444444444444 0.1640625 0.16944444444444445
0 0.22578125 0.04027777777777778 0.0453125 0.041666666666666664
0 0.30703125 0.03680555555555556 0.0578125 0.05416666666666667
0 0.73515625 0.16666666666666666 0.065625 0.09166666666666666
0 0.479296875 0.041666666666666664 0.03359375 0.027777777777777776
0 0.36015625 0.029166666666666667 0.0421875 0.03888888888888889
0 0.18515625 0.04097222222222222 0.0453125 0.0375